1 210
1 248
1 250
1 229
1 259
1 225
1 259
1 221
1 209
1 213
1 200
1 243
1 246
1 257
1 356
1 277
1 272
1 225
1 252
1 377
1 217
1 263
1 237
1 335
1 252
1 420
1 544
1 291
1 280
1 517
1 316
1 255
1 261
1 545
1 398
1 261
1 530
1 219
1 261
1 235
1 395
1 275
1 391
1 319
1 253
1 428
1 260
1 257
1 379
1 298
1 361
1 302
1 302
1 336
1 256
1 384
1 231
1 284
1 273
1 386
1 280
1 239
1 272
1 264
1 423
1 296
1 514
1 514
1 230
1 244
1 274
1 262
1 402
1 420
1 421
1 269
1 362
1 224
1 225
1 241
1 219
1 234
1 223
1 231
1 209
1 221
1 217
1 221
1 224
