1 222
1 259
1 198
1 216
1 197
1 233
1 203
1 233
1 202
1 203
1 228
1 274
1 239
1 241
1 250
1 524
1 320
1 366
1 365
1 466
1 951
1 259
1 465
1 598
1 392
1 670
1 1124
1 384
1 269
1 480
1 231
1 230
1 855
1 412
1 796
1 513
1 401
1 548
1 536
1 222
1 669
1 222
1 244
1 233
1 247
1 245
1 320
1 230
1 281
1 345
1 432
1 230
1 329
1 225
1 265
1 217
1 337
1 206
1 281
1 393
1 349
1 243
1 342
1 250
1 248
1 238
1 247
1 244
1 267
1 208
1 252
1 315
1 235
1 231
1 242
1 218
1 223
1 381
1 235
1 235
1 221
1 206
1 219
1 243
1 199
1 215
1 203
1 197
1 210
