1 136
1 130
1 127
1 124
1 130
1 131
1 146
1 125
1 125
1 122
1 151
1 136
1 133
1 127
1 129
1 132
1 124
1 126
1 139
1 125
1 264
1 123
1 138
1 129
1 149
1 185
1 138
1 138
1 276
1 139
1 234
1 162
1 129
1 152
1 167
1 158
1 159
1 261
1 134
1 168
1 138
1 147
1 141
1 136
1 169
1 150
1 149
1 178
1 184
1 150
1 170
1 251
1 196
1 144
1 301
1 135
1 147
1 128
1 127
1 127
1 141
1 195
1 144
1 157
1 163
1 152
1 188
1 152
1 154
1 150
1 137
1 166
1 128
1 129
1 125
1 264
1 139
1 149
1 186
1 125
1 124
1 134
1 136
1 123
1 124
1 126
1 129
1 122
1 145
