1 195
1 211
1 195
1 196
1 200
1 225
1 216
1 234
1 289
1 196
1 193
1 397
1 227
1 263
1 235
1 220
1 414
1 255
1 210
1 277
1 231
1 220
1 386
1 248
1 279
1 240
1 247
1 404
1 335
1 220
1 203
1 270
1 276
1 394
1 270
1 260
1 253
1 501
1 451
1 225
1 217
1 408
1 238
1 419
1 254
1 289
1 451
1 372
1 265
1 457
1 417
1 309
1 426
1 349
1 381
1 568
1 289
1 249
1 253
1 431
1 409
1 423
1 218
1 401
1 221
1 242
1 297
1 276
1 201
1 318
1 195
1 181
1 176
1 207
1 170
1 190
1 170
1 174
1 165
1 171
1 165
1 185
1 161
1 164
1 186
1 166
1 164
1 165
1 169
