1 181
1 168
1 174
1 171
1 159
1 167
1 183
1 163
1 161
1 166
1 174
1 192
1 184
1 171
1 261
1 208
1 325
1 169
1 173
1 172
1 336
1 307
1 196
1 180
1 231
1 200
1 344
1 197
1 380
1 223
1 197
1 197
1 307
1 219
1 187
1 291
1 235
1 191
1 189
1 224
1 163
1 255
1 192
1 184
1 198
1 186
1 294
1 334
1 217
1 203
1 179
1 224
1 204
1 188
1 183
1 216
1 399
1 407
1 422
1 177
1 221
1 213
1 207
1 164
1 197
1 184
1 168
1 182
1 162
1 299
1 174
1 178
1 319
1 189
1 179
1 165
1 164
1 161
1 193
1 165
1 166
1 166
1 178
1 200
1 164
1 167
1 168
1 169
1 185
