1 218
1 223
1 213
1 199
1 432
1 239
1 332
1 221
1 199
1 255
1 283
1 306
1 307
1 255
1 438
1 257
1 325
1 370
1 600
1 430
1 302
1 457
1 298
1 263
1 525
1 223
1 254
1 419
1 669
1 255
1 240
1 570
1 660
1 626
1 877
1 1058
1 793
1 673
1 525
1 298
1 613
1 779
1 663
1 284
1 296
1 319
1 571
1 501
1 385
1 441
1 285
1 259
1 282
1 422
1 287
1 308
1 260
1 275
1 275
1 538
1 548
1 479
1 273
1 297
1 290
1 412
1 269
1 273
1 271
1 274
1 249
1 317
1 268
1 300
1 480
1 601
1 261
1 399
1 668
1 230
1 229
1 233
1 231
1 228
1 227
1 237
1 253
1 237
1 231
