1 151
1 142
1 143
1 149
1 156
1 142
1 144
1 142
1 143
1 159
1 147
1 145
1 160
1 151
1 152
1 150
1 147
1 191
1 163
1 199
1 144
1 170
1 155
1 168
1 163
1 149
1 148
1 184
1 212
1 198
1 187
1 216
1 184
1 315
1 198
1 343
1 189
1 313
1 328
1 196
1 206
1 161
1 302
1 155
1 264
1 159
1 307
1 181
1 474
1 465
1 170
1 152
1 179
1 206
1 311
1 189
1 226
1 199
1 213
1 170
1 251
1 214
1 358
1 378
1 375
1 186
1 335
1 185
1 220
1 216
1 384
1 140
1 168
1 147
1 171
1 155
1 202
1 183
1 155
1 141
1 141
1 235
1 145
1 141
1 149
1 144
1 145
1 141
1 142
