0 1 301
0 0 307
0 2 463
0 1 44
0 0 52
0 2 218
0 1 42
0 0 45
0 2 220
0 1 40
0 0 42
1 0 136
0 2 307
1 1 330
1 2 353
1 0 57
0 0 57
0 1 57
1 3 243
1 2 398
0 2 407
1 0 109
1 1 329
0 0 100
0 1 98
1 2 343
0 2 320
1 0 53
1 3 231
1 2 234
0 1 41
0 0 45
0 2 218
1 0 86
1 1 218
1 2 266
0 1 41
0 0 42
0 2 216
1 0 85
1 1 261
1 2 266
0 1 40
0 0 47
1 0 37
1 1 271
0 2 419
1 2 419
1 0 38
0 1 45
0 0 50
1 1 220
1 2 290
0 2 333
1 0 49
1 1 227
1 2 220
0 1 47
0 0 49
0 2 217
1 0 43
1 1 222
1 2 223
0 0 45
0 1 42
0 3 224
1 0 49
1 3 219
1 2 220
2 0 41
2 1 44
0 1 42
0 0 45
2 2 408
1 0 38
0 2 411
1 3 218
1 1 225
2 1 40
2 0 45
2 3 214
1 0 54
0 0 53
0 1 62
1 1 231
1 2 428
0 2 429
2 1 45
2 0 46
1 0 42
1 1 219
0 1 40
0 0 43
2 2 427
1 2 438
0 2 381
2 1 42
2 0 44
1 0 51
1 1 217
2 2 416
1 2 417
0 1 37
0 0 42
0 2 217
1 0 35
2 0 47
2 1 41
1 3 306
1 2 457
2 2 389
0 1 37
0 0 46
0 2 216
1 0 35
2 1 41
2 0 42
1 1 295
1 2 367
2 2 295
0 1 44
0 0 50
1 0 37
1 1 225
2 1 39
2 0 41
0 2 365
1 2 368
2 3 223
1 0 37
0 1 36
0 0 39
1 3 217
1 2 289
2 1 39
2 0 42
0 2 402
2 2 326
1 0 39
1 1 284
3 1 232
0 1 42
0 0 45
1 2 396
2 1 44
2 0 50
3 0 401
3 2 477
0 2 423
2 2 632
1 0 46
1 3 218
3 1 219
3 0 225
2 1 40
2 0 44
0 1 39
0 0 43
3 2 475
1 2 490
1 0 174
2 2 647
0 2 652
3 1 226
1 3 318
3 3 404
2 0 39
2 1 43
1 2 656
3 2 519
0 1 122
0 0 122
2 2 381
1 0 45
3 1 363
3 3 219
1 1 225
0 2 659
2 1 41
2 0 42
3 2 711
1 2 584
0 0 44
0 1 48
2 2 342
1 0 38
0 2 260
3 1 231
1 3 404
1 1 418
3 3 408
3 0 428
2 0 87
0 1 89
2 1 96
0 0 93
1 0 64
3 1 227
1 1 410
3 0 411
0 2 701
2 2 701
2 0 48
2 1 50
1 2 788
3 2 773
2 3 373
1 0 56
0 0 61
0 1 54
3 1 400
3 0 537
1 1 397
3 2 711
1 2 612
0 2 603
2 0 55
2 1 64
1 0 38
3 1 227
3 0 349
1 1 340
0 1 44
0 0 42
2 2 572
3 2 610
1 2 618
0 2 504
2 1 82
2 0 88
1 0 53
3 1 254
4 0 48
3 0 461
1 1 477
4 3 219
3 2 671
0 1 52
0 0 55
2 2 696
4 1 372
1 2 694
3 0 235
3 2 252
0 3 508
2 1 80
1 0 111
2 0 95
4 0 107
3 1 610
4 3 233
1 2 250
1 1 268
4 2 450
2 3 574
3 0 252
3 3 252
3 2 300
0 1 197
0 0 208
1 0 111
1 3 633
0 2 808
1 2 724
4 0 105
4 1 506
4 2 289
2 1 125
2 0 142
0 0 132
0 1 136
1 0 110
4 0 108
3 1 394
3 0 423
1 3 389
4 2 401
3 3 501
4 1 458
2 2 544
0 2 641
1 2 622
2 0 71
4 0 98
2 1 89
0 1 72
0 0 75
4 1 255
4 2 305
1 0 52
3 3 229
4 0 41
3 1 335
1 1 289
2 2 629
4 2 274
4 1 279
0 2 699
3 2 675
1 2 671
2 0 42
2 1 45
1 0 96
0 0 102
0 1 97
4 0 94
3 3 263
3 1 461
4 2 457
1 1 458
4 1 452
2 2 730
3 2 707
4 0 40
0 2 783
2 0 49
2 1 52
1 2 833
4 2 225
1 0 177
4 3 404
0 0 97
0 1 102
3 0 280
2 2 595
1 3 532
4 0 43
3 3 438
4 2 226
5 0 41
4 1 245
1 2 855
2 1 42
2 0 49
5 1 241
0 2 818
3 2 881
4 0 54
1 0 274
0 1 81
0 0 88
1 3 234
4 2 238
4 1 247
5 2 907
5 0 44
3 3 222
3 1 235
2 2 941
2 0 44
2 1 46
5 1 225
4 0 40
4 1 225
4 2 228
1 2 1000
0 2 1224
1 0 41
0 1 41
0 0 43
5 2 942
4 0 41
5 0 43
3 2 1253
2 2 950
1 1 345
4 2 257
2 1 50
2 0 55
3 1 238
4 1 620
5 1 618
4 0 71
3 0 480
5 2 906
4 2 227
4 1 281
1 2 1139
0 2 1092
5 0 51
2 2 950
1 0 78
0 0 101
0 1 108
2 0 72
2 1 60
5 1 347
1 3 232
4 0 51
3 2 1291
4 1 223
4 2 223
3 3 245
3 0 248
3 1 245
0 2 889
1 2 951
2 2 883
5 2 1124
4 0 59
5 0 155
2 1 72
0 0 69
2 0 103
0 1 85
4 2 320
4 1 328
5 3 317
1 0 49
3 1 231
4 0 57
1 3 423
3 3 420
5 2 783
4 1 222
4 2 226
2 2 829
5 0 52
2 1 48
2 0 53
0 2 960
5 1 314
1 2 1080
0 0 52
0 1 56
4 0 54
3 2 1134
4 2 235
4 1 242
1 0 42
5 2 865
3 1 229
5 0 34
1 1 382
2 2 1062
4 0 43
3 0 579
2 1 58
2 0 59
4 2 320
0 2 1075
5 1 589
0 0 66
0 1 76
4 1 501
1 2 1118
1 0 48
4 0 46
3 2 1187
5 2 952
5 0 45
4 2 308
3 1 307
1 1 608
2 2 1128
4 1 645
2 0 53
2 1 54
0 2 1083
4 0 40
3 0 783
0 0 51
0 1 58
4 2 333
5 1 944
1 2 1122
3 2 998
4 1 497
5 2 1171
3 0 241
5 0 54
3 3 254
4 0 42
4 2 278
5 3 335
4 1 311
2 2 1109
0 2 840
2 0 41
2 1 42
0 1 58
0 0 56
3 2 809
5 2 760
0 3 241
4 0 70
2 2 529
5 0 43
4 2 465
4 1 463
3 2 305
3 1 368
3 0 381
5 3 235
2 1 40
2 0 44
5 2 353
4 0 38
2 2 254
4 1 222
4 3 224
3 1 228
3 0 241
5 0 49
3 2 251
5 1 253
5 2 258
4 0 49
2 1 44
2 0 48
4 3 227
4 2 261
5 0 52
3 1 268
3 0 318
2 2 444
4 0 54
5 1 319
3 2 527
4 2 226
5 2 454
4 3 229
2 1 151
2 0 155
5 0 59
4 0 48
3 0 382
3 3 422
4 2 228
5 3 347
4 1 288
3 2 607
2 2 679
5 2 582
4 0 58
5 0 53
2 1 54
2 0 57
3 0 300
3 1 319
3 3 321
5 1 309
4 3 328
4 2 332
5 2 378
2 2 545
4 0 57
5 0 57
4 3 229
3 1 250
3 2 389
2 1 44
2 0 48
5 2 474
3 0 630
4 1 623
5 1 617
2 2 316
5 0 49
4 0 46
5 3 322
3 2 328
3 1 536
4 2 534
2 1 41
2 0 50
5 1 726
2 2 222
3 0 748
4 1 747
4 0 48
5 0 51
4 1 234
3 3 319
3 2 353
4 2 427
3 1 421
5 3 320
5 2 424
4 0 59
2 1 47
2 0 49
5 0 38
4 3 319
2 3 398
4 1 447
3 1 303
3 2 440
5 2 439
4 0 35
3 0 532
5 1 531
4 2 221
4 1 273
2 1 58
5 0 53
2 0 66
3 3 223
3 0 415
5 1 539
4 0 55
3 2 676
2 2 720
5 2 719
4 3 257
4 2 279
5 0 36
2 0 51
2 1 53
3 1 219
5 3 334
4 0 37
5 2 521
3 3 445
4 1 222
3 2 555
4 3 328
2 2 502
5 0 84
4 0 42
5 1 376
5 2 413
2 1 41
2 0 48
4 2 227
3 0 264
3 3 417
4 3 417
3 2 458
5 0 36
2 2 459
5 1 228
5 2 283
4 0 40
4 1 278
4 2 332
3 3 230
3 2 240
3 1 335
5 0 39
4 0 42
5 2 220
5 1 286
4 2 233
4 1 377
3 1 235
3 3 252
3 0 303
5 0 38
4 0 39
5 2 228
4 2 221
5 1 350
4 1 348
3 1 221
3 2 220
3 0 222
5 0 46
4 0 42
4 3 214
5 2 220
5 1 436
4 1 450
3 3 215
3 2 222
3 0 280
5 0 35
4 0 43
5 3 214
5 2 225
4 2 224
4 1 226
3 1 309
3 3 309
3 2 311
5 0 56
5 1 234
5 2 232
5 0 43
3 3 216
3 1 228
3 2 297
5 1 224
5 2 293
5 0 43
5 2 223
5 1 222
5 0 44
5 1 305
5 2 304
5 0 36
5 1 223
5 2 223
5 0 37
5 1 216
5 2 217
5 0 36
5 2 218
5 1 218
5 0 33
5 2 350
5 3 351
5 0 34
5 3 214
5 2 214
5 0 32
5 2 217
5 3 214
5 0 41
5 2 221
5 3 215
5 0 139
5 2 309
5 1 289
5 0 38
5 2 219
5 1 221
5 0 40
5 2 226
5 1 226
