0 0 345
0 2 860
0 1 869
0 0 103
0 2 646
0 3 665
1 2 601
1 3 612
1 1 635
0 0 115
0 3 780
0 2 806
1 2 595
1 3 634
1 1 643
0 0 170
0 2 805
0 3 881
1 2 636
1 0 800
1 3 763
0 0 225
0 2 767
0 3 773
1 0 700
1 1 779
1 3 786
0 0 221
0 1 797
0 3 815
1 2 588
1 3 694
1 0 696
0 0 260
0 1 729
0 2 812
0 0 115
1 2 689
1 3 713
0 1 585
1 1 1121
0 2 907
0 0 335
2 0 264
1 2 666
0 2 1865
1 0 1861
1 1 1864
0 1 2093
0 0 105
2 2 2239
2 1 2276
2 0 104
1 2 821
1 0 973
0 3 971
2 3 919
1 1 1900
0 2 1815
2 2 1877
1 3 695
0 0 111
1 0 780
1 1 990
2 0 114
0 1 746
2 3 723
0 2 1422
0 0 100
1 2 1102
1 3 1139
2 2 1985
0 1 1122
1 1 2263
2 0 159
0 2 2204
2 3 1179
0 0 251
1 2 574
2 2 1989
0 1 1173
1 0 1109
2 0 92
0 2 1703
1 1 1705
0 0 111
2 3 1169
1 2 574
1 3 880
2 2 1540
0 2 1286
0 1 1267
1 0 1098
0 0 1201
2 0 102
0 3 1861
0 1 2256
1 2 665
2 2 1190
1 1 1072
0 0 91
2 1 1640
1 0 1650
2 0 110
0 1 1086
1 2 570
0 2 1419
2 3 1367
0 0 142
1 3 1158
0 1 585
2 2 1915
1 1 1709
0 2 1066
2 0 297
0 0 162
1 3 594
5 2 1112
1 2 926
5 0 2345
2 1 1960
2 2 1948
0 1 1812
0 2 1830
1 1 1610
2 0 111
0 0 139
2 3 698
0 1 788
1 2 568
1 0 675
2 2 1680
0 2 1589
0 0 94
1 1 1442
2 0 110
0 3 889
2 1 604
1 2 570
1 3 768
0 2 1627
2 2 1596
1 1 1571
0 0 247
2 0 133
1 2 647
0 2 1586
2 1 1587
0 1 1759
2 2 1665
0 0 124
2 0 114
1 0 1489
1 1 1686
0 3 661
2 1 897
1 2 571
1 0 739
0 2 1740
2 2 1736
1 1 1491
2 0 104
0 0 122
1 2 685
2 3 1239
0 1 608
1 3 1103
2 2 1650
1 1 1602
0 2 1490
2 0 215
0 0 117
0 3 728
2 2 1038
1 2 575
1 1 824
2 1 1738
0 1 1674
2 0 91
1 0 1772
0 0 116
2 2 1268
1 3 820
2 1 1577
2 0 106
1 1 1817
1 0 1953
0 2 1612
0 1 1744
0 0 100
2 2 1268
2 1 1426
2 0 146
1 2 726
1 3 767
0 1 1293
2 1 883
0 2 1769
1 1 1647
0 0 202
2 2 1611
2 0 174
0 1 939
2 1 739
1 2 583
1 3 604
0 2 1467
0 0 112
0 3 594
2 2 1692
1 1 1829
2 0 91
0 2 1625
2 3 693
2 2 1319
1 2 648
1 3 674
0 0 107
1 1 1282
2 0 99
0 1 766
0 2 1336
2 1 775
0 0 92
1 2 704
1 3 727
0 1 593
2 2 1652
2 0 86
2 1 673
1 1 1841
0 2 1678
0 0 198
2 2 1439
0 1 770
2 0 131
1 2 654
1 3 975
2 3 885
0 2 1718
0 0 89
1 1 1820
2 2 1697
0 3 658
0 2 1078
2 0 119
1 2 875
0 0 97
1 0 1353
1 1 1640
2 1 1325
2 2 1525
0 1 978
2 0 293
1 2 889
1 3 1064
0 2 1755
0 0 95
2 1 1134
1 1 1778
2 3 1219
0 1 749
0 2 786
0 0 185
2 0 209
1 2 675
2 3 633
1 0 1250
0 1 1173
2 2 1738
0 2 1869
1 1 1873
0 0 115
1 2 768
2 0 202
2 1 655
1 3 1360
0 3 1337
1 1 1577
0 2 1733
2 2 1436
2 0 694
0 0 121
2 3 1197
1 2 647
1 0 1126
0 1 1107
2 2 2205
1 1 1736
0 2 1618
0 0 113
2 0 104
1 2 776
2 1 605
1 3 1280
0 3 1196
1 1 1664
0 2 1754
2 2 1520
2 0 92
0 0 102
1 2 689
2 3 1320
2 2 1628
1 3 1663
1 1 1757
0 3 1518
0 2 1556
2 0 526
0 0 106
1 2 595
0 2 626
2 3 1548
1 3 1137
2 1 1997
1 0 1670
0 1 1624
2 0 102
2 3 929
2 2 935
1 2 573
1 1 836
1 3 817
2 0 96
2 1 915
2 2 930
1 2 572
2 0 88
1 0 1157
1 1 1169
2 1 783
2 2 1047
1 2 569
1 3 594
2 0 82
1 1 1160
2 1 576
2 2 753
2 0 91
2 1 607
1 2 568
1 3 598
2 2 1137
1 1 1135
2 0 100
2 2 593
2 1 697
2 0 98
1 2 676
1 3 711
2 2 589
1 0 1127
2 1 894
2 0 88
2 3 575
2 2 580
2 0 98
2 1 569
2 2 575
2 0 100
2 3 575
2 2 579
