0 0 301
0 2 480
0 1 484
0 0 130
0 2 298
0 3 240
0 0 42
0 2 222
0 3 217
0 0 46
0 3 218
0 2 221
0 0 48
0 2 221
0 3 218
1 3 230
1 1 233
1 2 247
0 0 71
0 1 247
0 3 276
1 2 216
1 1 228
1 3 226
0 0 62
0 1 238
0 2 246
1 2 323
1 3 328
1 0 328
0 0 39
0 1 220
0 2 230
1 3 249
1 1 270
1 0 270
0 0 80
0 2 237
1 3 229
1 2 243
1 0 441
0 1 462
1 2 222
1 3 227
0 0 40
1 1 244
0 3 238
0 2 250
1 0 217
1 1 223
1 2 216
0 0 40
0 2 218
0 1 220
2 0 54
1 2 219
2 1 402
2 2 403
1 0 420
1 1 421
0 0 54
0 2 259
0 1 279
2 0 49
1 0 266
1 1 335
1 3 382
2 3 377
2 2 416
0 0 42
2 0 44
0 1 347
1 2 222
0 2 535
1 3 411
2 3 406
1 1 525
2 2 520
0 0 44
1 2 217
2 0 42
1 0 340
1 1 390
0 1 342
2 3 226
0 2 478
2 2 413
1 2 215
1 3 218
1 0 221
0 0 67
2 0 76
0 1 232
2 2 235
0 3 426
2 3 442
1 2 243
1 1 246
1 0 246
2 0 39
0 0 40
2 1 320
2 2 325
0 1 321
0 2 324
1 3 366
1 1 369
1 2 233
2 0 42
2 3 218
2 2 228
0 0 47
0 1 238
0 2 330
1 2 216
1 3 227
1 1 323
2 0 39
2 2 223
2 1 224
0 0 55
1 2 364
1 0 502
1 1 513
0 1 382
0 2 383
2 0 42
2 3 259
2 2 275
1 2 224
1 3 269
1 1 285
0 0 46
0 1 221
0 2 227
2 0 41
1 2 218
2 2 504
2 1 511
3 1 60
3 0 73
1 0 521
0 0 62
1 1 541
3 2 226
0 3 224
0 2 251
2 0 51
1 2 226
3 1 56
3 0 64
4 1 66
4 2 67
4 0 81
1 0 430
1 1 439
2 1 431
3 2 270
2 2 441
0 0 54
3 1 105
2 0 134
3 0 129
1 3 256
4 2 131
4 1 141
4 0 137
0 1 350
1 2 341
2 1 339
3 2 331
0 2 588
1 1 608
2 2 558
4 0 47
4 1 47
4 2 51
3 1 77
0 0 326
2 0 75
3 0 94
1 0 241
0 3 618
1 2 423
2 3 408
3 2 415
4 1 50
4 2 59
4 0 63
0 2 843
1 1 665
2 2 650
3 0 64
3 1 80
0 0 60
1 3 247
1 1 414
1 0 418
3 2 340
2 0 94
4 0 77
4 2 85
4 1 99
0 1 506
0 2 559
2 2 410
2 1 422
3 1 49
3 0 50
1 3 221
1 1 228
4 1 55
4 0 59
4 2 56
1 2 389
2 0 65
3 2 397
0 0 71
0 3 230
2 2 238
0 1 440
2 1 638
4 0 104
4 2 93
3 1 95
3 0 101
4 1 101
1 1 246
1 3 247
2 0 41
1 2 452
3 2 447
0 0 73
5 2 503
4 1 83
3 1 82
4 0 97
2 1 605
4 2 99
3 0 110
5 1 698
2 2 739
0 1 637
5 0 791
1 3 228
0 2 770
3 2 454
2 0 46
1 2 485
4 1 49
5 0 292
4 2 50
4 0 51
1 1 603
5 2 352
0 0 49
2 1 487
5 1 687
3 0 73
3 1 74
0 1 435
2 2 743
4 2 53
4 0 54
4 1 53
3 2 461
0 2 788
1 3 429
5 3 428
2 0 46
1 2 559
5 2 558
3 1 45
3 0 51
2 1 221
1 1 685
5 1 699
0 0 53
3 2 240
2 2 640
0 1 372
4 1 81
4 0 76
4 2 73
0 2 538
2 0 59
3 1 50
3 0 55
1 3 410
1 2 427
5 3 429
5 2 486
4 0 48
4 2 49
4 1 57
1 1 582
5 1 579
3 2 350
2 3 391
2 2 447
0 0 54
0 3 364
3 1 45
3 0 49
0 2 470
4 2 68
4 1 73
4 0 75
2 0 75
1 2 428
5 2 422
1 0 528
5 0 539
2 1 426
1 1 781
0 0 42
3 3 1067
5 1 1156
2 2 995
4 0 105
4 2 95
4 1 120
0 1 488
2 0 50
3 0 49
3 1 52
1 3 383
2 1 230
1 2 400
5 3 377
4 0 46
4 1 47
4 2 51
5 2 473
0 2 950
3 2 366
1 1 701
5 1 694
0 0 42
0 1 342
2 2 949
3 1 88
3 0 117
4 2 95
4 0 106
2 0 83
4 1 114
0 2 606
1 0 366
5 0 355
1 1 489
5 3 438
2 3 440
2 2 446
1 2 559
3 2 578
5 2 548
4 1 125
4 0 111
3 1 114
0 0 297
3 0 116
4 2 142
2 0 46
0 1 424
1 3 357
2 1 260
5 3 355
3 2 580
1 2 603
4 2 48
4 1 52
4 0 50
0 2 783
5 2 536
1 1 688
2 2 668
5 1 739
3 1 47
3 0 50
0 0 50
2 0 55
3 2 412
4 1 68
4 0 78
4 2 76
1 0 340
0 3 362
1 2 375
2 1 326
1 1 526
5 2 279
0 2 553
2 3 489
3 0 63
3 1 64
5 3 430
5 1 447
4 0 124
4 1 125
4 2 129
0 0 89
3 2 515
1 3 255
0 1 268
1 2 328
2 0 57
3 1 43
3 0 50
5 2 218
1 1 628
0 2 578
2 3 402
5 3 404
4 2 48
4 0 50
4 1 55
2 2 876
1 3 216
1 2 219
0 0 43
5 1 949
3 3 886
0 1 223
4 0 84
2 0 90
4 2 65
4 1 92
2 1 249
1 1 729
3 0 49
3 1 52
5 3 355
0 2 822
5 2 430
3 2 446
2 2 742
5 1 647
4 0 85
4 1 85
4 2 85
0 0 51
1 3 227
1 2 228
1 0 311
2 0 50
3 1 70
3 0 69
2 3 237
0 2 376
0 1 380
5 0 297
4 0 55
4 1 44
4 2 51
2 2 614
3 2 545
5 2 551
5 1 609
1 3 219
1 2 246
1 1 285
3 1 89
3 0 101
0 0 96
2 0 71
5 3 336
4 2 71
4 1 81
2 1 246
4 0 96
5 2 390
3 2 367
0 3 351
5 1 493
0 2 757
1 2 219
1 0 226
2 2 771
3 1 87
3 0 87
4 2 74
4 0 87
4 1 81
5 0 266
1 1 518
2 0 58
0 0 53
5 2 433
3 2 450
2 3 229
0 1 222
5 1 576
4 1 71
4 0 75
4 2 78
3 0 70
3 1 73
2 2 731
0 2 755
1 3 479
5 3 468
2 0 47
5 1 607
1 1 629
5 2 624
1 2 632
3 2 615
2 1 233
0 0 78
2 3 297
4 2 67
4 1 67
4 0 69
0 2 389
3 1 79
3 0 79
0 3 444
1 3 231
5 0 233
4 0 62
4 2 55
3 2 491
4 1 76
2 0 52
1 1 463
5 1 479
1 2 554
5 2 546
2 3 226
3 1 47
3 0 56
0 0 64
2 2 457
3 2 517
4 0 66
4 2 74
4 1 77
1 0 245
0 2 475
5 1 471
5 2 473
0 3 553
5 3 555
1 2 367
1 3 462
2 0 90
3 1 83
3 0 99
2 1 397
2 2 403
3 2 379
4 2 77
4 1 80
4 0 113
0 0 81
5 2 219
0 1 417
0 2 434
5 0 414
3 0 47
5 1 431
3 1 45
2 0 37
3 2 224
4 2 43
4 1 52
4 0 54
2 1 218
2 2 221
5 2 215
5 3 216
5 1 216
3 1 48
3 0 49
4 1 52
4 2 51
4 0 52
3 2 216
2 0 48
5 2 222
2 1 432
2 2 432
5 1 434
5 0 437
4 2 41
4 1 41
4 0 41
3 1 36
3 0 39
3 2 248
5 3 362
5 1 365
5 2 396
2 0 45
4 0 53
4 1 54
4 2 54
2 1 227
2 2 231
3 0 45
3 1 46
5 0 217
5 1 218
3 2 330
5 2 329
4 2 38
4 0 42
4 1 53
2 0 47
2 2 216
2 1 216
3 1 47
3 0 50
5 0 218
5 1 218
3 2 515
5 2 513
4 2 45
4 0 48
4 1 49
2 0 37
3 0 65
3 1 62
2 1 248
5 3 227
2 2 367
4 0 55
4 1 53
4 2 48
5 1 371
5 2 416
3 2 415
3 0 44
3 1 50
2 0 73
4 2 70
4 1 70
4 0 74
5 3 424
5 1 443
5 2 487
3 2 493
2 3 275
2 2 296
3 1 51
3 0 54
5 1 224
5 0 226
5 3 229
4 2 42
4 0 52
4 1 60
3 2 218
2 0 55
2 1 229
2 2 228
3 1 48
3 0 53
5 1 226
5 0 227
5 2 370
3 2 375
2 0 44
2 3 265
2 2 291
5 2 218
5 3 272
5 1 296
3 0 53
3 1 62
3 2 214
5 2 215
5 0 219
5 1 223
3 1 41
3 0 42
3 2 222
5 2 215
5 0 228
5 1 220
3 1 38
3 0 40
3 2 215
5 2 215
5 3 221
5 1 223
3 1 40
3 0 42
3 2 220
5 2 216
5 3 219
5 1 223
3 0 40
3 1 45
3 3 215
5 3 225
5 1 228
5 2 217
5 3 221
5 0 223
5 1 223
5 2 217
5 3 221
5 1 227
5 2 214
5 0 220
5 1 220
5 2 214
5 3 218
5 0 220
5 3 224
5 1 224
5 2 216
5 2 215
5 1 217
5 3 217
5 1 222
5 3 224
5 2 214
