0 0 277
0 1 357
0 2 368
0 0 26
0 2 83
0 3 124
0 0 18
0 2 78
0 3 82
0 0 20
0 3 77
0 2 81
0 0 17
0 3 76
0 2 81
1 3 84
1 1 87
1 2 153
0 0 36
0 1 97
0 3 98
1 1 84
1 2 80
1 3 86
2 0 24
2 1 79
2 2 83
0 0 29
0 1 80
0 2 80
1 3 82
1 0 83
1 2 84
2 0 24
2 2 78
2 3 79
0 0 32
1 1 87
1 0 91
1 3 91
0 2 141
0 1 147
2 0 91
2 3 143
2 2 145
1 0 80
1 2 81
1 3 82
0 0 19
0 2 77
0 1 76
3 0 24
3 1 37
3 2 78
2 0 21
2 3 75
2 2 76
1 3 80
1 2 79
1 1 79
0 0 20
0 2 75
0 3 79
3 1 21
3 0 22
3 2 75
2 0 20
2 3 78
2 2 83
1 0 81
1 1 83
1 2 79
3 0 21
3 1 21
3 2 75
0 0 20
0 1 78
0 2 77
2 0 25
1 2 77
1 0 119
1 1 122
2 1 124
2 2 129
3 1 17
3 0 19
3 2 77
0 0 20
0 1 80
0 2 79
1 3 78
1 0 78
1 1 78
2 0 23
2 3 78
2 2 82
3 1 19
3 0 20
3 2 75
1 2 76
1 1 79
1 3 79
0 0 27
0 2 76
0 1 79
2 0 24
3 1 19
3 0 22
2 1 81
2 2 77
3 2 77
1 2 75
1 0 77
1 1 78
3 1 21
3 0 22
3 2 78
2 0 17
0 0 30
2 3 79
2 2 112
0 1 86
0 2 117
4 2 23
4 0 25
4 1 37
1 3 75
1 2 75
1 0 76
3 1 19
3 0 21
3 2 75
2 0 22
2 1 81
2 2 78
0 0 22
0 3 76
0 1 78
4 1 26
4 2 22
4 0 27
3 1 27
3 0 32
1 2 75
1 1 78
1 0 82
3 2 104
4 0 21
4 2 23
4 1 20
2 0 20
2 1 79
2 2 78
0 0 19
0 1 77
0 2 78
3 1 20
3 0 19
3 2 113
1 3 77
1 1 78
1 2 111
4 2 18
4 0 23
4 1 22
2 0 20
2 1 76
2 2 76
3 1 17
3 0 23
3 2 75
0 0 23
1 2 76
4 1 34
4 2 32
1 3 82
4 0 35
0 1 82
1 1 122
0 2 127
2 0 19
2 3 111
3 1 29
3 0 34
2 2 121
4 1 31
4 2 42
4 0 49
3 3 90
1 2 74
1 1 74
1 0 76
0 0 18
0 1 78
0 2 78
4 1 20
4 2 18
4 0 21
3 1 17
3 0 18
3 2 74
2 0 17
2 2 76
2 1 74
1 2 76
1 1 76
1 3 81
4 2 19
4 0 23
4 1 23
0 0 20
0 1 76
0 2 78
3 1 17
3 0 22
3 2 76
2 0 17
2 2 79
2 1 85
1 2 172
1 0 185
1 1 184
4 0 36
4 2 34
4 1 44
5 1 83
5 0 85
5 2 89
3 1 22
3 0 23
3 2 78
0 0 16
0 3 75
0 2 74
4 2 41
4 1 50
5 2 99
5 0 107
5 1 117
4 0 84
2 0 44
1 2 105
1 0 124
1 1 118
2 1 157
2 2 162
3 1 19
3 0 20
3 2 75
4 0 26
4 1 26
4 2 31
5 2 75
5 3 77
5 1 82
0 0 22
0 1 75
0 2 76
1 3 76
1 1 76
1 2 74
2 0 19
2 2 117
2 1 118
3 1 18
3 0 18
3 2 80
4 2 17
4 1 19
4 0 20
5 3 73
5 2 75
5 1 75
1 1 74
1 2 74
1 0 76
0 0 18
0 3 75
0 2 79
2 0 16
3 1 23
3 0 26
2 1 81
2 2 93
4 2 19
4 1 20
4 0 21
3 3 95
5 1 74
5 2 74
5 0 74
1 0 75
1 1 75
1 3 75
4 2 17
4 1 19
4 0 19
3 1 16
3 0 19
3 2 74
2 0 25
5 2 92
5 3 98
0 0 49
0 1 91
2 3 151
5 1 172
2 2 196
0 2 172
4 0 18
4 1 18
4 2 16
3 1 21
3 0 22
1 1 83
1 3 105
5 0 77
1 2 137
3 2 142
5 3 104
5 2 167
2 0 22
2 1 76
2 2 77
0 0 18
0 1 74
0 3 74
4 2 20
4 0 20
4 1 21
3 1 20
3 0 22
1 1 135
1 3 138
5 1 139
5 3 138
1 2 234
5 2 243
3 2 233
4 2 17
4 0 18
4 1 19
2 0 17
2 2 75
2 1 75
0 0 18
0 1 77
5 3 75
5 2 76
0 2 115
3 1 19
3 0 21
5 1 119
3 2 97
1 3 75
1 1 75
1 2 100
4 2 15
4 0 21
4 1 20
2 0 17
5 2 79
2 3 124
2 2 136
5 3 126
5 1 133
3 1 23
3 0 26
3 2 76
0 0 25
1 3 74
1 2 77
4 0 31
4 1 26
4 2 29
0 1 81
1 1 123
0 2 131
5 3 79
5 2 76
5 1 85
2 0 18
3 1 21
3 0 27
2 1 78
2 2 78
4 2 19
4 1 19
4 0 21
3 2 75
1 3 75
1 2 76
1 1 77
0 0 20
0 2 75
0 1 78
5 0 75
5 2 73
5 1 75
4 1 19
4 0 20
4 2 22
3 1 18
3 0 21
3 2 78
2 0 21
2 3 79
2 1 82
1 2 75
1 0 79
1 1 80
5 1 76
5 2 75
5 3 78
4 2 19
4 1 20
4 0 21
0 0 20
0 3 75
0 2 76
3 1 19
3 0 21
3 2 76
2 0 20
2 3 81
2 2 87
1 2 76
1 3 88
1 1 101
5 2 76
5 0 79
5 1 86
4 2 20
4 0 21
4 1 22
3 0 20
3 1 20
3 2 78
0 0 20
0 1 75
0 2 81
4 2 27
4 1 28
4 0 31
5 3 85
5 2 90
5 1 101
2 0 26
1 2 93
1 0 129
2 1 130
1 1 158
2 2 139
3 0 22
3 1 22
3 2 75
4 2 21
4 1 24
4 0 26
5 2 75
5 1 79
5 0 79
0 0 19
0 1 79
0 2 87
1 3 78
1 2 75
1 1 84
2 0 17
2 2 78
2 3 82
3 1 17
3 0 18
3 2 75
4 2 34
4 0 39
4 1 43
5 3 76
5 1 78
5 2 79
1 2 74
1 0 76
1 1 76
0 0 21
0 1 81
0 2 81
2 0 18
3 1 20
3 0 22
2 2 80
2 1 89
4 0 19
4 1 20
4 2 20
3 2 77
5 2 75
5 1 75
5 0 75
1 3 83
1 1 83
1 2 80
4 2 23
4 0 25
4 1 26
3 1 17
3 0 21
3 2 74
2 0 19
0 0 23
5 2 78
2 3 137
2 2 161
5 3 143
5 1 206
0 2 199
0 3 206
4 1 19
4 2 19
4 0 20
1 2 74
1 1 77
1 3 78
3 1 31
3 0 33
3 2 87
5 2 77
5 1 78
5 0 80
2 0 17
2 3 75
2 1 76
0 0 20
4 2 23
4 0 24
4 1 23
0 2 82
0 1 81
3 1 20
3 0 25
1 0 83
1 3 94
5 1 82
1 2 132
5 3 107
3 2 172
5 2 168
4 2 16
4 1 17
4 0 20
2 0 16
2 3 74
2 2 75
0 0 18
0 2 76
0 1 77
3 1 33
3 0 34
5 1 89
5 0 90
5 2 137
1 1 80
1 3 81
3 2 165
1 2 141
4 2 16
4 1 17
4 0 18
2 0 16
2 1 75
2 2 75
5 1 74
5 0 74
5 2 74
3 1 16
3 0 18
3 2 74
0 0 23
4 0 20
4 1 20
4 2 22
1 2 82
1 0 114
1 1 121
0 1 116
0 2 122
5 3 74
5 2 73
5 1 75
3 0 36
4 2 33
2 0 145
4 0 38
4 1 44
3 1 45
2 1 177
2 2 187
3 2 84
1 3 73
1 1 74
1 2 75
0 0 16
0 2 74
0 3 76
5 3 75
5 1 75
5 2 77
4 2 16
4 1 17
4 0 17
3 1 16
3 0 18
2 0 16
3 2 83
2 1 74
2 2 75
1 1 75
1 3 76
1 2 77
5 3 74
5 0 74
5 1 74
4 1 18
4 2 20
4 0 22
0 0 16
0 1 77
0 2 75
3 1 17
3 0 18
3 2 77
2 0 19
2 2 74
2 1 79
1 2 74
1 3 78
1 0 84
5 0 77
5 2 75
5 1 80
4 0 25
4 1 27
4 2 27
3 1 15
3 0 17
3 2 75
0 0 20
0 3 74
0 2 77
4 2 19
4 1 20
4 0 19
5 2 74
2 0 22
5 3 79
5 1 97
2 1 76
2 2 96
3 0 19
3 1 19
3 3 73
4 0 16
4 1 18
4 2 20
5 1 74
5 0 75
5 2 77
0 0 17
0 2 74
0 3 77
2 0 19
2 2 74
2 1 76
4 2 16
4 0 18
4 1 22
5 2 73
5 1 75
5 0 75
0 0 16
0 2 76
0 1 75
2 0 18
2 3 75
2 2 75
5 3 73
5 2 73
5 1 74
2 0 20
2 1 86
5 2 80
5 3 84
2 2 138
5 1 139
5 2 73
5 3 77
5 1 77
2 0 15
2 3 74
2 2 74
5 3 73
5 1 74
5 0 75
5 2 74
5 3 74
5 1 75
5 0 75
5 1 75
5 2 72
5 3 74
5 2 74
5 0 74
5 2 72
5 3 74
5 1 75
5 1 76
5 3 75
5 2 77
5 2 75
5 3 77
5 1 80
