0 0 319
0 1 560
0 2 562
0 0 59
0 2 293
0 3 305
0 0 62
0 3 359
0 2 385
1 2 323
1 3 473
1 1 490
0 0 93
1 2 307
1 1 537
1 3 538
0 3 542
0 2 519
1 2 315
1 0 322
0 0 72
1 3 356
0 2 313
0 3 354
1 0 391
1 3 395
1 1 375
0 0 132
0 3 372
0 1 461
1 0 306
1 3 319
1 2 333
0 0 89
0 1 383
0 2 409
1 3 310
1 2 317
1 1 401
0 0 66
1 2 295
0 2 489
0 1 490
1 1 499
1 0 505
0 0 165
1 2 394
1 1 568
1 0 589
0 2 585
0 1 594
2 0 218
0 0 97
1 3 513
2 1 767
1 0 650
0 3 453
1 1 746
2 2 800
2 0 71
0 2 1080
2 3 387
1 2 438
1 3 496
0 0 60
2 2 836
1 1 746
0 1 345
2 0 81
0 2 552
2 3 466
2 2 638
1 2 295
1 0 319
0 0 63
1 1 609
0 1 363
2 0 55
0 2 603
1 2 303
1 0 304
2 2 422
2 3 494
1 3 494
0 0 63
2 0 60
0 1 294
0 2 527
2 3 428
1 0 297
1 2 311
2 2 728
1 1 528
0 0 53
2 0 64
1 3 296
1 2 307
0 1 618
2 1 473
0 2 770
2 2 742
1 1 741
3 1 266
3 0 298
0 0 112
2 0 120
3 2 495
0 1 316
2 2 329
0 3 773
2 3 800
3 0 99
3 1 91
1 1 508
1 2 510
1 3 725
3 2 395
0 0 75
2 0 69
3 1 59
3 0 71
4 2 72
4 0 76
4 1 78
0 1 722
0 2 839
2 1 770
3 2 497
2 2 871
1 2 465
1 0 735
1 1 738
2 0 199
3 0 211
3 1 205
0 0 225
4 0 194
4 1 203
4 2 199
0 1 362
3 2 440
2 3 493
1 2 413
1 3 441
2 2 953
0 2 942
4 1 95
4 0 113
3 0 107
4 2 112
3 1 126
1 1 885
0 0 67
3 2 311
2 0 64
4 0 69
4 2 76
4 1 83
0 1 580
0 2 581
3 0 65
3 1 65
1 2 415
2 2 748
2 1 750
1 0 623
1 1 613
3 2 690
4 0 124
0 0 152
2 0 149
4 1 127
4 2 119
3 0 63
3 1 65
5 2 645
5 1 936
5 0 999
3 2 753
1 2 911
4 0 109
4 1 93
4 2 95
3 0 65
3 1 67
0 2 1124
2 2 1185
2 1 1222
1 0 1241
2 0 57
0 1 1362
5 2 674
1 1 1604
3 2 641
4 2 108
4 0 132
4 1 113
0 0 149
5 0 967
3 0 67
3 1 63
2 1 661
0 3 443
5 1 1131
4 2 65
4 1 66
4 0 68
1 3 490
1 2 511
5 3 349
3 2 622
2 2 1210
5 2 641
2 0 70
3 1 69
3 0 69
0 2 1316
1 1 1168
4 1 84
4 0 85
4 2 94
2 3 299
3 2 307
5 1 993
2 2 710
0 0 63
3 1 172
4 2 175
4 0 187
3 0 205
4 1 190
1 2 683
2 0 58
5 3 482
1 0 787
0 1 836
4 0 67
4 2 66
4 1 69
3 2 826
0 2 1012
1 1 992
5 2 786
2 1 408
3 1 81
3 0 83
0 0 90
4 0 71
4 2 75
4 1 73
5 1 1451
1 0 625
1 3 872
0 3 575
2 2 1533
2 0 63
5 2 317
4 0 69
4 1 73
4 2 77
5 0 410
1 1 1404
2 1 515
0 2 1728
3 3 1521
4 2 82
4 1 105
4 0 112
1 2 299
1 3 328
0 0 62
5 1 1439
2 2 1249
3 1 79
3 0 85
2 0 81
0 1 506
4 2 93
4 0 87
4 1 95
5 3 308
2 1 374
3 2 512
5 2 494
1 1 1110
3 1 63
3 0 63
0 2 1243
4 0 70
4 1 72
4 2 73
5 1 1063
3 2 300
0 0 92
2 2 1097
2 0 62
1 2 449
0 1 549
3 1 78
3 0 87
4 0 80
1 1 638
4 2 113
4 1 111
0 3 774
2 2 625
1 3 802
2 1 749
3 2 478
5 3 448
5 0 488
5 2 487
0 0 206
3 0 204
4 1 213
3 1 218
2 0 217
4 2 233
4 0 216
1 3 485
4 2 69
0 1 788
2 1 771
4 0 87
4 1 88
3 2 802
5 3 303
1 2 809
3 0 56
3 1 65
0 2 1177
2 2 1161
5 2 619
1 1 1178
3 2 591
0 0 302
4 0 133
2 0 169
4 2 137
4 1 145
5 1 1159
0 1 485
2 3 327
3 0 76
3 1 72
1 3 449
1 2 459
4 1 65
4 2 71
4 0 72
5 2 307
5 3 298
0 2 1405
2 2 1251
0 0 56
3 3 1238
0 1 448
4 1 241
4 0 245
4 2 253
2 0 70
1 1 1550
2 1 307
3 1 55
5 1 1358
3 0 57
0 2 1019
4 2 104
4 0 111
4 1 108
3 2 494
0 0 83
2 2 982
2 0 58
1 2 612
3 1 134
3 0 149
4 1 130
4 0 128
4 2 139
1 3 803
2 1 327
5 2 573
0 3 748
5 3 691
3 2 475
1 1 1172
4 2 68
4 0 73
4 1 86
0 2 1205
3 0 85
3 1 88
5 1 1175
2 2 1071
3 2 488
2 0 258
2 3 482
4 0 126
0 0 122
4 2 138
4 1 146
1 2 550
3 0 70
1 0 617
3 1 72
5 3 308
0 1 439
2 2 896
1 1 1027
5 2 799
3 2 702
4 2 95
4 1 98
4 0 118
3 0 76
3 1 76
2 0 89
0 2 1131
1 3 483
5 1 1354
0 0 117
4 2 111
4 0 127
4 1 131
2 1 563
1 2 664
3 2 680
0 1 414
3 1 67
3 0 70
1 1 1138
2 2 1260
5 0 451
4 0 115
4 1 120
4 2 122
2 0 64
0 2 1036
0 0 65
5 1 811
2 3 324
2 1 505
4 1 78
4 2 89
4 0 96
3 2 1192
0 2 748
5 2 1442
0 1 801
1 1 688
3 0 102
3 1 109
1 0 761
2 0 61
1 2 886
4 1 274
4 0 270
0 0 73
3 2 903
5 1 859
5 2 874
5 3 871
4 1 127
4 0 131
4 2 155
3 1 136
3 0 143
2 3 1000
2 2 1004
1 2 855
3 2 384
1 1 1053
1 3 1077
0 3 1082
0 2 1081
4 0 119
4 1 121
4 2 175
2 0 150
5 2 349
3 1 122
3 0 129
5 0 464
5 1 641
0 0 72
4 1 70
4 0 80
4 2 82
3 2 701
2 1 866
5 3 327
2 2 934
3 1 63
3 0 69
2 0 62
1 0 861
1 2 872
0 1 826
4 2 75
4 0 85
4 1 82
5 2 882
2 3 298
3 2 674
0 2 1216
1 1 1309
3 1 58
3 0 62
5 1 1258
0 0 70
2 2 1157
3 2 657
0 1 566
1 3 570
4 2 132
4 0 139
4 1 146
1 2 679
3 0 73
3 1 74
0 2 1110
4 0 112
2 0 95
4 2 119
4 1 120
1 1 1185
5 0 566
0 0 72
3 2 694
5 2 701
3 0 255
3 1 255
2 1 782
4 2 97
4 1 90
4 0 92
5 1 1178
0 1 700
2 2 1068
1 3 555
3 2 716
2 0 55
0 2 1128
4 1 110
4 0 283
1 2 843
4 2 303
3 0 293
3 1 291
0 0 100
5 3 758
5 2 800
3 2 575
2 3 753
1 1 1388
0 3 486
4 1 67
4 0 75
4 2 73
5 1 1161
2 2 1058
3 1 69
3 0 73
0 2 759
3 2 555
2 0 71
1 3 359
0 0 229
3 0 76
3 1 76
1 2 738
5 1 610
2 3 506
1 0 806
5 2 657
0 2 567
3 2 464
5 0 1039
2 1 1050
0 1 983
3 1 85
3 0 107
0 0 73
1 1 652
1 3 671
2 0 58
1 2 773
5 2 862
3 2 844
5 1 912
5 3 931
3 0 86
3 1 94
0 3 788
0 2 859
2 3 794
1 0 459
2 2 946
3 2 737
5 0 318
1 2 802
1 1 875
3 1 105
3 0 117
0 0 116
2 0 61
5 2 813
5 1 860
2 1 303
0 3 588
1 3 564
3 2 853
3 1 45
3 0 59
5 3 411
1 2 761
0 2 1065
1 1 1016
5 2 709
2 2 1199
3 2 605
0 0 59
5 1 943
2 0 67
3 1 171
3 0 178
0 1 661
1 3 402
2 1 724
5 0 490
0 2 1010
2 2 964
1 2 828
2 0 59
3 2 877
5 2 752
1 1 1012
3 1 46
3 0 48
2 1 286
5 1 940
1 3 290
2 2 886
5 0 583
5 2 589
3 3 866
1 2 500
2 0 53
1 0 548
5 1 775
2 1 332
5 3 288
5 2 289
2 2 507
5 1 430
2 0 52
5 2 292
5 3 294
2 1 295
5 1 569
2 2 563
2 0 44
5 3 286
5 0 417
5 1 422
2 1 420
2 2 422
5 0 285
5 1 286
5 2 286
2 0 47
2 3 283
2 2 286
5 1 288
5 3 286
5 2 288
2 0 43
5 2 286
2 1 515
2 2 520
5 0 506
5 1 519
2 0 46
5 0 286
5 2 287
2 3 286
5 1 507
2 2 508
5 3 286
5 2 290
5 1 303
5 2 285
5 3 290
5 1 293
5 2 289
5 3 296
5 1 308
5 0 288
5 3 293
5 1 296
5 3 294
5 2 285
5 1 297
5 2 284
5 0 285
5 1 294
5 2 284
5 0 287
5 3 292
5 2 283
5 3 293
5 1 299
5 2 312
5 3 324
5 1 330
5 2 290
5 3 291
5 1 296
