0 0 313
0 2 419
0 1 422
0 0 34
0 2 156
0 3 167
1 1 255
1 2 254
1 3 255
0 0 40
1 2 203
1 3 219
1 1 227
0 2 229
0 3 233
1 3 151
1 2 151
1 0 153
0 0 73
0 2 185
0 3 188
1 3 151
1 1 151
1 0 162
0 0 33
0 3 146
0 2 148
1 3 147
1 0 148
1 2 148
2 0 30
2 1 147
2 2 150
0 0 126
0 1 149
0 3 181
1 2 151
1 1 153
1 3 188
2 0 32
2 3 148
2 2 148
0 0 41
1 2 148
0 1 182
0 2 287
1 0 292
1 1 295
2 0 31
2 2 147
2 3 154
1 1 149
1 0 150
1 2 146
0 0 26
0 2 145
0 1 146
2 0 24
2 3 145
2 2 146
1 0 151
1 1 147
1 3 149
0 0 28
0 1 145
0 2 147
2 0 24
2 3 145
2 2 145
1 3 245
1 1 246
1 2 245
0 0 23
0 3 143
0 2 144
2 0 30
1 2 144
2 2 245
2 1 254
1 1 249
1 0 249
0 0 25
0 2 146
0 1 147
2 0 26
1 2 144
1 0 146
2 2 146
1 3 263
2 3 266
0 0 23
1 2 149
2 0 30
1 0 261
1 1 261
0 2 271
0 1 280
2 1 289
2 2 291
1 2 219
1 1 225
1 3 225
2 0 35
0 0 47
0 1 147
2 3 153
2 2 288
0 2 283
1 2 144
1 3 145
1 1 147
2 0 24
0 0 26
2 2 160
2 1 168
0 2 164
0 1 169
3 1 32
3 0 31
3 2 154
1 0 144
1 1 146
1 2 189
2 0 25
2 2 145
2 1 146
0 0 26
3 0 31
3 1 35
0 3 144
0 1 144
3 2 146
4 0 33
4 1 35
4 2 53
1 2 256
1 3 257
1 1 259
2 0 26
2 1 147
2 2 148
3 0 33
3 1 29
4 0 35
4 2 31
4 1 40
3 2 155
0 0 25
1 2 144
0 1 222
0 2 225
1 0 223
1 1 228
4 0 26
4 1 26
4 2 29
3 0 33
3 1 46
2 0 32
3 2 148
2 3 146
2 2 149
0 0 27
1 2 144
1 0 182
1 1 187
0 1 185
0 2 188
4 2 27
4 0 27
4 1 30
3 1 26
3 0 26
3 2 145
2 0 24
2 1 144
2 2 145
1 1 144
1 3 146
1 2 146
4 2 34
4 0 39
4 1 34
0 0 22
3 1 30
3 0 32
0 2 143
0 1 144
3 2 144
2 0 22
4 0 30
4 1 43
4 2 40
2 2 302
2 1 307
1 2 145
1 1 190
1 0 191
3 1 27
3 0 27
3 2 149
0 0 24
0 2 148
0 1 153
4 2 27
4 1 34
4 0 34
2 0 25
2 2 159
2 1 166
1 3 145
1 1 164
1 0 165
3 1 28
3 0 29
3 2 144
4 0 25
4 2 30
4 1 31
0 0 24
0 3 144
0 2 147
2 0 129
3 1 36
3 0 39
2 1 245
4 0 39
4 2 38
4 1 40
1 3 149
2 2 349
1 1 256
1 2 284
3 2 280
0 0 24
4 2 25
4 0 26
4 1 25
3 1 74
3 0 78
2 0 71
0 1 212
0 2 234
1 3 148
2 1 210
3 2 299
1 2 264
2 2 319
1 1 313
4 2 25
4 1 29
4 0 30
3 1 26
3 0 27
3 2 151
2 0 33
0 0 36
1 2 149
1 3 265
1 1 325
2 3 290
2 2 416
0 2 415
0 3 425
4 0 35
4 2 36
4 1 43
3 1 34
3 0 33
5 0 269
5 2 269
5 1 381
3 3 299
1 3 144
1 2 147
2 0 27
4 2 42
4 0 45
4 1 47
0 0 50
1 1 331
2 1 217
2 2 347
0 1 226
5 2 145
5 0 183
0 2 330
3 0 26
3 1 24
5 1 283
3 2 146
4 2 28
4 0 29
4 1 30
1 2 146
1 1 144
1 3 145
2 0 28
2 1 152
5 3 147
5 2 145
0 0 25
2 2 282
5 1 291
3 0 39
3 1 36
0 3 144
0 1 150
4 1 39
4 0 40
4 2 46
3 2 283
1 2 145
1 0 150
1 1 153
5 3 143
5 2 146
5 1 149
2 0 25
2 3 146
2 2 146
3 0 29
3 1 31
4 0 31
4 1 32
4 2 32
3 2 147
0 0 26
0 1 144
0 2 147
1 3 149
5 0 148
1 1 285
1 2 285
5 1 287
5 2 287
4 1 47
4 0 95
2 0 46
4 2 56
3 1 48
3 0 57
3 2 149
2 1 156
2 2 161
0 0 27
5 3 187
5 2 224
5 1 275
1 2 187
4 0 31
4 2 35
4 1 35
0 1 271
1 0 276
1 1 334
0 2 345
3 0 30
3 1 29
3 2 148
2 0 30
5 2 145
2 1 278
2 3 277
5 0 347
5 3 346
4 0 121
4 2 121
4 1 130
0 0 57
1 2 167
1 3 203
1 1 253
3 1 40
3 0 47
0 1 206
0 2 382
2 0 29
3 3 399
5 2 160
4 1 44
4 0 44
4 2 57
5 3 237
2 3 240
5 1 328
2 2 364
1 0 151
1 1 150
1 2 157
3 0 48
3 1 43
3 2 307
0 0 43
4 2 40
4 0 47
4 1 59
5 2 308
2 0 31
5 3 452
0 3 293
5 1 493
2 1 152
0 2 347
2 2 335
3 0 48
3 1 53
1 3 210
1 1 216
1 2 222
5 3 230
4 0 43
4 1 41
4 2 46
3 2 334
5 1 264
5 2 367
0 0 39
0 2 147
0 1 147
2 0 31
3 0 36
3 1 39
2 2 247
2 3 257
4 2 41
4 1 45
4 0 46
1 1 486
1 3 478
5 1 473
5 3 483
1 2 571
3 2 583
5 2 577
0 0 37
4 0 74
4 2 85
3 1 77
3 0 85
4 1 101
2 0 97
0 2 309
1 3 162
0 1 325
5 1 366
2 2 360
5 2 439
3 2 414
1 2 414
5 0 505
2 1 485
1 0 479
4 0 33
4 1 46
4 2 53
5 3 147
3 0 31
5 1 150
3 1 33
5 2 170
0 0 93
2 0 92
3 2 329
0 1 209
1 2 257
1 3 333
2 3 316
4 1 41
4 0 44
4 2 39
1 1 509
0 2 526
2 2 531
5 0 153
5 2 150
5 1 208
3 1 31
3 0 34
3 2 147
2 0 40
4 2 62
0 0 52
4 1 64
4 0 77
1 2 169
2 3 276
1 1 297
1 0 337
2 1 348
5 2 147
0 3 342
0 2 366
5 3 231
5 1 253
3 1 43
3 0 67
3 2 156
4 2 35
4 0 37
4 1 37
1 3 148
1 2 146
1 1 146
2 0 103
5 2 221
2 3 220
0 0 35
5 0 236
3 1 33
3 0 35
0 1 179
2 2 443
5 1 450
3 2 160
0 2 330
4 2 41
4 1 39
4 0 43
2 0 33
1 2 285
5 3 290
1 3 292
5 2 292
5 1 324
1 1 328
2 1 210
3 0 116
3 1 57
2 2 278
4 0 67
4 1 83
4 2 71
0 0 45
3 2 156
0 1 150
0 2 166
1 3 149
5 1 156
5 2 285
5 0 286
1 0 285
1 2 288
4 2 33
4 0 35
4 1 35
3 0 121
3 1 121
2 0 44
3 2 229
2 2 156
2 1 155
0 0 34
5 3 146
5 2 154
5 1 175
0 1 149
0 2 181
4 0 34
4 2 33
4 1 37
3 1 29
3 0 29
3 2 159
2 0 29
5 2 149
2 1 226
2 2 235
5 0 230
5 1 232
4 2 27
4 0 34
4 1 28
0 0 27
0 2 147
0 3 148
3 1 30
3 0 32
3 2 144
2 0 28
5 2 195
5 3 203
5 1 232
4 0 35
4 1 42
4 2 38
2 1 154
2 2 183
3 0 28
3 1 28
3 2 221
0 0 30
4 0 33
4 1 35
4 2 36
5 2 164
5 0 291
0 1 287
5 1 296
0 2 294
2 0 30
2 1 147
2 2 153
3 0 40
3 1 34
5 1 149
5 0 147
4 0 31
4 1 31
4 2 34
3 2 265
5 2 269
0 0 28
0 3 144
0 2 145
2 0 28
3 1 35
3 0 45
2 1 224
4 2 101
4 0 104
2 2 266
4 1 108
5 3 210
5 1 263
3 2 335
5 2 341
0 0 27
4 2 33
4 0 33
4 1 42
3 0 49
3 1 43
2 0 54
5 2 297
3 2 228
0 3 398
0 2 399
5 1 425
5 3 429
2 2 327
2 3 325
4 0 39
4 2 38
4 1 41
3 0 37
3 1 36
5 3 153
5 0 154
5 1 155
3 2 146
0 0 84
2 0 32
0 2 296
0 1 302
2 2 251
2 1 253
4 1 29
4 0 30
4 2 31
3 0 32
3 1 34
5 0 200
5 1 201
5 2 220
3 2 168
2 0 27
2 3 144
2 2 146
5 2 143
5 3 146
5 1 147
3 1 30
3 0 33
3 2 148
5 2 145
5 1 148
5 0 148
3 1 26
3 0 28
3 2 144
5 0 144
5 2 145
5 1 146
3 0 29
3 1 28
3 2 147
5 3 145
5 2 145
5 1 148
3 0 30
3 1 32
3 3 145
5 2 144
5 1 144
5 3 145
5 2 160
5 1 173
5 3 174
5 3 147
5 0 154
5 1 155
5 2 146
5 3 147
5 1 148
5 1 147
5 2 147
5 0 148
5 0 149
5 2 145
5 3 150
5 1 145
5 3 146
5 2 147
5 2 145
5 1 146
5 3 147
5 2 144
5 3 147
5 1 147
