0 0 362
0 1 923
0 2 948
0 0 115
0 2 732
0 3 735
0 0 106
0 3 678
0 2 681
0 0 123
0 3 688
0 2 716
0 0 139
0 3 686
0 2 654
0 0 107
0 3 704
0 1 708
1 2 948
1 3 978
1 1 994
0 0 373
0 1 860
0 2 1122
0 0 232
1 2 987
1 3 1038
0 1 791
1 1 1611
0 2 1441
0 0 302
2 0 148
1 2 646
1 3 698
0 2 1535
2 2 1398
0 1 1695
0 0 130
2 1 2037
2 0 105
1 0 1921
0 3 944
0 2 1291
0 0 126
2 2 1847
2 3 1867
1 0 1027
1 3 2810
3 1 908
2 0 129
0 1 2739
1 1 3335
2 3 680
0 2 3550
0 0 137
2 2 1470
1 2 684
1 3 713
0 2 1069
1 0 1396
2 0 222
0 1 1476
0 0 124
2 3 778
2 2 1280
0 1 784
1 2 655
1 3 678
2 0 96
0 2 1682
0 0 119
1 1 1792
2 3 778
0 1 644
2 2 1794
1 0 650
0 2 1641
1 2 682
0 0 101
1 1 1388
2 0 104
4 0 2
0 3 1402
1 2 1293
0 1 2113
2 2 1969
1 1 1802
2 1 2383
1 0 2171
2 0 743
0 0 205
5 2 696
2 3 1607
1 3 1366
2 2 2485
5 0 2237
1 1 2001
0 2 1980
0 1 2000
1 0 2026
0 0 141
2 0 112
1 2 641
0 1 1366
1 3 674
0 2 1707
2 1 1000
0 0 95
0 1 649
1 1 1903
2 2 2022
2 0 101
0 2 1606
2 3 858
0 0 114
1 2 758
1 0 1256
2 2 1863
0 1 1135
1 1 1777
0 2 1586
2 0 210
0 0 117
1 2 729
2 2 1329
1 3 1328
2 1 1413
0 3 1241
1 0 1415
0 2 1246
2 0 116
0 0 123
2 2 1229
2 1 1243
2 0 94
1 2 727
1 0 1938
1 1 1952
0 1 1943
0 2 1969
2 1 1680
0 0 117
2 2 1887
2 0 1359
1 2 1980
1 3 2898
0 3 2900
1 1 3200
0 2 3175
2 3 3047
2 2 3158
0 0 120
2 0 124
1 2 644
1 3 714
0 1 1198
2 1 1196
1 1 1916
0 2 1967
2 2 1968
0 0 222
2 0 108
0 3 897
1 2 648
2 2 1274
1 1 1138
0 1 1909
2 1 1912
1 0 1835
2 0 118
0 0 117
1 2 734
1 3 788
2 1 1253
0 1 1125
2 2 1880
2 0 100
1 1 2108
0 2 2043
0 0 113
2 1 1098
2 2 1498
1 2 646
2 0 103
0 1 1551
0 2 1785
1 0 1677
0 0 102
1 1 2041
2 1 1630
2 2 1951
1 2 644
0 1 1516
2 0 113
1 0 1235
0 2 1914
2 3 798
0 0 100
1 1 2036
0 3 777
2 2 1962
1 2 797
1 3 897
0 2 1806
2 0 108
1 1 1632
0 0 100
2 1 917
2 2 1243
2 0 106
1 2 734
0 1 1665
0 2 1840
1 0 1671
0 0 106
1 1 2003
2 1 1740
2 2 1928
2 0 113
1 3 910
0 1 1482
1 0 1317
2 3 790
0 2 1955
0 0 100
1 1 1943
2 2 1821
0 1 766
0 2 1471
2 0 119
1 2 786
1 3 846
0 0 118
2 1 781
0 3 710
1 1 1697
2 2 1717
0 2 1654
2 0 120
1 2 646
1 1 840
2 1 899
0 0 126
1 3 1373
2 3 1446
0 2 665
0 1 708
0 0 123
2 0 119
0 1 807
1 2 642
1 3 1372
2 3 1368
0 2 1873
0 0 94
1 1 1954
2 2 1968
0 1 786
0 2 1136
2 0 138
0 0 114
1 2 731
2 1 774
1 3 1187
0 3 1093
1 1 1955
2 2 1953
0 2 1770
2 0 109
0 0 111
2 3 1192
2 2 1293
1 2 762
0 1 787
1 3 1019
2 0 106
1 1 1691
0 2 1790
2 1 752
0 0 120
2 2 1574
0 3 738
2 0 106
1 2 776
1 0 793
2 3 653
0 2 1950
1 1 2025
2 2 1855
0 0 109
1 2 784
2 0 96
1 1 1381
1 3 1564
0 2 1318
2 1 776
0 3 1629
2 3 1460
0 0 114
1 2 794
1 0 984
2 0 100
1 1 1061
0 1 922
1 2 652
2 3 1076
1 3 988
0 2 1897
2 2 1879
1 1 1605
2 0 105
1 2 644
2 1 1135
2 2 1187
1 0 1174
1 1 1312
2 0 262
2 1 815
1 3 678
1 2 656
2 2 1337
1 1 1212
2 0 111
2 1 786
2 2 853
2 0 199
1 2 721
1 3 747
2 1 743
1 1 1241
2 2 1163
2 0 104
2 2 768
1 2 641
1 3 657
2 1 1151
2 0 120
1 0 1179
2 2 841
2 1 938
2 0 106
1 2 724
1 3 1359
2 3 1356
1 1 1401
2 2 1388
2 0 120
1 2 635
2 1 1284
1 0 1284
1 1 1319
2 2 1322
2 0 131
1 2 643
1 1 1315
2 2 1306
2 3 1312
1 3 1322
1 2 637
1 3 660
1 1 661
1 2 636
1 0 666
1 3 660
