0 0 353
0 2 923
0 1 936
0 0 118
0 2 742
0 3 753
0 0 117
0 3 647
0 2 648
0 0 144
1 2 936
1 3 985
1 1 1002
0 3 1201
0 2 1277
1 2 786
1 3 843
1 1 929
0 0 117
0 2 778
0 3 831
1 2 821
1 0 851
1 3 903
0 0 329
0 1 835
0 3 841
1 1 906
1 3 1044
1 0 1141
2 0 297
0 0 230
2 1 2130
0 2 2353
2 2 2368
0 1 2470
2 0 182
0 0 136
2 3 818
0 1 771
2 2 1381
0 2 1362
0 0 288
2 0 143
0 1 915
0 2 1034
0 0 128
2 3 1134
2 2 1430
0 3 972
0 2 1102
2 0 266
0 0 306
2 3 942
0 1 819
2 2 1262
3 1 143
3 0 209
0 2 1347
0 0 129
3 2 1054
2 0 113
3 1 116
3 0 138
0 1 877
2 3 689
3 2 658
0 2 1300
2 2 1449
3 0 347
3 1 362
0 0 192
3 2 3040
4 0 1150
0 1 2927
0 2 2955
2 0 355
3 1 333
3 0 340
0 0 165
3 2 810
3 1 118
3 0 125
2 1 1441
2 2 1488
0 1 1271
0 2 1318
3 2 771
2 0 237
0 0 308
3 1 126
3 0 134
2 2 940
0 1 833
3 2 646
2 3 1462
3 1 187
3 0 206
0 3 1444
3 2 739
3 1 342
2 0 160
3 0 166
0 0 119
3 2 657
3 1 114
3 0 117
2 2 1283
2 1 1307
0 2 1280
0 1 1312
3 2 788
2 0 143
0 0 143
3 0 127
3 1 138
2 3 797
0 1 799
3 2 639
3 0 117
3 1 107
2 2 1458
0 2 1452
0 0 128
3 2 773
3 1 265
3 0 274
2 0 132
0 1 929
0 2 1067
0 0 107
2 1 1137
0 1 842
3 3 1971
2 2 2082
0 2 1612
2 0 133
0 0 133
3 0 134
3 1 131
2 1 801
0 3 783
3 2 641
2 2 1438
3 0 129
3 1 154
0 2 1455
2 0 277
3 2 858
2 2 978
2 1 983
3 1 151
3 0 153
0 0 309
2 0 144
3 2 800
0 1 816
2 3 818
3 1 123
3 0 153
0 2 1496
2 2 1345
3 2 930
0 0 423
3 1 126
3 0 137
0 2 1162
0 3 1175
2 0 121
3 2 991
3 1 128
3 0 138
2 1 876
0 0 111
2 2 1249
2 0 114
0 1 991
3 3 1965
2 1 872
0 2 1988
2 2 1594
0 0 463
3 1 333
3 0 351
2 0 167
0 3 980
3 2 792
2 2 672
3 1 116
3 0 118
0 1 1449
2 1 1262
3 2 759
2 0 124
3 1 300
3 0 302
0 0 121
2 2 1025
3 2 800
2 1 1232
3 1 280
3 0 283
2 0 130
0 2 1235
0 1 1250
3 2 889
0 0 120
3 0 118
3 1 125
2 2 1367
2 1 1397
3 2 775
2 0 141
0 1 1087
3 1 130
0 2 1397
3 0 118
0 0 118
2 3 825
3 2 800
2 2 1428
3 1 138
0 1 826
3 0 152
0 2 1093
3 2 994
0 0 153
2 0 165
3 1 171
3 0 172
0 3 1136
2 1 673
3 2 648
0 2 1558
3 1 226
3 0 243
2 2 1189
2 0 116
3 2 739
0 0 289
3 1 132
3 0 125
2 1 1177
2 2 1177
3 2 639
2 0 113
0 1 1199
3 1 123
3 0 126
0 2 1405
2 3 952
0 0 118
3 2 809
3 1 114
3 0 112
2 2 1400
0 1 850
0 2 1096
3 2 823
0 0 263
3 1 312
3 0 334
2 0 129
3 2 792
3 0 126
3 1 124
0 1 1332
0 2 1360
2 1 1235
0 0 116
2 2 1350
3 2 942
2 0 121
3 0 145
3 1 156
0 2 925
0 3 1128
2 1 824
3 2 788
2 3 1140
3 0 136
3 1 129
0 0 114
3 2 1198
2 0 261
3 1 155
3 0 161
0 1 811
2 3 791
3 2 654
0 2 1205
3 0 148
3 1 129
0 0 137
2 2 1419
3 2 779
0 1 805
0 2 902
3 0 432
3 1 455
0 0 131
2 0 134
3 2 933
3 0 119
3 1 123
0 2 1293
0 1 1307
2 1 1316
2 2 1294
3 2 641
3 0 194
0 0 197
2 0 170
3 1 216
3 2 650
3 1 112
3 0 112
0 3 1359
2 3 1352
0 2 1571
2 2 1596
3 3 1122
2 0 139
0 0 149
0 1 1263
2 2 1289
0 2 1291
2 1 1259
2 0 120
0 0 113
2 2 1253
0 2 1250
2 3 1282
0 3 1481
0 0 167
2 0 147
2 1 673
0 2 683
2 3 1132
0 3 1506
2 0 170
0 0 113
2 3 653
0 1 653
2 2 1148
0 2 1149
2 0 104
2 2 652
2 1 652
2 0 103
2 2 647
2 1 649
2 0 97
2 1 646
2 2 647
2 0 99
2 1 645
2 2 644
2 0 97
2 1 640
2 2 641
2 0 98
2 1 646
2 2 644
2 0 104
2 3 642
2 2 645
2 0 98
2 1 642
2 2 643
2 0 102
2 2 642
2 3 642
