0 0 415
0 1 415
0 2 1026
1 0 4602
0 0 4749
2 0 3626
0 1 3631
1 1 5513
1 2 6407
1 0 136
2 2 5431
0 2 5775
1 3 818
0 1 118
0 0 121
1 2 1565
0 2 1172
0 1 325
0 0 335
1 0 129
1 1 801
0 2 1629
1 2 1513
0 1 340
0 0 352
1 0 156
1 3 746
0 2 1584
1 2 1454
0 0 134
0 1 141
1 0 100
0 2 1107
0 1 119
1 1 816
0 0 127
1 2 1475
1 0 106
0 2 2096
5 0 136
0 0 125
0 1 119
1 1 1931
1 2 2230
1 0 98
5 1 1350
0 2 1506
0 1 118
0 0 127
1 1 916
1 2 1489
1 0 128
0 2 1484
0 0 119
0 1 123
1 1 793
1 2 1393
1 0 112
0 2 1475
1 1 732
0 1 118
0 0 123
1 2 1333
1 0 105
0 2 1432
1 1 730
0 0 136
0 1 146
1 2 962
1 0 109
0 3 841
1 2 732
1 3 712
0 1 146
0 0 137
1 0 112
0 2 755
0 1 118
0 0 131
1 3 782
1 1 794
0 2 724
1 0 113
0 1 126
0 0 141
1 1 793
1 2 1253
1 0 103
0 2 1350
0 1 125
0 0 127
1 1 830
1 2 1428
1 0 112
0 2 1328
0 1 120
0 0 129
1 1 818
1 2 1412
1 0 98
0 2 1310
0 1 125
0 0 129
1 3 811
1 2 1400
0 2 1141
0 1 111
0 0 116
1 0 100
1 1 718
0 2 1250
0 0 117
0 1 115
1 2 1326
1 0 109
1 1 718
0 2 1420
0 1 112
0 0 122
1 2 1334
1 0 112
1 3 708
0 2 1447
0 1 110
0 0 109
1 2 1328
0 2 943
1 0 106
0 0 127
0 1 128
1 1 809
1 2 1350
1 0 102
0 2 1365
0 0 127
0 1 127
1 3 808
1 2 1389
0 2 1216
0 1 122
0 0 142
1 0 105
1 3 714
0 2 1217
0 1 112
0 0 113
1 2 1334
0 2 1010
1 0 287
0 0 144
0 1 150
1 2 868
1 1 872
0 3 735
1 0 128
1 3 819
1 1 830
0 1 120
0 0 213
1 0 104
0 2 880
0 1 120
0 0 129
1 1 780
1 2 1346
1 0 97
0 2 1331
0 1 114
0 0 116
1 1 812
1 2 1403
1 0 103
0 2 1326
0 0 113
0 1 121
1 1 804
1 2 1416
1 0 101
0 2 1340
0 1 123
0 0 125
1 1 816
1 2 1408
1 0 104
0 2 1319
0 0 124
0 1 126
1 1 820
1 2 1417
1 0 106
0 2 1328
0 0 121
0 1 141
1 3 815
1 2 1404
0 2 1077
0 1 225
0 0 238
1 0 112
1 3 726
0 2 1402
1 2 1347
0 1 130
0 0 135
1 0 106
0 2 934
0 1 116
0 0 123
1 1 782
1 2 1299
1 0 103
0 2 1327
0 1 116
0 0 120
1 1 824
1 2 1429
1 0 119
0 2 1340
0 1 124
0 0 126
1 3 873
1 2 1420
0 2 1121
0 0 180
0 1 187
1 0 119
0 3 775
1 3 712
1 2 719
1 0 105
1 1 708
1 2 713
1 0 91
1 2 739
1 3 739
1 0 111
1 2 717
1 3 710
1 0 102
1 1 709
1 2 712
1 0 116
1 1 709
1 2 709
