0 1 291
0 0 294
0 2 513
0 0 60
0 1 56
0 2 298
0 0 55
0 1 56
0 2 292
0 1 50
0 0 52
1 0 68
0 2 368
1 1 332
1 2 483
1 0 53
0 0 66
0 1 68
1 3 324
1 2 493
0 2 508
1 0 68
1 1 301
1 2 319
0 0 76
0 1 75
0 2 322
1 0 54
1 3 290
1 2 290
0 1 97
0 0 88
0 2 328
1 0 80
1 1 315
1 2 328
0 0 49
0 1 50
1 0 48
0 2 347
1 1 301
1 2 360
0 0 65
0 1 70
1 0 67
1 1 291
0 2 537
1 2 572
1 0 135
0 1 59
0 0 60
1 1 365
1 2 565
0 2 489
1 0 46
1 2 287
1 1 288
0 1 125
0 0 126
0 2 295
1 0 51
1 2 287
1 1 288
0 1 54
0 0 68
0 3 306
1 0 117
1 3 348
1 2 348
0 0 58
0 1 65
2 1 63
2 0 62
1 0 47
1 1 360
1 3 356
0 2 570
2 2 571
1 0 60
2 1 92
2 0 91
0 1 68
0 0 76
1 1 364
2 3 369
1 2 576
0 2 570
1 0 46
2 0 47
2 1 49
1 1 297
0 1 52
0 0 59
1 2 460
2 2 617
0 2 643
1 0 51
2 0 54
2 1 54
1 1 304
1 2 402
0 0 51
0 1 50
2 2 551
1 0 51
0 2 490
1 3 290
1 2 329
2 0 51
2 1 61
2 2 304
0 0 49
0 1 49
1 0 51
0 2 455
1 1 300
2 1 59
2 0 60
1 2 463
3 1 399
3 0 405
0 1 180
0 0 279
1 0 63
3 2 1011
1 1 322
2 2 1124
2 1 62
2 0 163
3 0 388
3 1 481
2 3 621
0 2 1116
1 2 1148
0 1 190
0 0 201
1 0 58
3 2 981
2 0 60
2 1 55
1 3 499
3 1 470
4 0 68
4 1 297
3 3 746
0 2 1233
4 3 449
0 1 228
0 0 232
1 2 1451
3 2 1304
4 0 61
2 2 1315
4 3 641
2 1 334
2 0 331
4 2 666
1 0 114
0 2 1051
1 1 458
0 0 72
0 1 75
3 3 430
3 1 459
4 0 53
4 1 293
4 2 306
2 2 1270
2 0 64
2 1 62
4 0 51
1 2 1356
1 0 68
4 2 294
4 1 307
0 2 1184
3 2 1543
1 3 502
0 1 59
0 0 61
4 0 53
4 1 496
2 2 1255
4 2 621
2 1 95
2 0 100
1 2 1232
3 3 330
4 0 69
0 2 1087
3 0 744
3 1 764
0 1 67
0 0 221
1 0 214
5 0 64
4 2 553
4 1 606
1 3 532
2 2 1124
4 0 192
2 1 55
2 0 66
5 1 711
4 2 571
3 1 567
0 2 1201
4 1 779
0 0 166
0 1 167
3 0 852
4 0 49
1 2 1541
4 2 287
4 3 295
1 0 52
4 0 45
2 2 1528
2 1 50
3 2 1683
2 0 54
5 2 2011
5 0 47
1 1 665
4 2 424
0 2 1344
0 1 55
0 0 59
3 1 341
4 1 842
4 0 145
4 2 291
5 1 937
3 0 962
1 2 1690
4 1 587
1 0 45
2 2 1434
4 0 173
2 1 64
2 0 73
0 2 1268
3 2 1521
5 2 1525
1 3 391
0 1 201
0 0 201
5 0 58
1 1 776
4 2 849
2 3 787
4 1 1030
1 0 75
3 1 925
4 0 59
0 2 1030
2 1 72
2 0 78
0 1 59
0 0 72
3 0 1198
5 2 1086
3 2 1214
5 1 1274
4 2 540
5 0 46
0 3 687
3 1 485
1 1 1348
4 1 1156
2 2 1196
1 2 1533
4 0 85
0 1 99
0 0 111
2 0 86
1 0 76
2 1 65
3 0 1174
4 2 407
3 2 1237
5 1 1216
5 2 1321
5 0 52
3 1 296
5 3 284
4 1 972
1 1 983
4 0 47
3 0 858
4 2 395
4 1 492
0 2 1619
0 1 45
0 0 48
3 2 1259
2 2 1681
1 2 1677
4 0 61
2 0 69
2 1 74
1 0 83
5 2 1410
3 3 401
4 2 583
5 0 49
2 3 581
4 1 995
0 2 1141
4 0 161
2 1 76
2 0 79
0 0 63
0 1 62
3 2 1285
3 0 1297
1 1 1165
4 2 395
1 2 1323
5 1 1047
1 0 167
5 2 1259
4 1 957
3 3 283
3 1 292
5 0 49
4 0 53
2 2 1160
4 2 290
2 1 47
2 0 50
0 2 1420
0 0 51
0 1 57
1 1 1199
1 2 1250
3 0 1152
1 0 52
5 1 1225
4 1 1206
5 2 1277
4 0 174
5 0 58
3 3 396
2 2 1303
1 1 808
2 0 56
2 1 63
4 2 678
3 1 682
4 1 806
5 1 697
0 2 1573
4 0 45
0 0 56
0 1 51
4 1 402
4 2 404
3 2 1428
1 2 1727
1 0 52
4 0 159
5 2 1631
2 2 1300
5 0 215
2 0 210
2 1 207
4 1 537
1 3 657
4 2 663
4 0 51
3 1 651
0 2 1420
3 3 699
4 1 298
5 3 757
0 1 51
0 0 64
4 2 378
4 0 60
3 2 1384
1 2 1732
4 1 298
4 2 299
2 2 1564
5 2 1581
0 2 1101
2 0 85
2 1 222
1 0 198
4 0 190
0 1 79
0 0 187
5 0 42
3 0 609
4 1 410
3 3 923
1 3 991
4 3 888
3 2 1285
5 3 853
1 2 1240
2 2 1473
4 0 174
0 2 1515
2 0 182
2 1 79
5 2 1467
1 0 88
0 1 83
0 0 91
1 1 425
4 3 722
3 3 730
5 0 55
4 2 762
3 1 772
5 1 288
4 0 44
3 2 1260
4 3 381
4 2 383
2 2 1454
0 2 1392
1 2 1543
2 1 231
2 0 240
4 0 131
0 0 108
0 1 105
1 0 82
3 1 592
5 2 1592
4 2 492
3 0 811
5 0 43
4 1 922
1 1 927
4 0 69
3 2 1334
5 1 547
2 2 1395
4 3 462
4 2 483
2 1 65
2 0 78
1 2 1523
3 0 389
3 3 449
0 2 1648
3 1 471
1 0 57
4 0 88
0 0 104
0 1 104
5 2 1380
5 0 164
4 1 418
1 3 831
3 1 298
2 2 1220
2 0 51
4 3 887
2 1 56
5 3 892
3 3 772
4 0 48
1 2 1741
0 2 1569
4 2 290
4 1 292
5 2 1469
0 0 62
0 1 63
3 2 1475
2 2 1211
4 0 73
1 0 118
5 0 88
2 1 90
2 0 92
1 3 429
4 2 473
4 1 745
3 1 322
0 2 1338
4 0 54
0 1 55
0 0 62
5 1 870
4 3 291
3 0 850
4 1 504
5 2 1269
1 2 1540
5 0 270
4 0 52
2 2 1747
1 0 196
2 1 87
2 0 90
3 2 1904
4 2 430
5 1 839
0 2 1373
0 0 67
0 1 66
4 1 932
3 1 619
5 2 1454
4 0 69
1 1 1048
5 0 56
0 3 696
3 0 835
1 2 1330
2 2 1188
4 2 403
3 2 1182
5 1 497
1 0 93
2 0 94
2 1 88
4 3 672
5 3 816
3 0 292
4 0 57
5 0 46
4 1 297
1 2 936
1 3 983
3 3 987
3 2 990
2 2 1080
2 1 64
2 0 68
1 0 52
4 3 913
5 3 962
5 2 973
1 3 530
3 0 326
3 1 316
4 0 53
5 0 56
4 3 408
4 2 423
2 2 1178
5 1 305
2 0 48
2 1 49
1 2 1222
4 0 62
3 2 1208
1 0 54
4 2 466
5 2 1155
4 1 566
3 1 467
5 0 74
4 0 58
2 2 1204
2 1 57
2 0 61
4 2 304
3 0 999
3 2 1177
1 1 1095
1 2 1459
3 1 435
5 1 1069
1 0 52
4 1 1127
5 2 1253
4 0 53
5 0 50
2 2 1216
4 2 446
3 0 1101
2 0 65
2 1 62
5 3 433
3 2 1276
1 1 890
4 1 787
4 0 45
1 2 1212
3 3 432
3 0 512
5 2 1139
4 3 434
4 1 482
2 2 1154
3 2 923
2 0 56
2 1 58
5 0 177
4 0 62
2 2 613
5 2 622
3 3 284
4 2 455
5 1 775
3 1 435
5 0 44
4 1 882
2 1 54
2 0 62
3 0 885
5 1 564
5 2 615
2 2 538
5 0 45
3 1 290
3 0 588
2 1 56
2 0 56
5 1 573
3 2 750
5 2 772
5 0 44
3 1 300
3 0 462
2 2 798
5 1 456
2 0 47
2 1 51
3 2 733
5 2 657
5 0 57
2 3 459
3 3 288
5 1 307
3 1 469
3 2 571
5 2 572
2 0 51
2 1 52
5 0 48
5 3 286
3 1 291
3 0 294
2 2 691
5 2 723
3 2 696
2 1 56
2 0 60
5 0 49
3 3 379
3 0 551
2 2 707
5 1 457
3 2 792
5 2 645
2 0 65
2 1 69
5 0 54
5 1 422
3 3 287
3 1 300
2 2 852
5 2 886
3 2 707
5 0 43
5 1 292
5 2 312
3 3 285
3 0 287
3 2 297
5 0 42
5 1 288
5 2 290
3 3 284
3 1 288
3 2 287
5 0 52
5 1 288
5 2 290
3 3 284
3 1 286
3 0 289
5 0 49
5 1 455
5 2 462
3 1 301
3 0 301
5 0 44
3 2 330
5 1 295
5 2 313
5 0 48
3 0 289
3 3 341
3 2 367
5 3 343
5 2 362
5 0 45
3 1 292
3 3 445
3 2 462
5 3 446
5 2 461
5 0 50
3 1 368
3 3 573
3 2 583
5 3 573
5 2 587
5 0 41
5 3 286
5 2 290
5 0 41
5 1 285
5 2 287
5 0 40
5 2 288
5 1 289
5 0 44
5 1 287
5 2 287
