0 0 322
0 1 322
0 2 425
0 0 59
0 1 39
0 2 193
0 0 38
0 1 34
0 2 149
0 1 38
0 0 43
0 2 152
0 1 61
0 0 65
0 2 161
0 0 62
0 1 62
0 2 167
0 1 48
0 0 46
1 0 55
0 2 211
1 1 194
1 2 235
1 0 38
0 0 42
0 1 43
1 3 198
1 2 270
0 2 256
1 0 39
1 2 155
1 1 151
0 1 30
0 0 32
0 2 147
2 0 39
2 1 39
1 0 30
1 3 145
2 2 232
1 2 240
0 1 30
0 0 36
0 2 145
2 0 49
2 1 49
1 0 37
2 3 200
1 2 273
1 1 276
0 1 32
0 0 36
0 2 147
1 0 30
2 0 72
2 1 73
1 1 158
1 2 249
2 2 264
1 0 59
0 1 53
0 0 62
1 1 168
2 1 81
2 0 83
1 2 197
0 3 206
2 2 204
1 0 35
1 1 152
1 2 161
0 1 100
0 0 108
2 0 103
2 1 112
0 2 257
2 2 297
1 0 30
1 1 150
1 2 150
2 1 31
2 0 32
0 1 31
0 0 40
2 2 210
0 2 207
1 0 31
1 2 147
1 1 147
2 1 38
2 0 40
2 3 155
0 0 36
0 1 40
0 2 150
1 0 38
1 3 145
1 2 150
2 0 39
2 1 46
2 2 153
0 1 35
0 0 40
1 0 37
0 2 149
1 1 150
1 3 146
3 0 155
3 2 155
3 1 160
2 0 38
2 1 37
2 2 150
1 0 31
0 1 50
0 0 53
1 1 246
1 2 323
3 1 156
3 0 206
0 2 291
3 2 364
4 0 31
4 3 150
4 1 155
2 0 43
2 1 43
2 2 152
1 0 156
1 1 275
3 3 145
3 1 153
0 1 33
0 0 31
4 0 40
1 2 434
4 3 145
3 2 348
4 2 150
0 2 272
2 0 62
2 1 79
1 0 50
3 3 154
2 2 245
3 1 164
1 1 168
4 0 48
3 2 330
4 2 164
1 2 312
4 1 158
0 1 27
0 0 32
0 2 146
4 0 68
3 3 160
2 0 88
2 1 82
1 0 52
3 1 197
3 0 232
4 1 229
4 2 243
1 3 198
2 2 302
1 2 292
4 0 29
0 0 55
0 1 59
5 0 59
1 0 47
2 0 57
2 1 61
4 2 396
4 1 416
3 1 262
3 0 447
5 1 490
1 1 486
4 0 28
3 2 730
0 2 643
5 2 634
4 2 157
4 1 160
1 2 703
2 2 664
5 0 30
3 1 149
3 0 205
3 2 305
5 1 213
0 0 102
0 1 83
1 0 38
5 2 295
4 0 52
2 0 59
2 1 66
1 1 386
1 2 462
0 2 449
4 1 219
2 3 291
4 2 297
5 0 29
3 1 214
3 2 269
3 0 273
5 2 261
5 1 264
1 0 32
1 2 152
4 0 28
1 3 160
4 2 163
4 3 164
0 1 91
0 0 107
2 1 89
2 0 89
0 2 347
5 0 118
2 2 394
3 1 152
5 1 335
3 0 279
5 2 396
4 0 35
3 2 310
1 0 28
4 2 153
4 1 223
1 2 147
1 1 220
2 1 37
2 0 41
5 0 51
0 0 42
0 1 41
5 3 259
4 0 30
3 1 180
3 0 193
4 2 186
4 1 194
5 2 539
2 2 569
1 0 51
0 2 539
3 2 530
1 3 153
5 0 32
5 1 148
1 2 325
5 2 225
2 1 51
2 0 63
4 0 55
0 0 41
0 1 41
3 3 158
3 2 226
2 3 297
4 2 297
4 1 307
0 2 216
3 0 312
5 0 44
1 0 41
1 3 148
5 1 157
4 0 31
5 2 302
1 2 303
4 1 235
2 0 35
2 1 36
4 2 255
3 3 149
3 0 210
3 1 218
2 2 157
0 1 31
0 0 39
5 0 33
1 0 29
5 1 189
4 0 27
4 2 150
0 2 373
5 2 383
1 1 406
4 1 368
1 2 456
3 3 156
3 1 167
2 0 30
2 1 33
3 2 196
5 0 26
2 2 230
5 3 145
4 0 31
5 2 213
1 0 35
4 2 187
4 1 213
0 1 31
0 0 39
1 3 147
0 2 150
1 1 194
3 3 189
3 1 193
3 2 190
5 0 30
4 0 26
2 1 53
5 3 181
2 0 65
5 2 200
4 2 194
4 1 198
2 2 215
1 0 27
1 1 148
1 2 157
0 1 30
0 0 32
3 3 145
3 0 156
3 2 159
0 3 282
5 0 45
4 0 37
5 2 157
4 2 158
2 1 33
2 0 34
5 1 294
4 1 293
2 2 145
1 0 28
1 1 156
3 3 146
3 1 147
5 0 25
1 2 287
4 0 28
3 2 326
0 1 36
0 0 37
5 1 257
4 2 191
4 1 257
5 2 353
0 2 215
2 1 48
2 0 59
1 0 35
5 0 30
4 0 29
2 2 334
5 3 151
3 1 257
4 2 214
3 0 416
1 1 394
4 1 356
3 2 520
1 2 466
5 2 443
0 0 31
0 1 29
0 2 146
4 0 38
5 0 142
2 0 60
3 3 258
1 0 68
2 1 74
3 1 398
4 2 389
5 2 481
3 0 580
4 1 580
1 2 405
2 2 409
5 1 624
1 1 498
4 0 28
5 0 35
4 2 226
4 1 235
0 1 34
0 0 44
3 3 152
3 1 203
5 1 211
2 1 79
2 0 82
1 0 29
1 1 149
5 2 500
3 2 498
4 0 28
0 2 570
4 1 147
4 2 148
2 2 524
5 0 35
1 2 467
5 3 189
5 1 257
3 1 153
3 2 150
3 0 214
1 0 33
0 1 52
0 0 56
2 1 30
2 0 32
1 3 193
4 0 29
4 1 147
4 2 148
5 0 29
1 2 382
5 3 143
0 2 480
2 2 479
3 1 146
3 0 146
5 2 379
3 2 391
4 0 33
1 0 46
4 1 148
1 2 150
4 3 218
2 1 75
2 0 81
1 3 267
5 0 42
0 0 67
0 1 66
5 1 160
2 2 390
3 3 145
3 0 151
0 2 493
4 0 30
5 2 510
3 2 387
4 2 145
4 3 143
1 0 27
5 0 71
1 1 257
1 2 264
2 1 29
2 0 41
5 1 267
5 2 317
0 1 153
3 0 263
0 0 167
3 1 276
4 0 41
4 3 148
2 2 478
4 2 164
3 2 481
5 0 41
0 2 454
1 0 29
5 3 143
1 1 145
5 2 284
1 2 247
4 0 37
2 1 35
2 0 37
3 2 266
3 0 286
3 1 289
4 2 287
4 1 288
2 2 267
0 1 25
0 0 28
5 0 26
5 1 145
1 0 25
0 2 300
5 2 300
4 0 29
1 3 163
1 2 228
4 3 168
4 2 254
3 0 192
3 2 218
3 1 259
2 1 29
2 0 35
5 0 24
2 2 175
5 1 148
5 2 174
4 0 60
0 1 31
0 0 34
1 0 26
4 1 183
4 3 265
1 3 250
3 0 148
0 2 328
1 2 355
3 3 266
3 2 443
5 0 40
2 0 38
2 1 37
4 0 32
5 1 225
4 2 148
5 2 298
4 1 220
2 2 297
1 0 26
0 0 35
0 1 35
3 3 145
3 1 153
1 2 176
5 0 25
1 1 291
3 0 307
0 2 269
4 0 33
5 2 244
5 1 303
4 2 149
4 1 210
2 1 25
2 0 26
2 2 144
1 0 35
3 1 214
3 0 224
5 0 58
1 3 160
4 0 30
3 2 361
0 0 33
0 1 31
5 1 258
4 3 159
1 2 404
4 1 226
5 2 530
0 2 428
2 1 40
2 0 40
5 0 93
1 0 58
4 0 43
3 1 214
3 0 288
2 2 367
4 2 186
4 1 221
5 3 300
1 3 271
3 2 470
5 2 458
1 2 437
0 0 45
0 1 59
0 2 215
5 0 50
4 0 41
2 0 97
2 1 98
1 0 42
3 3 280
5 1 248
3 1 288
4 3 278
4 2 292
1 1 212
3 2 466
5 2 505
2 2 464
1 2 466
4 0 28
5 0 35
4 3 186
0 0 33
0 1 32
3 1 154
4 1 470
1 0 159
2 0 50
2 1 59
5 2 519
5 1 539
3 0 547
3 2 574
1 1 375
4 0 37
0 2 614
5 0 40
4 3 146
4 2 151
1 2 620
2 2 540
5 1 231
3 3 144
3 0 189
5 2 375
3 2 281
0 1 32
0 0 41
2 0 30
2 1 31
0 3 189
4 0 31
2 2 193
4 2 155
5 0 33
4 1 168
5 2 154
5 1 169
3 3 144
3 1 150
3 2 151
4 0 28
4 2 146
4 1 148
2 1 32
2 0 43
5 0 37
5 1 149
2 2 314
5 2 316
3 3 149
3 0 160
3 2 207
4 0 25
4 2 153
4 1 156
5 0 26
5 2 147
5 1 147
2 1 26
2 0 27
3 2 145
4 0 29
2 3 257
3 3 181
3 1 228
4 1 152
4 3 175
5 0 29
5 1 146
5 2 147
4 0 137
2 1 65
2 0 80
3 3 249
2 2 194
3 0 359
3 1 359
4 2 353
4 1 363
5 0 29
5 3 145
5 2 151
3 0 151
3 2 151
3 1 153
2 1 30
2 0 30
5 0 25
5 3 146
2 2 269
5 2 237
3 2 147
3 0 147
3 3 144
5 0 26
5 2 147
5 3 149
2 0 30
2 1 31
2 2 146
3 3 145
3 2 150
3 1 150
5 0 29
5 2 146
5 3 146
3 1 145
3 3 144
3 2 149
5 0 38
5 2 147
5 1 152
5 0 30
5 1 144
5 2 144
5 0 29
5 1 148
5 2 149
