0 0 325
0 1 756
0 2 760
0 0 89
0 2 539
0 3 541
0 0 81
0 3 503
0 2 513
0 0 88
0 3 507
0 2 517
0 0 114
0 3 612
0 2 600
0 0 121
1 1 576
1 3 653
2 0 107
0 1 812
0 3 879
2 2 677
2 1 924
2 0 464
0 0 213
2 3 863
0 1 617
2 2 1182
0 2 1097
0 0 1091
3 0 330
3 1 333
2 0 113
0 1 1589
2 3 546
0 2 1997
0 0 83
2 2 1092
0 1 598
0 2 690
2 0 88
0 0 101
2 2 718
2 3 722
0 2 638
0 3 640
2 0 182
0 0 86
2 3 585
2 2 731
0 1 611
0 2 741
2 0 129
4 0 134
4 2 134
4 1 141
0 0 84
4 0 111
4 1 113
4 2 118
2 1 1052
2 2 1066
2 0 152
0 1 1072
0 2 1163
4 1 102
4 2 104
4 0 112
0 0 87
2 3 650
4 1 102
4 0 106
4 2 105
0 1 566
2 2 1090
4 1 98
4 0 100
4 2 105
0 2 1504
0 0 90
4 0 97
4 1 98
0 2 512
4 2 100
0 1 519
4 0 98
4 2 107
0 0 118
4 1 118
0 3 501
0 1 506
4 0 82
4 1 87
4 2 82
0 0 75
4 0 103
4 2 118
4 1 118
0 1 596
0 2 595
1 2 14751
4 2 218
4 1 233
4 0 241
0 0 136
1 2 756
0 1 825
1 3 798
4 2 260
4 1 264
4 0 271
5 2 506
5 0 893
0 2 1702
1 1 1721
4 2 792
4 1 817
4 0 815
0 0 102
4 1 104
4 0 106
4 2 94
0 1 521
5 1 2297
4 0 102
4 1 102
4 2 104
0 2 1021
0 0 86
5 2 580
5 0 774
4 0 90
4 2 188
4 1 96
5 1 1108
0 1 777
0 2 1025
0 0 185
4 1 118
4 0 122
4 2 130
5 2 589
5 3 753
5 1 995
0 3 735
4 1 97
4 0 108
4 2 103
0 2 875
0 0 233
4 2 124
4 1 134
4 0 145
5 2 599
5 3 620
0 1 619
5 1 919
4 2 211
4 1 204
4 0 217
0 2 1029
0 0 80
4 2 109
4 1 108
4 0 122
0 3 604
5 2 606
5 0 619
0 2 1075
4 2 92
4 1 95
4 0 96
5 1 1002
0 0 107
5 2 596
4 0 106
5 3 631
4 2 97
4 1 113
0 1 618
5 1 915
0 2 913
4 0 89
4 2 92
4 1 95
0 0 98
5 2 603
4 1 104
4 0 118
4 2 100
0 1 1095
0 3 1112
5 0 1101
5 3 1107
4 0 101
4 1 101
4 2 118
0 0 105
4 1 111
4 2 109
4 0 126
0 1 646
5 2 602
5 3 612
0 2 1028
4 1 85
4 0 100
4 2 100
5 1 1146
0 0 173
0 1 706
0 2 737
4 1 206
4 0 212
4 2 207
0 0 83
5 2 500
5 3 520
5 1 756
4 0 188
4 1 191
4 2 187
0 1 596
0 2 722
4 1 97
4 2 101
4 0 124
0 0 92
5 2 588
5 1 889
4 2 88
5 3 900
4 1 193
4 0 189
0 3 890
0 2 888
4 1 92
4 0 116
4 2 125
0 0 93
5 2 679
5 3 715
4 0 88
4 2 87
4 1 90
0 1 603
5 1 1094
0 2 921
4 0 133
0 0 133
4 1 133
4 2 147
5 2 500
4 0 91
4 1 93
4 2 88
0 1 1022
0 2 1039
5 0 1021
5 1 1044
0 0 78
4 2 108
4 1 114
4 0 113
0 1 591
5 2 571
5 3 605
4 1 82
4 0 83
0 2 1016
4 2 86
5 1 1008
0 0 82
0 3 514
0 2 523
4 0 101
4 1 191
4 2 207
5 2 590
5 1 668
5 0 682
0 0 222
4 2 120
4 0 115
4 1 129
0 1 676
5 2 630
5 3 664
4 2 139
4 0 275
4 1 280
0 2 1102
0 0 72
5 1 1040
0 1 525
0 2 622
0 0 84
5 2 501
5 0 652
5 1 675
0 1 749
5 2 591
0 2 1021
5 3 610
0 0 92
5 1 1038
0 3 535
0 2 683
0 0 96
5 2 632
5 1 780
5 0 789
0 1 677
5 2 526
5 3 535
0 2 959
0 0 78
5 1 941
0 3 511
0 2 654
0 0 91
5 0 518
5 2 499
5 1 646
0 3 748
5 2 595
0 2 1003
5 3 747
5 1 888
0 0 85
5 2 497
0 1 939
0 2 953
5 0 863
5 1 856
5 0 507
5 2 499
5 1 510
5 1 516
5 2 499
5 3 505
5 2 496
5 3 509
5 1 523
5 3 514
5 0 530
5 1 524
5 2 499
5 0 522
5 1 534
5 3 501
5 1 508
5 2 494
5 2 495
5 0 507
5 1 513
5 2 496
5 0 514
5 1 513
5 3 501
5 1 507
5 2 497
5 3 505
5 2 497
5 1 515
5 2 499
5 3 506
5 1 511
5 3 506
5 0 506
5 1 507
5 1 509
5 2 495
5 3 502
5 2 496
5 0 505
5 1 507
5 3 511
5 0 507
5 2 506
5 2 499
5 3 508
5 1 520
5 2 500
5 3 507
5 1 509
5 1 514
5 2 499
5 3 505
