0 0 324
0 1 430
0 2 429
0 0 38
0 2 157
0 3 160
0 0 34
0 2 150
0 3 150
0 0 87
0 2 206
0 3 160
0 0 31
0 3 156
0 2 157
0 0 34
0 3 215
0 1 214
0 0 43
0 1 151
0 2 151
0 0 46
0 1 154
0 2 149
1 3 159
1 1 161
1 2 169
0 0 77
0 1 174
1 3 166
1 2 154
0 2 212
1 1 329
1 3 149
1 0 149
1 2 153
0 0 40
0 2 248
0 3 248
1 1 149
1 0 152
1 3 147
0 0 88
0 2 205
0 1 205
1 3 144
1 0 147
1 2 152
0 0 29
0 2 145
0 1 145
1 3 168
1 1 169
1 2 151
0 0 29
0 1 150
0 2 174
1 2 145
1 1 176
1 0 176
0 0 40
1 2 199
1 1 247
1 0 263
0 2 202
0 1 204
1 3 145
1 1 147
1 0 149
0 0 32
0 3 144
0 1 149
1 3 145
1 2 145
1 1 146
0 0 45
0 2 165
0 1 166
1 2 146
1 1 149
1 0 150
2 0 29
0 0 33
2 2 169
2 1 177
0 2 173
0 1 178
1 0 236
1 3 235
1 2 240
2 0 29
2 3 144
2 2 146
0 0 37
1 2 145
0 2 282
0 1 283
1 0 288
1 1 290
2 0 27
2 2 145
2 3 152
0 0 34
1 2 240
1 3 259
1 1 298
0 1 154
0 2 205
2 0 26
1 2 144
2 2 238
2 3 251
1 1 240
1 3 243
0 0 30
0 2 145
0 3 145
2 0 38
1 2 182
1 0 186
2 3 152
1 1 285
2 2 251
0 0 32
0 1 146
0 2 146
1 2 146
1 3 146
1 1 158
2 0 30
2 1 146
2 2 159
0 0 32
0 3 146
0 2 171
1 2 146
1 0 147
1 1 175
2 0 35
3 0 38
3 1 48
2 2 244
2 3 244
3 2 150
0 0 32
1 2 151
1 0 201
1 1 210
0 1 205
0 2 208
2 0 57
3 0 50
3 1 52
2 1 154
2 2 154
3 2 148
1 3 145
1 1 149
1 2 145
3 0 33
3 1 32
0 0 28
3 2 146
2 0 34
0 1 260
0 3 286
2 2 148
2 3 180
1 0 146
1 2 144
1 1 144
3 1 29
3 0 31
3 2 145
2 0 36
0 0 38
0 1 285
0 2 285
2 2 284
2 1 283
3 1 35
3 0 42
1 3 147
1 0 149
1 1 151
3 2 146
2 0 27
0 0 31
2 2 272
2 1 273
3 1 47
3 0 50
0 1 178
0 2 238
1 3 154
1 2 175
1 1 214
3 2 270
2 0 30
2 1 148
2 2 148
3 1 27
3 0 35
0 0 31
0 1 155
1 3 154
3 2 221
1 2 224
0 2 282
1 1 284
4 1 30
4 0 32
4 2 32
2 0 37
3 1 37
3 0 42
2 3 270
2 2 274
3 2 267
0 0 33
1 2 146
1 3 240
1 1 248
0 3 244
0 2 247
4 0 32
4 2 34
4 1 40
3 0 29
3 1 32
3 2 144
2 0 31
1 3 150
2 1 264
2 2 293
4 2 33
5 0 269
4 1 43
4 0 42
5 2 272
1 2 275
5 1 305
1 1 392
0 0 218
3 1 34
3 0 46
0 1 322
0 2 324
3 2 156
5 1 147
5 0 153
5 2 167
4 1 51
4 2 54
4 0 67
2 0 61
1 2 156
1 3 159
2 1 157
1 1 249
2 2 250
3 1 33
3 0 35
0 0 38
4 2 41
4 0 44
4 1 42
0 1 152
5 3 160
3 2 292
5 2 240
5 1 315
0 2 315
1 2 150
1 0 160
2 0 38
1 1 246
2 1 160
2 2 205
3 1 29
3 0 30
4 2 34
4 1 44
4 0 44
5 3 274
5 2 272
0 0 27
3 3 380
0 1 149
5 1 440
1 2 148
1 3 154
0 2 331
2 0 27
1 1 300
2 1 239
4 0 68
4 1 65
4 2 71
3 0 75
3 1 74
2 2 320
5 0 173
5 1 206
5 2 282
3 2 282
0 0 44
1 2 148
1 0 152
4 0 33
4 1 34
4 2 38
1 1 213
0 3 152
2 0 48
3 1 39
0 2 296
3 0 47
2 1 155
5 3 162
5 2 268
3 2 270
5 1 312
2 2 314
4 0 42
4 2 42
4 1 56
1 2 147
1 1 154
1 3 160
5 0 217
5 3 214
5 2 214
3 0 70
3 1 73
0 0 60
2 0 41
3 2 173
0 1 166
0 2 230
2 3 149
2 2 215
4 2 30
4 1 30
4 0 33
5 3 148
1 0 151
3 0 37
3 1 44
5 1 336
1 1 334
5 2 347
1 2 340
3 2 231
2 0 43
0 0 42
4 1 44
4 0 47
4 2 45
2 2 414
2 1 416
0 1 413
0 2 422
3 1 34
3 0 43
5 1 226
5 3 279
1 3 284
1 1 314
4 2 31
5 2 352
4 0 34
4 1 82
1 2 398
3 2 353
2 0 27
0 0 30
5 2 200
5 3 206
2 1 236
0 1 188
3 0 47
3 1 44
2 2 418
4 2 39
4 0 46
1 3 159
1 2 152
4 1 48
5 1 493
0 2 508
1 1 462
3 3 496
5 2 145
5 3 149
5 1 157
2 0 34
2 2 271
2 3 270
4 2 82
4 0 157
0 0 149
4 1 170
3 1 147
3 0 154
1 0 213
0 2 222
1 2 333
0 3 345
1 3 345
3 2 329
5 2 152
5 1 152
5 0 160
4 2 27
4 1 28
4 0 29
2 0 34
3 1 32
3 0 39
2 1 148
2 2 171
3 2 208
1 3 149
1 1 175
1 2 263
0 0 32
5 3 218
5 2 220
0 1 177
4 0 37
4 1 47
4 2 48
5 1 338
0 2 293
3 0 28
3 1 30
2 0 41
2 3 156
4 2 35
4 0 39
4 1 39
3 2 389
1 1 288
5 1 277
2 1 352
1 0 402
1 2 398
5 2 373
0 0 41
5 0 459
0 3 146
0 2 152
3 0 31
3 1 31
3 2 205
4 2 59
2 0 55
4 1 66
4 0 68
5 2 237
1 2 238
5 3 317
5 1 358
2 3 331
2 2 400
1 3 390
1 1 388
3 0 40
3 1 46
0 0 31
4 0 34
4 2 35
4 1 40
0 3 280
3 2 319
5 0 277
0 2 382
2 0 38
5 2 395
1 3 151
2 1 148
1 2 215
5 1 500
1 1 374
2 2 377
4 0 48
3 1 47
4 1 58
3 0 59
4 2 75
5 1 146
5 3 151
3 2 279
5 2 346
0 0 43
0 2 150
1 2 144
1 3 154
2 0 29
0 1 252
1 0 265
2 2 210
2 3 210
4 0 42
4 2 46
4 1 50
3 1 46
3 0 56
5 1 159
5 0 171
5 2 226
3 2 238
4 0 33
4 1 33
4 2 35
2 0 33
3 1 33
3 0 36
2 1 148
5 3 159
5 2 161
5 1 283
3 2 174
2 2 287
4 2 27
4 0 28
4 1 31
5 2 145
5 0 147
5 1 147
3 1 28
3 0 28
2 0 25
3 2 275
2 2 148
2 3 148
4 1 28
4 0 28
4 2 28
5 1 145
5 3 143
5 2 144
3 1 30
3 0 36
3 2 145
4 0 34
4 2 34
4 1 36
2 0 38
2 1 144
2 3 145
5 0 145
5 1 146
5 2 148
3 1 27
3 0 29
4 2 25
4 1 29
4 0 31
3 2 152
2 0 24
2 3 172
5 0 144
2 2 242
5 2 144
5 1 216
4 0 34
4 1 41
4 2 44
3 1 39
3 0 43
3 2 150
5 3 143
5 2 144
5 1 143
2 0 27
2 1 152
2 2 157
4 0 49
4 1 48
4 2 43
3 0 29
3 1 29
3 2 144
5 1 146
5 3 146
5 2 144
4 1 30
4 2 34
4 0 35
2 0 26
3 1 36
3 0 37
2 1 144
2 2 146
3 2 144
5 3 143
5 1 145
5 0 144
4 2 35
4 1 34
4 0 36
3 0 27
3 1 29
2 0 29
3 2 174
2 2 189
2 1 191
5 2 144
4 2 31
4 1 34
4 0 36
5 0 194
5 1 200
3 1 26
3 0 27
3 2 178
4 1 37
4 0 36
4 2 41
2 0 37
5 2 146
5 3 150
5 1 210
2 1 152
2 2 216
3 1 26
3 0 31
4 2 33
4 1 36
4 0 40
5 0 144
5 1 145
3 2 237
5 2 238
2 0 28
2 1 145
2 2 148
4 0 41
4 1 49
3 0 44
4 2 49
3 1 43
5 0 147
5 1 149
5 2 285
3 2 286
2 0 26
4 0 31
2 2 176
2 1 176
4 2 28
4 1 35
3 0 33
3 1 32
5 1 143
5 3 143
5 2 213
3 2 220
4 2 27
4 0 28
4 1 31
2 0 27
3 0 27
3 1 32
5 2 176
5 1 277
5 3 281
3 2 180
2 2 281
2 3 284
4 0 26
4 1 27
4 2 26
5 2 142
5 3 143
5 1 144
3 0 32
3 1 33
2 0 38
3 2 180
2 1 145
2 2 144
4 0 25
4 1 25
4 2 30
5 0 143
5 3 143
5 1 144
3 1 33
3 0 38
4 2 25
4 1 28
4 0 31
3 3 153
2 0 25
2 3 144
2 2 157
5 2 145
5 1 145
5 3 146
4 0 26
4 2 26
4 1 27
5 1 145
5 0 145
5 2 148
5 0 148
5 2 143
5 3 144
5 2 144
5 3 144
5 1 147
5 1 145
5 3 146
5 2 148
5 3 147
5 2 144
5 1 147
