0 0 325
0 1 694
0 2 692
0 0 89
0 3 464
0 2 472
0 0 82
0 3 467
0 2 496
0 0 76
0 3 465
0 2 470
0 0 75
0 3 432
0 2 444
0 0 253
1 2 563
1 1 591
0 1 569
1 3 887
0 3 982
0 0 86
1 2 661
1 3 674
0 1 560
1 1 919
0 2 983
0 0 154
0 2 497
1 2 445
1 3 459
0 1 752
1 0 861
0 0 189
0 2 746
0 1 762
1 3 519
2 0 78
1 1 715
1 0 720
0 0 135
2 1 539
0 3 488
2 2 1036
0 2 1037
1 0 648
2 0 116
1 3 677
1 2 678
2 2 670
2 3 730
0 0 172
1 2 528
0 1 602
1 3 577
2 0 91
0 2 1123
2 3 438
1 1 1066
0 0 78
3 0 276
3 1 298
0 1 829
2 2 1372
1 0 589
0 2 1207
3 2 842
2 0 312
3 1 303
1 2 1147
0 0 193
3 0 337
1 1 1340
2 3 748
3 2 785
0 1 602
3 1 83
3 0 85
1 0 584
2 2 2855
1 2 2290
0 2 2768
4 0 531
3 2 2246
0 0 86
1 1 2664
3 1 265
3 0 296
2 0 81
3 2 716
0 1 953
3 0 88
3 1 103
1 0 833
0 2 1444
1 3 1049
2 3 887
3 2 521
0 0 72
1 1 1318
2 2 1180
3 1 102
3 0 104
0 1 597
0 3 604
2 0 92
3 2 815
0 0 107
3 1 101
3 0 112
1 3 676
1 2 985
2 1 934
3 2 781
0 1 814
1 1 1337
3 1 80
3 0 88
2 2 1350
0 2 1146
2 0 223
0 0 112
3 2 641
2 3 1370
3 1 855
3 0 875
1 2 1543
0 1 1629
1 0 1729
2 2 2017
0 2 2062
3 2 1730
1 1 2055
5 0 1256
5 2 1373
0 0 234
3 0 268
3 1 259
2 0 97
1 3 563
0 2 946
3 2 1058
1 2 948
2 2 760
3 1 80
0 1 1522
3 0 136
0 0 94
1 0 1577
2 1 1556
3 2 635
3 0 171
2 0 299
3 1 287
0 1 1062
0 2 1103
0 0 79
2 3 1098
1 2 884
1 0 927
0 3 513
2 2 2228
3 3 2201
1 1 2028
0 2 1473
3 0 119
2 0 273
3 1 135
1 3 710
0 0 70
2 1 765
1 2 1032
1 1 1185
3 2 852
0 1 864
3 0 102
3 1 119
2 2 1610
2 0 88
0 2 1361
3 2 603
0 0 266
3 0 135
3 1 146
2 1 872
1 2 1082
1 3 1123
3 2 823
0 3 858
2 2 1512
3 0 102
3 1 103
2 0 91
1 1 1584
0 2 1470
3 2 566
2 1 580
2 2 804
3 0 233
3 1 322
2 0 178
0 0 92
2 3 544
1 0 943
3 2 1108
1 2 1002
0 1 859
3 0 76
3 1 74
1 1 1355
2 2 1513
0 2 1830
1 3 512
1 2 531
0 0 174
2 0 78
3 3 1546
0 3 520
1 1 1295
0 1 1128
2 2 1006
2 1 1036
3 0 90
3 1 96
2 0 91
3 2 759
0 0 90
3 1 74
3 0 84
2 2 1000
2 1 1161
1 2 935
2 0 73
3 2 797
3 0 80
3 1 74
1 1 1405
1 0 1516
0 1 1644
0 2 1631
0 0 77
3 2 789
3 1 84
3 0 82
2 2 1548
2 1 1565
1 2 974
2 0 76
3 2 741
3 1 75
3 0 78
1 0 1545
1 1 1548
0 1 1520
0 2 1528
0 0 83
2 1 1159
3 2 727
3 1 83
1 3 744
2 2 1491
3 0 89
2 0 83
0 1 901
1 2 1131
3 2 725
2 1 501
3 0 69
3 1 75
1 1 1632
0 2 1587
2 2 1115
3 2 621
0 0 229
3 1 101
2 0 104
3 0 115
0 3 935
1 0 448
2 3 669
3 2 750
1 2 838
0 2 1460
3 1 82
3 0 97
2 2 1220
1 1 1257
3 2 634
0 0 92
3 1 187
3 0 205
2 0 87
1 3 549
3 2 526
3 0 87
3 1 90
1 0 1248
1 1 1270
0 1 1306
0 2 1319
3 2 561
2 1 1212
2 2 1221
0 0 77
2 0 208
3 1 196
3 0 200
1 3 453
0 1 959
2 1 856
3 2 868
1 2 869
0 2 1342
3 0 79
3 1 77
0 0 70
2 2 1438
3 2 438
1 1 1336
2 0 77
0 1 544
3 1 77
3 0 87
2 3 559
0 2 1174
3 2 761
0 0 86
3 0 87
3 1 83
2 2 1407
1 3 919
1 2 1090
0 3 745
1 1 1418
3 2 769
0 2 1117
2 0 253
3 1 110
3 0 127
2 1 557
2 2 565
3 2 433
0 0 361
3 1 266
3 0 276
2 0 146
1 2 962
1 3 999
1 1 1051
0 1 1033
3 2 760
0 2 1071
2 3 776
2 1 953
3 0 152
3 1 135
0 0 281
0 1 581
3 2 737
2 0 201
0 2 979
3 1 81
3 0 82
0 0 72
1 3 934
1 2 969
0 1 454
2 3 876
3 2 666
1 1 1376
3 1 74
3 0 76
2 2 1322
0 2 1124
3 2 512
0 0 88
3 1 392
3 0 388
2 0 86
1 2 893
2 1 452
3 2 911
1 3 1010
0 3 1052
3 0 82
3 1 79
0 2 1509
1 1 1626
2 2 1493
2 0 240
0 0 231
3 3 1297
2 3 592
1 2 431
0 1 928
1 0 832
2 2 1482
1 1 1327
0 2 1529
0 0 88
1 2 514
2 0 177
2 1 689
0 3 1086
1 3 1100
1 1 1257
0 2 1327
2 2 1301
2 0 225
0 0 268
1 2 641
1 0 675
2 3 1150
0 3 816
2 2 1595
1 1 1433
0 2 1244
1 3 584
1 2 577
1 1 599
2 0 114
0 0 106
2 3 555
0 2 588
1 2 552
1 1 569
2 1 1231
0 1 1260
1 0 913
2 0 73
1 2 475
1 1 1005
1 3 1056
2 3 983
2 2 1003
2 0 148
1 2 483
1 3 493
2 1 475
1 1 873
2 2 836
2 0 119
2 2 479
1 2 446
1 3 451
2 1 753
2 0 121
1 0 871
2 2 455
2 1 744
2 0 195
1 3 486
1 2 502
2 1 537
1 1 855
2 2 986
2 0 64
2 2 655
2 1 658
1 2 596
2 0 64
1 0 867
1 1 866
2 1 552
1 3 437
1 2 439
2 2 826
1 1 715
2 0 75
2 3 537
2 2 545
1 2 477
1 3 497
1 1 504
2 0 69
2 2 550
2 1 578
1 2 434
1 3 446
1 0 513
2 0 95
2 3 467
2 2 482
