0 0 320
0 1 752
0 2 751
0 0 93
0 2 541
0 3 541
0 0 77
0 3 518
0 2 515
0 0 86
0 3 513
0 2 512
0 0 110
0 3 615
0 2 598
0 0 107
1 2 529
1 1 549
0 1 537
1 3 774
2 0 530
0 3 1516
2 1 1127
1 2 515
2 2 1306
1 3 577
0 0 251
2 0 110
0 1 710
2 3 575
1 1 1659
2 2 1303
0 2 1751
0 0 228
1 2 886
2 0 214
1 3 991
1 0 1093
0 2 1002
0 1 1093
2 3 782
0 0 159
2 2 1252
1 3 607
2 0 87
0 1 1078
1 0 1158
3 0 109
3 1 109
0 2 1521
2 3 827
0 0 87
1 1 1619
3 2 1463
3 0 97
3 1 100
0 3 1510
2 2 2381
0 2 1830
3 2 577
3 0 1071
3 1 1100
2 0 1102
4 0 372
4 2 378
0 0 130
3 2 1508
2 3 1386
3 0 84
3 1 98
0 1 604
2 2 1786
0 2 907
3 2 594
0 0 74
2 0 251
3 1 246
3 0 262
0 1 1556
0 2 1603
3 2 1363
0 0 210
3 1 91
5 2 1559
3 0 105
2 1 1928
2 2 2041
5 1 2031
3 2 655
5 0 2132
2 0 81
3 1 154
3 0 164
0 1 1463
2 3 723
0 2 2090
5 0 1046
0 0 132
3 2 1426
5 2 1433
3 1 111
3 0 128
2 2 2147
0 1 1258
5 1 2534
3 2 1357
0 2 1914
3 0 101
3 1 134
0 0 94
5 3 712
5 1 847
5 2 1021
0 1 647
0 3 693
3 2 937
3 0 109
3 1 120
0 0 92
5 3 502
3 2 1039
0 1 692
3 0 106
3 1 119
5 1 1037
5 2 1046
0 2 1034
0 0 110
3 2 748
3 0 238
3 1 115
0 1 870
5 2 501
5 0 758
0 2 1202
0 0 83
0 1 508
3 3 1617
5 1 1499
0 2 1251
5 2 636
5 3 643
3 1 120
3 0 122
0 0 152
5 1 1067
3 2 518
0 1 534
0 2 723
3 1 277
3 0 282
0 0 104
0 2 673
3 2 1078
5 0 541
3 1 239
3 0 250
0 3 1159
5 3 1004
5 2 1023
3 2 779
0 0 260
3 0 251
3 1 256
0 1 786
5 3 512
0 2 1057
0 0 85
3 2 1028
5 2 1052
3 1 99
3 0 104
5 1 1090
0 3 641
0 2 777
3 2 521
3 1 102
3 0 109
0 0 111
5 2 611
5 3 528
0 1 639
5 1 1468
3 3 1444
0 2 1273
0 0 135
3 0 118
3 1 121
0 1 634
5 1 522
0 3 936
5 2 919
5 3 966
3 2 919
3 1 249
3 0 254
0 0 154
0 1 550
3 2 1005
5 3 635
3 0 106
3 1 106
0 2 1025
5 2 1010
0 0 93
5 1 1062
3 2 889
0 1 772
0 2 828
3 0 104
3 1 102
0 0 112
3 2 936
5 2 1012
3 1 262
3 0 281
5 0 1120
0 1 1121
5 1 1157
0 2 1157
0 0 88
3 2 850
3 1 109
3 0 135
5 2 1001
5 1 1125
0 2 1129
5 3 1135
0 3 1139
3 2 733
3 0 115
3 1 102
0 0 114
3 2 986
3 1 125
3 0 136
5 2 1031
5 0 1182
0 1 1179
5 1 1200
0 2 1202
3 2 663
0 0 117
3 1 102
3 0 113
5 3 661
0 1 659
5 2 987
5 1 1151
0 2 1150
3 2 1028
0 0 290
3 1 166
3 0 177
0 1 674
0 2 680
3 2 595
3 1 129
3 0 116
0 0 134
5 0 651
5 1 858
0 3 520
5 2 1018
0 2 893
3 2 1099
3 0 112
3 1 143
5 3 662
5 1 668
0 0 84
5 2 1170
3 2 905
0 2 505
0 1 502
3 1 92
3 0 96
0 0 85
3 2 949
3 1 97
5 2 1038
3 0 106
5 0 1090
5 1 1125
0 1 1094
0 2 1120
0 0 90
3 2 883
5 3 644
0 1 637
3 1 92
3 0 94
5 2 956
5 1 1098
0 2 1097
3 2 763
0 0 93
3 0 99
3 1 115
0 2 638
0 3 632
3 2 855
5 0 507
5 1 516
3 1 228
3 0 244
0 0 100
5 2 973
0 1 508
0 2 835
3 2 1094
5 3 657
0 0 118
3 1 104
3 0 107
5 2 978
5 1 975
0 3 635
0 2 808
3 2 734
3 1 308
3 0 318
0 0 97
5 0 516
5 1 667
3 2 1191
0 3 633
5 2 1008
3 1 100
0 2 791
3 0 244
5 0 513
5 1 514
0 0 86
3 2 1028
5 2 1014
3 0 117
3 1 116
0 2 636
0 1 639
5 3 506
5 1 513
3 2 891
5 2 1010
3 0 98
3 1 106
3 3 509
5 2 502
5 3 511
5 1 510
5 3 603
5 0 600
5 1 600
5 2 496
5 0 506
5 1 516
5 2 508
5 3 512
5 1 516
5 0 571
5 2 562
5 1 575
5 2 499
5 0 502
5 1 503
5 2 504
5 3 506
5 1 511
5 1 502
5 3 502
5 2 505
5 2 570
5 1 581
5 3 578
5 3 505
5 0 508
5 1 513
5 2 506
5 3 514
5 1 521
5 2 495
5 1 506
5 0 512
5 2 578
5 0 590
5 3 595
5 2 510
5 3 514
5 1 519
5 3 506
5 1 510
5 2 501
5 3 507
5 1 516
5 2 498
