0 0 252
0 2 297
0 1 301
0 0 26
0 2 75
0 3 84
0 0 16
0 3 78
0 2 79
0 0 58
0 3 73
0 2 115
0 0 21
0 2 78
0 3 78
0 0 19
0 3 76
0 1 78
0 0 40
0 1 93
0 2 98
1 3 90
1 2 117
1 1 155
1 3 77
1 1 79
1 2 80
0 0 24
0 1 79
0 2 85
1 3 75
1 0 75
1 2 76
0 0 15
0 2 75
0 1 75
1 3 75
1 1 81
1 0 85
0 0 17
0 2 75
0 3 79
1 3 76
1 2 76
1 0 76
0 0 18
0 2 75
0 1 75
1 3 75
1 2 73
1 1 76
1 0 74
1 2 76
1 1 78
0 0 26
0 2 88
0 1 89
1 2 75
1 0 75
1 1 76
2 0 16
2 1 74
2 2 78
0 0 15
0 2 74
0 1 76
1 3 74
1 0 74
1 1 76
2 0 15
2 3 74
2 2 76
0 0 17
0 1 74
0 2 74
1 1 75
1 2 74
1 3 73
2 0 17
2 3 73
2 2 76
0 0 18
0 1 75
0 3 77
1 2 75
1 0 76
1 1 78
2 0 14
2 3 73
2 2 74
0 0 17
0 2 75
0 1 79
1 3 74
1 2 74
1 0 124
2 0 16
2 3 74
2 2 74
1 1 74
1 0 76
1 2 75
0 0 21
0 2 74
0 1 76
2 0 15
2 2 74
2 1 74
1 1 76
1 3 74
1 2 74
0 0 16
0 1 77
0 2 76
2 0 15
2 3 74
2 2 75
1 2 73
1 3 75
1 1 77
0 0 17
0 1 76
0 2 76
3 0 20
3 1 32
2 0 15
3 2 75
2 2 74
2 1 75
1 0 76
1 2 74
1 1 81
3 0 17
3 1 14
3 2 129
0 0 20
0 3 75
0 2 76
2 0 21
1 2 76
1 3 89
1 1 139
2 2 141
2 3 148
3 0 15
3 1 15
3 2 74
1 2 75
1 1 76
1 0 76
2 0 15
0 0 20
2 1 142
2 2 142
0 1 144
0 2 144
3 0 18
3 1 19
3 2 88
1 1 74
1 2 74
1 0 75
2 0 15
2 1 74
2 2 74
0 0 17
0 3 73
0 2 74
3 1 14
3 0 20
3 2 74
1 1 77
1 2 74
1 3 78
2 0 15
2 2 75
2 1 75
3 1 14
3 0 21
3 2 74
0 0 18
0 2 75
0 1 76
1 2 76
1 0 77
1 1 82
3 0 18
3 1 17
3 2 76
2 0 21
2 2 77
2 3 77
0 0 18
0 3 74
0 1 75
1 0 74
1 3 73
1 1 77
3 0 19
3 1 18
3 2 73
2 0 16
2 1 75
2 2 73
0 0 27
0 1 75
1 2 76
1 3 77
0 2 145
1 1 234
3 1 18
3 0 24
3 2 76
2 0 16
2 1 74
2 2 77
1 3 73
1 1 75
1 2 76
3 1 19
3 0 26
3 2 76
0 0 19
0 1 73
0 2 76
2 0 16
2 1 74
2 2 76
3 1 27
3 0 29
1 3 74
1 1 78
1 2 92
3 2 167
0 0 20
0 1 77
0 2 78
2 0 17
2 2 75
2 1 75
4 2 22
4 0 33
4 1 47
3 0 26
3 1 34
3 3 75
1 2 76
1 1 98
1 3 99
0 0 123
4 2 26
4 0 28
4 1 29
0 2 170
0 3 79
3 1 18
3 0 23
3 2 82
2 0 24
2 1 78
2 2 79
1 3 72
1 2 75
1 1 76
4 2 17
4 1 18
4 0 18
3 0 17
3 1 25
3 2 72
0 0 17
0 2 75
0 1 84
2 0 17
1 2 76
1 0 82
2 3 73
1 1 139
2 2 141
4 2 16
4 0 16
4 1 24
3 0 15
3 1 15
3 2 74
1 1 75
1 2 73
1 3 73
2 0 25
0 0 39
4 0 30
4 1 32
4 2 43
0 1 140
2 2 148
2 1 147
0 2 150
3 1 15
3 0 17
3 2 73
4 0 21
4 2 20
4 1 19
1 0 77
1 1 79
1 2 76
2 0 14
2 1 81
2 2 82
0 0 18
0 1 75
0 2 78
3 1 18
3 0 22
3 2 73
4 1 16
4 0 17
4 2 19
1 3 74
1 1 74
1 2 77
2 0 15
2 2 75
2 3 73
3 1 14
3 0 16
4 1 17
4 0 17
4 2 15
3 3 74
0 0 17
0 2 74
0 3 74
1 1 74
1 0 76
1 2 73
4 2 15
4 1 15
4 0 15
3 1 13
3 0 14
3 2 74
2 0 14
2 2 73
2 1 78
0 0 14
0 1 74
0 2 73
4 2 19
4 0 20
4 1 21
1 1 76
1 3 76
1 2 73
3 1 15
3 0 16
3 2 73
2 0 13
2 3 72
2 1 74
4 1 16
4 0 17
4 2 15
0 0 108
0 1 149
1 3 75
1 2 75
3 1 18
3 0 18
0 2 209
1 1 143
3 2 76
2 0 15
4 2 16
4 0 20
4 1 18
2 3 72
2 2 74
1 3 74
1 0 75
1 2 75
3 0 17
3 1 18
3 2 73
0 0 17
0 1 73
0 2 76
5 0 74
5 1 75
5 2 74
4 2 19
4 1 22
4 0 21
2 0 15
2 2 74
2 1 75
3 0 22
3 1 21
1 1 77
1 3 81
1 2 143
3 2 144
4 2 18
4 1 22
4 0 23
5 0 74
5 1 83
5 2 105
0 0 18
0 2 75
0 3 77
2 0 15
2 3 74
2 2 74
3 1 16
3 0 20
3 2 178
4 0 132
4 2 134
4 1 135
5 3 172
1 0 89
5 1 212
5 2 229
1 1 128
1 2 135
0 0 17
0 2 72
0 1 78
4 0 17
4 1 17
4 2 17
3 0 17
3 1 18
5 3 74
5 1 77
2 0 18
3 2 141
5 2 141
2 1 79
2 2 84
1 3 73
1 1 73
1 2 74
4 2 13
4 1 20
4 0 21
5 1 74
5 0 75
3 1 15
3 0 15
5 2 81
3 2 83
0 0 14
0 2 73
0 3 73
2 0 16
1 2 73
1 3 132
1 1 136
2 3 136
2 2 141
4 0 14
4 1 17
4 2 18
5 3 74
5 1 74
5 2 75
3 0 14
3 1 14
3 2 74
1 2 73
1 3 74
1 0 77
0 0 23
2 0 26
4 2 24
4 0 27
4 1 31
0 2 120
2 1 80
0 3 145
2 3 145
5 3 75
5 2 74
5 0 76
3 1 14
3 0 18
3 2 76
4 0 15
4 1 16
4 2 18
2 0 14
5 2 73
0 0 16
2 2 126
2 3 129
5 3 130
5 1 131
0 1 75
0 2 105
3 1 14
3 0 16
3 2 75
4 1 17
4 0 18
4 2 19
5 2 78
5 3 78
5 1 78
2 0 17
2 1 73
2 2 74
3 1 16
3 0 18
3 2 74
4 2 15
4 1 15
4 0 18
5 1 78
5 3 78
5 2 76
4 2 16
4 0 17
4 1 17
3 0 18
3 1 20
3 2 73
2 0 15
2 1 73
2 2 74
5 2 73
5 3 75
5 1 75
4 0 16
4 2 16
4 1 16
3 1 16
3 0 17
3 2 74
2 0 15
2 1 74
2 2 72
5 0 74
5 1 76
5 2 75
4 1 18
4 0 18
4 2 16
3 1 17
3 0 22
3 2 76
5 1 76
5 2 75
5 3 76
2 0 19
4 2 22
4 1 21
4 0 25
2 1 74
2 2 77
3 1 17
3 0 21
3 2 76
5 2 74
5 0 75
5 1 75
4 0 42
4 1 42
4 2 41
2 0 17
2 1 74
2 2 75
3 0 15
3 1 16
3 2 74
5 2 80
5 3 81
5 1 87
4 2 23
4 0 26
4 1 27
2 0 21
2 2 75
2 1 79
3 1 15
3 0 16
3 2 85
4 2 23
4 0 30
4 1 40
5 1 79
5 0 80
5 2 98
4 0 25
4 2 29
4 1 30
3 1 23
3 0 26
2 0 20
5 3 88
5 1 88
5 2 146
3 2 147
2 2 90
2 3 92
4 2 14
4 1 16
4 0 15
5 1 101
5 0 105
3 0 22
3 1 21
5 2 111
3 2 83
2 0 19
2 2 74
2 1 74
4 1 18
4 0 19
4 2 20
5 2 75
5 1 76
5 3 76
3 1 15
3 0 17
3 2 74
2 0 16
4 2 19
4 1 21
4 0 24
2 2 76
2 3 78
5 2 73
5 0 75
5 1 77
3 1 18
3 0 20
3 3 75
4 0 17
4 2 16
4 1 19
5 3 73
5 2 74
5 1 75
4 2 15
4 0 18
4 1 17
5 2 73
5 1 75
5 0 75
4 1 17
4 0 17
4 2 17
5 1 74
5 0 75
5 2 74
4 2 15
4 1 17
4 0 18
5 1 74
5 2 72
5 3 73
4 1 16
4 2 17
4 0 26
5 2 74
5 1 74
5 3 75
4 2 15
4 1 16
4 0 16
5 1 73
5 3 74
5 0 75
4 0 16
4 1 16
4 2 17
5 2 73
5 1 73
5 0 74
5 2 73
5 1 74
5 3 74
5 2 72
5 1 73
5 0 74
5 2 74
5 1 75
5 0 77
5 3 86
5 1 89
5 2 85
5 3 73
5 2 73
5 1 73
5 2 73
5 3 74
5 1 76
5 1 75
5 3 73
5 0 74
5 3 73
5 2 72
5 1 74
5 1 74
5 2 73
5 0 74
5 2 73
5 0 75
5 3 77
5 3 73
5 2 72
5 1 74
5 1 73
5 3 74
5 2 74
5 3 74
5 1 75
5 2 75
