0 0 424
0 1 996
0 2 992
0 0 221
0 2 809
0 3 805
0 0 112
0 3 715
0 2 721
0 0 119
0 3 720
0 2 722
0 0 123
0 3 711
0 2 714
0 0 123
0 1 719
0 3 721
0 0 194
0 1 977
0 2 994
0 0 161
1 3 961
1 2 998
0 1 894
1 1 1514
0 2 1681
0 0 170
0 1 869
1 2 723
1 3 734
0 2 1199
0 0 142
1 1 1514
0 3 836
0 2 1109
0 0 133
1 2 720
1 3 778
1 0 847
0 2 904
0 1 1114
0 0 124
1 3 867
2 0 133
1 0 2359
1 1 2429
0 1 2319
0 2 2428
0 0 128
0 1 1003
2 2 2094
0 2 1440
1 2 755
1 3 780
1 0 943
0 0 272
0 2 880
0 1 906
0 0 142
1 1 828
1 2 843
0 1 740
1 3 1275
0 3 1298
0 0 129
1 2 716
1 0 1192
1 1 1201
0 1 1380
0 2 1397
0 0 140
1 2 723
1 0 1448
1 1 1467
0 1 1451
0 2 1457
0 0 989
3 0 197
3 1 197
1 3 1863
1 1 2419
1 0 2426
0 1 2069
0 2 1273
0 0 123
0 1 822
0 2 1146
1 2 880
0 0 238
1 3 1491
1 1 1746
0 3 1268
0 2 1517
4 1 418
4 2 181
0 0 186
1 2 1794
1 1 1904
1 0 2084
0 2 1012
0 1 1461
1 2 829
1 3 849
0 0 120
1 0 1160
0 2 712
0 3 714
0 0 132
1 2 929
1 0 1164
1 1 1330
0 1 1264
0 2 1572
1 3 735
1 2 710
0 0 113
1 1 1200
0 3 718
0 1 716
0 0 121
1 2 937
1 3 949
1 1 1141
0 1 836
0 2 1036
0 0 316
1 2 714
0 1 1527
0 2 1579
1 0 1350
1 1 1390
0 0 326
0 1 941
1 2 715
1 3 755
0 2 1613
1 1 1436
0 0 137
0 3 858
0 2 895
1 2 832
1 0 859
1 1 911
0 0 316
1 2 712
0 1 1570
0 2 1576
1 1 1405
1 0 1409
0 0 155
0 1 747
1 2 716
1 3 768
0 2 1557
1 1 1544
0 0 120
0 1 945
0 2 942
0 0 133
1 2 797
1 0 829
0 3 739
1 1 1342
0 2 1505
1 0 753
1 3 769
1 1 815
0 0 134
0 2 840
0 0 160
1 2 798
1 3 829
0 1 748
1 1 1291
0 2 1218
0 0 121
0 1 937
1 2 710
0 2 1308
1 3 735
0 0 134
1 1 1539
0 3 736
0 2 939
0 0 141
1 3 928
1 2 907
1 1 1166
0 1 725
0 2 971
0 0 137
1 2 829
0 2 1450
0 3 1453
1 1 1454
1 3 1455
0 0 131
1 2 834
0 3 1416
0 2 1426
1 3 1426
1 1 1431
0 0 128
1 2 835
0 1 1416
0 2 1424
1 0 1416
1 1 1423
1 2 709
1 1 721
1 3 724
1 0 713
1 2 721
1 1 722
1 1 724
1 2 711
1 3 720
1 0 718
1 2 712
1 1 721
1 2 710
1 3 719
1 1 724
1 2 713
1 1 721
1 3 722
1 3 713
1 2 714
1 0 715
1 2 711
1 3 727
1 1 730
1 0 736
1 2 709
1 1 735
1 2 708
1 3 716
1 1 727
1 2 714
1 3 721
1 1 724
1 0 726
1 2 714
1 3 728
