0 1 369
0 0 371
0 2 918
0 0 115
0 1 117
0 2 646
0 0 126
0 1 126
1 0 143
0 2 1038
1 1 759
0 0 177
0 1 161
1 2 1373
1 0 142
0 2 1152
0 1 182
0 0 188
1 3 917
1 2 1445
0 2 1106
0 0 257
0 1 300
1 0 176
1 1 681
0 2 1514
1 2 1326
0 1 237
0 0 259
1 0 397
2 0 154
2 1 151
1 3 896
0 2 2277
0 1 144
0 0 147
1 2 2714
2 2 2728
2 1 531
2 0 535
1 0 177
0 2 2074
0 1 152
0 0 161
2 3 1535
1 1 1305
1 2 2092
1 0 400
2 1 143
2 0 191
0 2 2405
1 1 1172
0 0 104
0 1 111
1 2 3915
2 2 3829
1 0 148
2 0 137
2 1 143
0 2 3892
1 1 823
0 1 115
0 0 119
1 2 1830
1 0 276
2 2 2687
0 2 2020
1 1 807
2 1 363
2 0 364
0 1 204
0 0 205
1 2 1781
0 3 816
1 0 131
2 2 1648
1 1 1215
2 0 302
2 1 310
0 1 130
0 0 139
1 2 1954
1 0 109
1 1 747
2 2 2203
0 2 2075
2 1 316
2 0 341
0 0 147
0 1 155
1 2 1813
1 0 119
2 3 996
1 3 725
0 2 1374
0 1 239
0 0 261
1 2 1426
2 1 229
2 0 235
1 0 110
0 2 1660
2 2 1475
1 3 1001
1 1 1028
0 1 307
0 0 312
2 0 280
2 1 292
1 0 110
0 2 1718
1 1 655
2 2 1749
0 0 296
0 1 290
2 0 135
2 1 121
1 2 1982
1 0 123
1 1 649
0 2 2107
2 2 1969
0 0 436
0 1 432
2 1 145
2 0 131
1 2 2038
1 0 106
1 1 657
0 2 2230
2 2 1971
0 1 308
0 0 305
2 0 160
2 1 139
1 2 1989
1 0 100
1 3 640
0 2 2090
2 2 1947
0 0 282
0 1 288
2 1 130
2 0 132
1 2 1846
1 0 107
0 2 1904
2 2 1764
1 1 791
0 0 283
0 1 289
2 0 139
2 1 126
1 2 1581
2 3 641
1 0 126
0 2 1400
0 0 318
1 1 1298
0 1 333
2 1 127
2 0 163
1 2 1928
1 0 99
1 3 642
0 2 2107
2 2 1922
0 0 277
0 1 266
2 0 135
2 1 110
1 2 1996
0 2 2071
1 0 110
2 2 1958
0 1 297
0 0 313
2 0 175
2 1 139
1 1 1013
2 3 671
1 2 1808
0 2 1531
1 0 330
0 1 333
0 0 343
2 0 160
2 1 134
1 3 997
1 2 2028
0 2 2043
2 2 1783
0 1 296
0 0 305
2 0 135
2 1 125
1 0 102
1 3 641
0 2 2019
2 2 1897
1 2 1890
0 1 563
0 0 562
2 1 182
2 0 193
0 3 1053
2 2 730
1 0 187
2 0 191
2 1 194
1 1 1101
0 0 127
0 1 116
1 2 2018
2 2 2026
1 0 392
2 1 174
2 0 204
0 2 1879
1 3 950
1 1 977
0 0 274
0 1 279
2 2 1313
2 0 128
2 1 278
1 0 109
0 2 1660
1 1 819
0 0 134
0 1 126
2 2 2063
1 2 2073
2 1 124
2 0 275
1 0 102
0 2 2028
1 1 799
0 0 125
0 1 120
2 2 2062
1 2 2068
2 1 119
2 0 282
1 0 119
0 2 2014
1 1 809
0 0 147
0 1 135
2 2 2099
1 2 2110
2 0 110
2 1 141
1 0 124
0 2 1984
0 0 128
0 1 123
1 1 807
2 2 1883
2 0 109
2 1 104
1 2 2341
0 2 2043
1 0 110
0 0 137
0 1 145
1 1 802
2 2 1977
2 0 110
2 1 109
1 2 2178
0 2 2195
1 0 104
0 0 131
0 1 132
1 3 788
2 2 2006
2 0 105
2 1 120
1 2 2035
0 2 1899
0 0 400
0 1 396
2 2 1769
1 0 104
2 0 122
2 1 127
1 3 778
0 2 2185
0 1 117
0 0 120
1 2 2010
2 2 1976
2 1 116
2 0 116
1 0 118
0 2 1659
0 0 145
0 1 137
1 1 806
2 2 1954
2 0 114
2 1 119
1 2 2073
1 0 99
0 2 2068
0 0 148
0 1 118
1 1 802
2 2 2037
2 0 102
2 1 101
1 2 2020
1 0 136
0 2 2045
0 0 131
0 1 133
1 3 787
2 2 1791
0 3 661
1 2 1508
2 1 344
2 0 355
2 2 1467
2 0 110
2 1 119
2 2 648
2 1 103
2 0 110
2 2 641
2 1 111
2 0 113
2 3 648
2 0 115
2 1 105
2 2 650
2 0 110
2 1 103
2 2 647
2 1 102
2 0 104
2 2 645
