0 1 255
0 0 257
0 2 302
0 1 20
0 0 26
0 2 77
1 0 36
0 0 32
0 1 35
1 2 84
1 1 115
0 2 147
1 0 24
1 2 76
1 3 122
0 0 18
0 1 19
0 2 77
1 0 26
2 1 31
2 0 37
1 1 89
2 2 139
1 2 153
0 1 20
0 0 25
0 2 77
2 1 25
2 0 132
1 0 37
1 2 87
1 3 88
2 3 213
3 2 94
3 1 95
3 0 95
0 1 32
0 0 38
0 2 76
1 0 131
2 1 29
2 0 32
1 1 180
1 2 126
3 1 81
3 0 82
2 2 152
3 2 159
0 1 16
0 0 23
1 0 17
1 1 77
0 2 110
1 2 118
3 1 75
3 3 73
3 2 75
2 1 51
2 0 53
2 2 103
1 0 21
1 1 74
1 2 103
3 3 74
3 1 76
3 2 104
0 0 25
0 1 25
0 2 91
2 0 17
2 1 17
2 2 74
3 1 79
1 1 80
1 2 79
0 1 174
0 0 197
1 0 560
2 0 60
2 1 60
3 3 630
3 0 636
0 2 286
2 2 159
3 2 73
3 1 75
3 0 75
1 0 17
1 1 74
1 2 75
4 0 16
4 3 73
4 1 74
2 1 19
2 0 21
2 3 76
0 0 20
0 1 43
0 2 98
3 2 78
4 0 21
3 1 78
3 0 78
1 0 20
4 3 75
1 2 78
1 1 78
4 2 145
2 1 19
2 0 19
2 2 74
4 0 17
4 1 80
4 2 98
0 1 27
0 0 30
3 2 88
3 1 95
3 0 103
0 2 90
1 0 19
1 2 78
1 3 109
4 0 21
4 2 75
4 1 77
2 1 21
2 0 24
3 1 104
3 0 103
3 2 152
2 2 133
1 0 25
1 3 74
1 1 81
0 0 26
0 1 26
0 3 80
4 0 20
4 1 75
4 2 76
3 2 75
3 0 75
3 1 76
2 1 28
2 0 30
2 2 75
1 0 98
4 0 21
1 2 149
4 2 77
1 1 211
4 1 128
0 0 32
0 1 33
0 2 73
3 3 79
3 0 79
3 2 79
4 0 23
4 1 78
4 2 78
2 1 19
2 0 24
1 0 33
2 2 87
1 1 88
1 2 97
3 3 75
3 0 81
3 1 86
0 1 34
0 0 36
0 2 79
4 0 18
4 3 73
4 2 75
1 0 23
2 1 19
2 0 28
1 1 76
1 2 96
2 2 101
4 0 19
3 3 75
3 2 79
3 1 96
4 1 77
4 2 93
0 1 25
0 0 68
0 2 81
1 0 18
1 2 74
1 3 75
2 1 56
2 0 62
4 0 21
2 2 108
4 1 79
4 2 324
3 3 330
3 2 346
3 1 358
0 1 22
0 0 27
1 0 39
4 0 54
0 2 123
4 2 90
1 2 129
1 1 155
4 1 150
3 3 75
2 1 37
3 2 80
2 0 46
3 0 82
2 3 81
4 0 18
4 1 75
4 2 77
1 0 17
1 1 76
1 2 77
3 1 76
3 3 75
0 1 21
3 2 83
0 0 27
0 2 87
2 1 16
2 0 18
2 2 77
4 0 18
4 1 78
4 2 82
1 0 23
5 0 22
1 3 75
3 1 78
5 1 132
1 2 169
3 0 136
5 2 192
3 2 185
4 0 16
0 1 17
0 0 19
4 1 74
4 2 76
2 0 18
2 1 18
0 2 109
2 2 109
5 0 20
5 2 79
5 1 78
1 0 22
3 3 79
3 1 82
3 0 103
1 2 78
1 1 120
4 0 17
4 1 75
4 2 79
2 1 18
2 0 19
2 3 73
0 1 22
0 0 22
0 2 79
5 0 24
5 2 80
5 1 85
3 3 73
3 2 79
3 1 78
4 0 28
1 0 19
4 2 172
4 1 176
1 3 73
1 2 77
5 0 17
5 1 75
5 2 74
2 1 16
2 0 24
2 2 76
4 0 17
4 2 106
4 1 124
0 1 21
0 0 24
3 2 103
3 1 105
3 0 106
0 2 96
1 0 17
1 2 75
1 3 74
5 0 16
5 2 74
5 3 76
4 0 20
4 2 74
4 1 74
2 0 19
2 1 23
3 1 76
3 0 78
3 2 104
2 2 110
1 0 17
1 1 75
1 2 79
0 0 18
0 1 19
0 2 80
5 0 15
4 0 18
5 2 74
5 1 92
4 2 74
4 1 97
3 3 76
3 2 78
3 0 79
2 1 18
2 0 20
2 2 74
1 0 18
4 0 26
5 0 24
1 3 77
1 1 112
4 2 82
5 2 79
4 1 126
5 1 174
0 1 17
0 0 18
0 2 74
3 0 74
3 2 74
3 1 77
4 0 19
4 2 77
4 1 78
5 0 25
2 1 20
2 0 22
1 0 20
5 1 107
1 1 101
5 2 178
2 2 187
1 2 167
3 1 76
3 0 78
0 1 21
0 0 24
3 2 84
0 2 87
4 0 20
4 2 75
4 1 75
5 0 18
5 3 73
5 2 75
1 0 14
2 0 18
2 1 16
1 1 75
1 2 100
2 2 101
3 1 75
3 2 75
3 0 78
4 0 17
4 3 78
4 1 82
5 0 17
5 2 75
5 3 73
0 1 21
0 0 27
0 2 82
1 0 19
1 1 76
1 2 78
2 0 29
2 1 34
4 0 34
4 2 84
3 0 85
3 3 89
2 2 131
3 2 139
5 0 20
4 3 151
5 2 76
5 1 80
0 1 14
0 0 15
1 0 14
1 1 73
0 2 115
1 2 118
4 0 16
4 3 74
4 2 74
2 1 21
2 0 25
3 3 73
3 0 79
3 1 80
2 2 75
5 0 23
5 1 78
5 2 81
4 0 25
4 2 76
4 1 77
1 0 15
1 1 73
1 2 74
5 0 25
0 1 21
0 0 30
3 1 76
3 0 77
5 3 74
3 2 178
2 1 24
2 0 25
5 2 196
0 2 196
2 2 120
4 0 16
4 3 73
4 2 75
1 0 15
5 0 16
1 3 73
5 1 126
1 2 177
3 1 107
3 0 127
5 2 198
3 2 173
0 1 18
0 0 15
2 1 16
2 0 18
4 0 16
0 3 75
2 2 75
4 3 73
4 1 76
5 0 20
5 1 75
5 2 74
1 0 17
3 1 78
3 3 139
3 2 142
1 3 141
1 2 144
4 0 16
4 2 73
4 1 73
2 1 19
2 0 23
2 2 75
0 1 16
0 0 17
0 2 76
5 0 19
5 3 73
5 1 76
3 2 74
3 0 75
3 1 88
1 0 18
4 0 20
1 2 76
1 1 101
4 2 77
4 1 108
5 0 21
5 2 74
5 3 76
2 0 17
2 1 19
2 2 76
4 0 21
0 1 23
0 0 23
3 2 124
4 3 141
3 3 142
4 1 148
3 0 151
0 2 129
1 0 20
1 2 75
1 1 77
5 0 18
5 2 73
5 1 80
4 0 14
4 2 75
4 1 76
2 0 20
2 1 20
3 3 73
3 1 75
3 2 139
2 2 140
1 0 15
1 3 74
1 2 75
0 0 19
0 1 21
0 2 76
5 0 15
5 1 74
5 2 74
4 0 18
4 3 73
4 2 77
3 3 74
3 2 74
3 0 77
2 1 17
2 0 18
1 0 14
1 3 73
5 0 17
2 2 127
1 2 153
5 3 73
4 0 17
5 2 114
4 3 74
4 1 80
0 1 18
0 0 18
0 2 73
3 3 74
3 2 80
3 1 87
5 0 32
2 1 26
2 0 28
4 0 22
1 0 19
5 1 97
4 3 76
5 2 129
1 1 100
1 2 116
4 2 322
2 2 340
0 1 19
0 0 23
3 3 75
3 1 76
3 0 84
0 2 75
4 0 16
5 0 52
4 2 111
5 2 110
4 1 152
5 1 153
1 0 22
2 1 27
1 3 75
2 0 32
1 2 91
2 2 104
3 2 78
3 0 78
3 1 79
4 0 22
4 1 73
4 2 75
5 0 16
5 1 75
5 2 77
0 0 16
0 1 18
0 2 74
1 0 19
1 3 73
1 2 74
2 0 22
2 1 23
2 2 76
4 0 24
3 3 91
4 2 96
3 2 98
5 0 15
3 0 176
4 1 180
5 2 75
5 1 108
0 1 15
0 0 18
1 0 18
1 1 75
0 2 113
1 2 116
4 0 16
4 3 74
4 1 76
2 0 20
2 1 26
5 0 19
3 3 75
3 1 91
5 1 79
3 2 185
2 2 196
5 2 195
4 0 17
4 1 74
4 2 75
1 0 14
1 1 74
1 2 75
5 0 19
0 1 19
0 0 21
3 1 78
3 3 122
5 3 125
3 2 179
5 2 201
0 2 194
2 1 18
2 0 23
2 2 80
5 0 21
5 1 73
5 2 74
0 1 19
0 0 23
0 2 77
2 1 17
2 0 24
2 2 83
5 0 22
5 1 75
5 2 77
2 1 20
2 0 20
0 1 25
0 0 26
2 3 80
0 2 81
5 0 24
5 1 81
5 2 86
5 0 28
5 1 85
5 2 84
2 0 22
2 1 22
2 2 76
0 1 17
0 0 26
0 2 77
5 0 29
5 1 81
5 2 77
2 1 28
2 0 30
2 2 78
0 1 19
0 0 19
0 2 74
5 0 18
5 2 80
5 1 80
2 1 16
2 0 20
2 2 74
5 0 15
0 0 35
0 1 34
0 3 81
5 2 364
5 1 375
5 0 16
5 2 78
5 3 75
5 0 16
5 3 74
5 2 76
5 0 28
5 3 88
5 2 87
5 0 24
5 3 75
5 2 82
5 0 16
5 2 75
5 1 76
5 0 15
5 1 76
5 2 76
5 0 15
5 1 73
5 2 75
