0 0 315
0 1 671
0 2 676
0 0 80
0 3 455
0 2 465
1 3 671
1 1 700
0 0 173
1 2 730
0 3 641
0 2 709
2 0 233
1 2 570
1 3 599
0 0 78
1 1 761
2 1 566
0 3 597
2 2 1149
2 0 97
1 0 585
0 2 1367
1 2 592
1 3 782
2 2 645
2 3 706
0 0 152
2 0 104
1 0 585
0 3 1104
0 2 1226
1 3 1080
1 1 1192
2 3 1121
2 2 1142
0 0 149
2 0 233
0 1 850
0 3 975
1 2 696
2 2 484
1 0 788
0 0 87
1 3 1287
2 3 1079
0 1 442
0 2 440
2 0 97
0 0 270
1 2 790
0 1 773
3 1 84
3 0 85
1 3 1253
2 3 1194
3 2 428
1 1 1641
2 2 1755
0 2 1753
3 1 280
0 0 296
3 0 323
2 0 96
3 2 912
3 1 88
3 0 90
0 1 1158
0 2 1263
0 0 90
1 2 1136
1 0 1209
3 2 797
2 1 1206
1 1 1549
0 3 563
3 1 87
3 0 103
2 2 1430
2 0 87
1 0 558
3 2 867
2 3 445
0 2 1415
1 2 861
3 1 84
3 0 91
1 1 1163
3 2 504
0 0 108
2 2 1126
3 1 87
3 0 87
1 3 595
2 0 67
3 2 440
0 1 977
0 2 1186
1 0 1396
1 1 1411
3 0 124
3 1 125
0 0 104
2 1 1282
3 2 541
2 2 1340
0 1 818
3 1 185
3 0 194
2 0 84
0 2 1106
0 0 80
1 3 1009
1 2 1003
3 2 1034
2 3 952
4 2 317
4 0 317
0 1 788
4 1 321
3 0 290
3 1 296
1 1 1597
2 2 1536
3 2 723
0 2 1543
4 1 155
4 0 414
4 2 414
3 1 639
3 0 639
0 0 446
4 1 339
4 0 372
4 2 386
2 0 320
4 1 94
4 2 99
4 0 106
3 2 1283
1 2 1134
3 0 169
3 1 151
4 2 98
4 0 105
4 1 113
0 2 1726
1 0 1588
3 2 483
2 1 1535
1 1 1658
0 1 1956
2 2 1597
4 2 335
4 0 360
3 0 362
4 1 378
3 1 384
2 0 245
0 0 246
1 2 558
1 3 2050
4 0 1007
4 1 1012
4 2 1000
4 2 88
4 0 100
4 1 109
0 3 2537
3 3 2922
2 2 2925
0 1 3517
2 1 3522
1 0 3724
5 1 1774
4 0 654
4 2 639
4 1 673
2 0 84
4 2 91
4 0 95
4 1 93
5 0 3006
2 2 848
0 0 103
4 2 95
4 1 113
4 0 119
1 2 547
2 1 1345
2 0 71
4 2 78
4 0 92
4 1 96
1 1 1171
1 0 1176
0 1 1064
0 2 1069
2 3 526
0 0 75
4 2 85
4 1 94
4 0 115
1 3 537
1 2 536
0 1 427
2 2 1324
4 0 79
4 2 77
4 1 80
1 1 1243
0 2 1159
2 0 87
0 0 77
4 2 212
4 0 212
4 1 219
2 1 921
0 1 822
1 3 431
1 2 432
2 2 1111
4 2 82
4 0 82
4 1 83
2 0 80
0 2 1231
2 1 557
0 0 63
1 1 1285
4 1 77
4 0 82
4 2 86
0 1 460
2 2 1200
2 0 206
4 1 83
4 2 84
4 0 93
0 2 1186
1 2 513
0 0 88
1 0 856
2 1 954
4 0 86
4 2 73
4 1 85
0 3 543
1 1 1394
2 2 1367
2 0 102
4 2 95
4 1 93
4 0 107
0 2 1316
1 2 541
1 3 555
2 1 434
0 0 88
4 1 81
4 2 82
4 0 87
1 1 1232
2 2 1140
0 1 433
2 0 68
4 1 78
4 0 84
4 2 88
0 2 1112
0 0 68
2 1 732
1 2 427
4 2 79
4 0 88
4 1 88
1 0 630
0 3 434
2 2 1215
2 0 68
1 1 1287
4 0 80
4 2 80
4 1 85
2 3 534
0 2 1367
1 2 432
1 0 436
4 0 75
4 2 75
4 1 74
0 0 64
2 2 1230
1 1 1062
0 1 530
4 1 123
4 2 131
4 0 134
2 0 74
1 2 435
1 3 470
2 1 430
0 2 1092
4 0 94
4 1 99
4 2 106
0 0 101
1 1 1116
2 2 1052
0 1 430
0 3 441
2 0 69
4 1 89
4 0 91
4 2 88
0 0 71
2 1 882
2 2 908
4 2 81
4 0 85
4 1 94
1 2 506
2 0 68
2 3 438
1 0 1072
0 1 1023
4 0 72
4 2 70
4 1 78
1 1 1341
0 2 1367
0 0 83
4 1 88
4 2 83
4 0 96
2 2 1366
1 3 536
1 0 680
2 0 86
4 0 80
4 1 75
4 2 81
0 1 927
1 1 1213
0 2 1099
0 0 66
2 1 634
4 1 92
4 0 105
4 2 89
2 2 1126
0 1 563
1 2 444
1 3 474
2 0 80
4 1 90
4 2 89
4 0 104
0 2 1084
2 1 438
2 3 469
1 1 1020
0 0 89
4 2 84
4 1 87
4 0 112
2 0 84
0 3 613
0 2 722
1 2 521
4 1 87
4 0 97
4 2 133
0 0 72
2 3 1064
1 3 1059
2 2 1136
1 1 1129
0 1 434
4 2 84
4 1 92
4 0 141
0 2 857
2 0 64
4 0 113
0 0 119
4 2 119
4 1 120
1 2 511
1 3 522
2 1 750
0 1 662
4 0 67
4 1 69
4 2 69
2 2 1260
2 0 60
1 1 1354
0 2 1270
2 3 632
0 0 208
4 2 203
4 0 217
4 1 226
0 1 607
2 2 1223
1 2 426
1 3 444
0 2 1171
2 0 146
0 0 72
1 1 1110
2 1 505
0 3 437
2 2 1233
1 3 437
1 2 426
0 2 1173
2 0 70
2 3 569
0 0 74
1 1 1183
0 1 435
2 2 1057
0 2 807
1 2 511
0 0 92
2 0 117
1 0 609
1 1 785
2 3 448
0 2 763
2 1 896
1 2 432
1 3 600
0 1 1045
0 0 97
1 1 817
0 1 446
2 0 84
0 2 702
2 3 543
1 0 432
1 2 430
0 0 72
2 2 1087
0 3 436
1 1 1019
2 0 72
0 2 1118
1 2 435
1 3 447
2 1 430
0 0 71
1 1 1095
2 2 1085
0 1 429
2 0 74
0 2 934
2 1 737
0 0 84
1 2 557
1 0 740
0 3 439
2 2 1250
2 0 61
1 1 1312
2 1 425
0 2 1193
1 3 437
1 2 440
2 2 1163
0 0 71
2 0 66
1 1 1170
0 3 442
2 1 428
0 2 1144
2 2 1122
1 2 433
1 3 438
2 0 70
1 1 822
0 0 225
2 1 775
2 2 1013
0 2 947
2 0 72
0 1 987
1 2 432
1 3 445
2 2 457
1 0 876
2 1 716
2 0 63
1 2 427
1 3 857
1 1 864
2 3 857
2 2 865
2 0 61
1 2 426
1 0 849
2 1 849
1 1 869
2 2 865
2 0 81
1 2 553
1 3 954
1 1 976
2 3 832
2 2 860
1 2 428
1 3 431
1 1 433
1 0 432
1 2 427
1 3 434
