0 0 321
0 1 695
0 2 706
0 0 84
0 2 462
0 3 468
0 0 94
0 3 480
0 2 506
0 0 77
0 3 459
0 2 462
0 0 233
1 2 808
1 3 940
1 1 973
0 3 1056
0 2 1087
1 1 564
1 2 572
1 3 592
0 0 238
0 1 595
0 3 666
1 2 540
1 0 597
1 3 675
0 0 163
0 1 682
0 2 670
1 3 486
1 0 657
1 1 671
0 0 204
0 2 576
0 1 574
1 2 446
1 3 447
1 0 456
0 0 98
0 1 453
2 0 102
0 2 667
1 3 619
1 2 631
2 1 491
0 0 71
1 1 1240
0 3 579
2 2 1319
2 0 249
0 2 1468
2 3 616
1 0 605
1 2 474
0 0 187
2 2 1426
1 1 1417
3 0 315
3 1 316
0 1 843
2 0 80
1 0 668
3 2 1005
0 2 1493
2 3 1100
1 2 1620
3 0 680
3 1 703
4 1 729
4 0 733
4 2 207
0 0 220
1 1 2102
4 1 103
4 0 284
4 2 282
3 2 1478
0 1 959
4 2 332
3 0 131
3 1 131
4 0 150
4 1 359
2 2 2649
1 3 1117
1 0 1156
4 0 112
4 2 104
4 1 106
3 2 624
0 2 2130
1 1 2187
4 2 238
4 0 254
3 0 686
3 1 688
0 0 691
4 1 421
2 0 266
3 2 1156
0 1 938
2 3 950
4 1 277
4 0 404
4 2 413
3 1 221
3 0 230
4 1 94
4 0 102
4 2 87
0 2 2117
1 3 628
2 2 1775
0 0 311
4 0 132
4 2 113
4 1 128
3 2 1374
1 2 1269
0 1 1158
1 1 1985
3 0 284
3 1 310
4 0 293
4 2 294
4 1 298
2 0 158
3 2 816
0 2 1755
2 3 852
4 1 1268
4 0 1311
4 2 1314
0 0 353
3 0 1014
3 1 358
2 2 2205
4 0 102
4 1 112
4 2 99
0 3 1424
1 1 663
3 2 2399
0 1 2426
1 2 1598
4 1 659
4 2 648
4 0 657
1 0 1889
2 0 473
3 1 145
3 0 233
4 0 127
4 2 118
4 1 122
2 2 1128
4 0 125
4 1 129
4 2 114
0 0 135
1 3 1101
3 2 1374
2 1 2032
1 2 1792
3 1 478
4 2 269
4 1 290
3 0 497
4 0 303
2 0 148
0 2 1011
1 0 2010
0 1 1663
3 2 736
2 3 625
4 1 139
4 2 276
4 0 284
2 2 1025
3 0 300
3 1 280
0 0 466
4 0 233
4 2 253
4 1 250
3 2 788
0 1 1693
2 0 318
4 1 349
4 0 360
4 2 349
3 0 120
3 1 133
0 2 2025
1 0 1469
4 1 123
4 2 232
4 0 266
0 0 93
1 1 1879
1 2 1938
3 2 1364
4 0 243
4 2 229
4 1 247
3 1 452
4 0 141
4 2 144
3 0 445
4 1 141
2 2 2480
2 1 2521
0 1 1698
1 2 960
1 3 993
4 1 107
4 0 113
2 0 304
4 2 103
0 2 2476
2 3 837
0 0 288
4 2 94
4 0 95
4 1 91
1 1 2567
0 1 618
4 0 92
4 2 78
4 1 80
2 2 2394
4 1 110
4 2 120
4 0 100
3 3 3403
1 2 603
1 3 619
0 2 2338
4 2 216
4 0 217
4 1 217
0 0 69
1 1 1674
3 1 186
3 0 187
4 0 102
4 2 104
4 1 105
0 3 538
0 2 684
3 2 612
3 1 205
4 2 202
4 1 217
3 0 234
4 0 228
1 0 653
1 1 655
0 0 72
1 2 849
4 1 102
4 2 104
4 0 110
0 1 546
3 2 959
0 2 832
3 0 94
3 1 92
1 3 562
1 1 842
4 0 108
4 1 118
1 2 928
0 0 109
4 2 123
3 2 742
0 3 545
0 2 553
3 1 172
3 0 189
4 2 195
4 1 197
4 0 198
0 0 75
4 0 85
1 0 623
4 2 83
4 1 97
1 1 644
3 2 981
3 0 75
1 2 940
3 1 82
0 1 776
0 2 805
4 0 84
4 1 85
4 2 80
0 0 75
1 1 587
3 2 855
1 0 747
1 2 1006
0 3 633
4 2 135
4 0 147
3 1 151
3 0 159
4 1 148
0 1 831
1 2 528
1 3 551
4 1 77
4 2 74
4 0 81
0 0 71
3 3 1010
1 1 1142
0 1 437
4 0 108
4 2 101
4 1 116
3 1 92
3 0 100
0 2 729
0 0 71
4 2 77
3 2 771
4 1 81
4 0 84
3 0 205
3 1 221
4 0 82
4 2 83
4 1 93
1 2 966
0 1 1097
1 0 1103
1 1 1105
0 2 1114
3 2 767
3 0 129
0 0 248
3 1 117
4 2 109
4 0 108
4 1 134
3 2 434
1 3 559
1 0 1044
1 1 1044
0 1 1049
3 0 105
0 2 1059
3 1 110
4 1 108
4 2 106
4 0 121
0 0 67
3 2 522
3 0 78
3 1 80
0 3 708
0 2 719
1 3 602
1 1 625
1 2 863
0 0 70
3 2 864
3 0 97
3 1 98
0 1 558
0 2 562
3 2 700
1 3 674
1 1 717
0 0 86
3 0 213
3 1 214
1 2 971
0 1 438
0 2 473
3 2 709
3 0 77
3 1 80
0 0 70
1 3 444
0 1 441
1 1 705
3 2 842
1 2 839
0 2 838
3 1 77
3 0 78
0 0 78
3 2 663
3 1 89
3 0 95
1 2 806
0 2 916
0 3 901
1 3 900
1 1 908
3 2 581
3 0 108
3 1 110
0 0 98
0 1 455
1 3 449
3 2 730
0 2 783
1 2 830
1 1 857
3 0 76
3 1 83
0 0 72
3 2 569
3 0 84
3 1 81
0 1 735
0 2 737
1 0 617
1 1 616
1 2 793
0 0 75
3 2 802
3 1 76
3 0 88
0 1 449
1 3 443
0 2 921
1 2 892
1 1 921
0 0 68
3 2 876
3 1 76
3 0 91
0 3 440
0 2 447
3 2 733
1 0 444
1 1 567
3 1 197
3 0 199
0 0 77
1 2 852
0 1 434
0 2 490
3 2 855
1 3 570
3 0 78
3 1 80
1 1 655
0 0 65
1 2 884
0 3 434
0 2 452
3 2 609
3 0 103
3 1 94
0 0 83
1 0 583
1 1 705
0 3 438
3 2 931
1 2 940
0 2 574
3 1 78
3 0 100
0 0 68
1 3 587
1 1 670
3 2 927
1 2 934
0 1 438
0 2 515
3 0 74
3 1 87
3 2 597
3 1 68
1 1 436
3 0 75
1 3 436
1 2 614
3 2 556
3 1 83
3 0 93
1 2 433
1 0 467
1 3 463
3 3 472
1 2 440
1 3 452
1 1 461
1 2 429
1 0 445
1 1 447
1 2 427
1 1 438
1 3 438
1 2 427
1 1 434
1 3 435
1 2 437
1 3 438
1 0 444
