0 0 309
0 1 646
0 2 645
0 0 67
0 2 375
0 3 385
0 0 59
0 3 377
0 2 379
1 3 377
1 1 383
1 2 403
0 0 85
0 2 631
0 3 741
1 2 479
1 1 712
1 3 712
0 0 112
0 2 487
0 3 661
1 2 469
1 0 487
1 3 619
0 0 173
0 1 578
1 1 409
0 3 707
1 0 639
1 3 636
0 0 155
0 2 506
1 2 424
1 3 446
0 1 784
1 0 767
0 0 79
0 1 395
1 2 383
1 3 398
0 2 635
1 1 667
0 0 183
1 2 444
0 1 819
1 0 809
0 2 841
1 1 852
2 0 135
0 0 88
1 2 471
0 3 372
2 1 994
1 0 808
2 2 1336
1 1 1143
2 0 98
0 2 1143
1 0 472
0 0 78
2 3 867
1 3 848
0 1 368
2 2 1050
1 1 1037
0 2 689
2 0 210
0 0 84
1 2 363
0 1 387
2 3 808
1 3 679
2 2 1095
1 1 1032
0 2 1132
0 0 79
2 0 197
0 1 527
2 3 494
1 2 365
1 0 423
0 2 881
2 2 1012
0 0 229
1 1 1050
0 1 589
2 0 73
0 2 722
1 2 372
1 0 449
2 2 467
1 3 776
0 0 69
2 3 888
0 1 415
0 3 494
2 0 73
1 2 478
1 1 595
1 0 659
0 0 67
2 1 724
2 2 771
0 1 738
1 2 506
1 3 547
2 0 82
0 2 1065
2 3 388
3 1 95
3 0 117
0 0 73
1 1 1183
3 2 533
0 1 530
2 2 1078
3 1 99
3 0 107
0 2 869
2 0 208
1 3 498
0 0 87
1 1 749
3 2 810
1 2 805
3 0 85
3 1 84
2 1 822
0 1 714
3 2 404
2 2 984
0 2 916
2 0 189
0 0 85
1 2 548
1 0 574
3 0 109
3 1 114
2 3 498
0 1 472
3 2 425
1 1 1054
4 0 85
4 2 101
4 1 113
2 2 1238
3 1 94
0 2 1167
3 0 151
1 3 542
0 0 76
1 2 683
5 0 721
4 0 135
4 1 140
4 2 134
0 3 667
2 0 147
3 2 1058
1 1 1473
2 1 431
5 2 1144
3 0 129
4 2 111
4 1 122
3 1 142
4 0 131
5 1 1567
0 2 1604
3 2 744
4 2 286
4 0 309
4 1 310
3 0 99
3 1 104
2 2 1593
0 0 66
2 0 60
4 2 73
4 0 84
4 1 77
1 0 1154
5 0 1185
1 2 1234
5 2 1236
3 2 957
1 1 1497
3 0 76
3 1 87
5 1 1539
0 1 1384
4 2 476
4 0 480
4 1 486
2 1 1377
0 2 1679
4 0 108
5 3 407
4 2 117
1 0 789
4 1 133
0 0 175
3 2 1140
2 2 2003
3 1 82
3 0 81
0 3 783
1 2 1604
2 0 118
4 0 109
4 2 100
4 1 116
5 2 1327
2 1 384
3 2 858
1 1 2003
3 1 87
3 0 95
5 1 1779
4 1 112
4 0 98
4 2 99
0 2 1827
1 3 653
3 2 936
2 2 1721
1 2 1171
4 0 308
4 2 322
4 1 330
3 0 140
3 1 133
0 0 132
2 0 93
5 3 647
1 1 1427
0 1 400
4 0 93
4 1 94
4 2 94
5 2 928
2 3 715
3 2 865
3 1 67
3 0 74
5 1 1528
4 0 83
4 2 89
4 1 94
1 2 624
1 0 646
2 2 1671
4 0 126
4 2 118
4 1 129
5 2 385
5 0 417
0 2 2454
2 0 77
4 1 81
4 2 91
4 0 91
0 0 92
1 1 1912
3 3 1944
0 3 481
2 1 757
5 1 1487
1 3 728
0 1 1119
4 2 149
4 0 169
3 1 176
4 1 182
3 0 189
1 0 948
2 2 1798
5 3 714
4 1 97
4 2 115
4 0 156
1 1 1522
2 0 104
0 0 118
3 2 952
5 2 949
3 1 112
4 1 111
3 0 143
4 2 128
4 0 136
5 1 1574
3 2 468
2 1 988
0 1 983
1 3 517
3 1 116
3 0 105
4 1 99
4 0 97
4 2 102
2 2 1452
0 2 1477
1 2 815
2 0 203
0 0 80
5 3 477
1 1 1221
4 1 84
5 0 673
4 2 76
4 0 101
3 2 890
5 2 814
3 0 85
3 1 99
4 0 87
4 2 87
4 1 99
2 1 1167
0 1 1057
2 2 1224
0 2 1160
2 0 187
3 2 918
0 0 74
3 1 67
1 3 645
3 0 78
4 2 71
4 0 75
4 1 74
5 3 622
1 2 1029
2 1 791
0 1 676
5 2 1032
3 2 761
3 1 212
3 0 220
1 1 1644
4 2 81
4 1 85
4 0 78
5 1 1528
2 2 1530
2 0 76
0 2 1575
4 0 122
4 1 112
0 0 100
4 2 112
2 1 594
1 2 748
1 3 836
5 2 537
4 2 67
4 0 85
4 1 77
3 3 1730
0 3 787
5 3 887
2 2 1787
4 1 78
4 2 79
4 0 82
3 0 89
3 1 89
2 0 69
1 1 2034
0 2 1893
3 2 503
2 3 492
5 1 1989
4 0 82
4 2 90
4 1 81
2 2 763
3 1 126
3 0 130
0 0 88
4 0 103
4 1 121
4 2 124
0 1 567
2 0 91
1 3 836
5 3 658
1 2 1140
2 1 416
3 2 1048
1 1 1295
5 2 1098
3 1 118
3 0 119
4 0 120
4 1 132
4 2 136
0 2 1477
5 1 1425
3 2 363
0 0 232
2 2 1565
3 1 159
3 0 177
0 1 524
1 3 513
4 1 162
4 0 176
4 2 181
2 0 76
1 2 800
5 3 367
2 1 385
4 1 78
4 0 79
4 2 88
3 2 865
5 2 654
3 0 68
3 1 71
0 2 1461
1 1 1473
0 0 82
3 2 397
4 0 85
4 2 90
4 1 94
2 2 1463
0 1 653
3 0 85
3 1 76
2 0 64
5 1 1632
4 0 94
4 2 110
4 1 116
1 0 572
2 3 511
1 2 740
3 2 818
0 2 1449
3 0 246
5 0 488
3 1 276
4 0 133
4 1 140
4 2 133
0 0 168
5 2 711
1 1 1471
0 3 386
2 2 1443
3 2 697
3 0 254
1 3 517
3 1 261
4 0 129
4 1 112
4 2 127
2 0 64
1 2 697
5 1 1648
3 2 637
2 1 371
0 2 1411
4 2 135
4 0 151
3 0 135
4 1 163
3 1 136
1 1 1501
5 3 581
0 0 66
5 2 935
4 1 96
4 2 83
4 0 102
3 2 733
2 2 1478
3 1 92
3 0 110
2 0 90
5 1 1427
0 1 930
4 0 111
4 2 104
4 1 116
2 3 593
1 2 775
3 2 812
0 2 1285
1 0 1126
1 1 1143
3 0 221
3 1 99
0 0 87
2 1 1153
4 0 121
4 2 127
4 1 132
1 3 400
5 0 657
2 0 71
0 1 833
4 1 72
4 0 76
4 2 75
2 3 489
5 2 1115
3 2 1124
1 2 1055
3 1 63
3 0 72
5 1 1316
0 2 1364
1 1 1345
0 0 77
4 2 105
3 2 638
4 1 130
4 0 150
5 3 524
0 1 389
5 2 644
3 1 64
3 0 71
2 2 1530
1 0 522
2 0 64
5 1 1351
3 2 823
1 2 827
0 2 1281
2 1 512
3 0 232
3 1 233
0 0 90
1 1 1399
0 3 385
3 2 664
5 0 374
3 1 64
3 0 65
1 3 375
2 2 1325
5 2 966
2 0 175
1 2 955
0 2 1415
2 3 473
3 2 810
3 1 68
3 0 70
5 1 1578
1 1 1354
0 0 80
3 2 453
0 1 385
2 2 1353
5 3 521
3 0 79
3 1 81
5 2 699
1 3 410
2 0 64
0 2 1221
1 2 759
2 1 365
5 1 1263
3 2 720
0 0 67
3 1 77
3 0 82
0 3 467
1 1 1337
3 2 422
5 0 372
2 2 1284
5 2 553
3 1 222
3 0 238
2 0 100
0 2 1253
1 0 389
5 1 1020
0 0 62
3 2 762
1 2 781
1 3 970
2 2 945
3 1 75
2 3 1009
3 0 91
5 2 844
2 0 59
0 2 995
5 1 1017
0 3 1128
3 2 719
5 3 1345
2 1 508
3 1 129
1 1 647
3 0 130
1 2 712
0 0 68
3 2 466
1 3 1022
2 3 995
3 0 87
5 2 605
3 1 112
0 1 847
2 0 60
0 2 971
5 0 970
1 2 354
2 3 369
1 0 503
5 1 1323
5 2 359
5 3 361
3 3 1365
2 2 1538
1 1 1631
5 1 1092
2 0 67
1 2 377
1 3 394
1 1 598
2 1 617
5 2 447
2 2 772
5 0 616
2 0 67
1 2 359
1 3 375
5 1 1037
2 1 376
5 2 363
5 0 396
1 1 969
2 2 970
2 0 74
5 1 948
2 1 645
2 2 690
1 0 631
5 1 632
1 2 671
1 3 710
5 2 675
5 3 719
2 0 76
2 1 553
2 2 562
5 2 355
5 3 358
5 1 364
2 0 80
2 1 376
2 2 374
5 3 364
5 1 364
5 0 369
2 0 56
5 2 361
2 1 589
2 2 616
5 0 594
5 1 612
2 0 65
5 2 359
2 3 725
5 3 729
5 1 731
2 2 853
2 0 62
5 2 366
5 0 718
2 1 719
5 1 731
2 2 732
2 0 90
5 2 450
5 0 456
5 1 628
2 3 367
2 2 593
5 2 360
5 3 371
5 1 428
5 2 364
5 3 368
5 1 373
5 2 358
5 3 365
5 1 368
5 0 386
5 3 398
5 1 405
5 2 358
5 3 368
5 1 374
5 2 354
5 0 364
5 1 370
5 3 366
5 2 368
5 0 368
5 2 364
5 3 371
5 1 372
5 3 370
5 2 369
5 1 374
5 2 365
5 3 373
5 1 380
