0 1 300
0 0 299
0 2 617
1 0 70
0 0 77
0 1 73
1 1 375
1 2 395
0 2 454
2 0 79
2 1 83
1 0 67
2 2 564
1 3 367
0 0 71
0 1 66
1 2 598
2 1 101
2 0 106
0 2 450
1 0 60
2 3 799
0 0 85
0 1 84
1 1 629
1 2 743
1 0 143
2 0 87
2 1 80
1 3 422
0 2 1047
0 0 67
0 1 69
1 2 1060
2 2 1210
1 0 163
2 1 167
2 0 170
0 2 1062
1 1 465
0 1 63
0 0 65
2 2 1117
1 2 1141
1 0 68
2 1 70
2 0 74
0 2 1113
1 1 491
0 0 63
0 1 63
3 0 364
2 2 1225
3 1 392
1 2 1259
2 0 90
2 1 224
1 0 66
1 1 363
0 2 1328
0 1 63
0 0 63
3 2 1493
2 2 1514
3 1 483
3 0 493
2 0 64
2 1 59
1 2 1613
0 2 1398
1 0 286
4 0 166
2 3 557
0 0 140
0 1 134
4 3 559
3 2 1372
2 1 76
2 0 76
1 1 1118
4 1 1047
3 3 366
3 1 377
1 2 1654
4 0 82
0 2 1606
1 0 174
0 1 72
0 0 94
4 3 494
4 2 516
1 1 471
3 2 1535
4 0 68
2 2 1836
2 0 75
2 1 81
4 1 498
4 2 533
1 2 1385
3 3 444
4 0 86
1 0 69
0 2 1523
0 1 80
0 0 73
3 1 869
4 2 662
4 1 812
1 1 796
4 0 56
2 2 1603
3 2 1624
4 2 439
4 1 457
2 0 93
2 1 89
1 2 1430
4 0 175
1 0 89
0 2 1544
0 1 86
0 0 91
2 2 1323
1 3 792
4 1 941
4 2 1095
1 2 997
3 0 951
2 0 95
2 1 216
3 3 1088
4 0 64
3 1 1328
2 2 612
1 0 72
4 1 537
0 3 1322
1 3 681
4 2 1120
2 1 157
2 0 187
1 1 1130
4 0 64
0 1 80
0 0 81
3 0 871
4 3 479
3 1 1070
1 0 60
4 2 772
3 2 3062
2 2 3252
1 1 2191
2 0 99
2 1 98
4 0 87
0 2 3031
0 0 79
0 1 80
3 1 691
3 0 834
1 2 3101
4 1 703
4 2 709
1 0 176
4 0 78
3 2 1442
4 2 364
1 1 955
0 2 1385
3 1 463
4 1 874
0 1 173
0 0 188
4 0 79
1 2 1476
4 2 368
3 0 1037
1 0 60
2 2 2694
4 1 803
3 2 1500
2 1 216
2 0 222
4 0 96
0 2 1407
1 1 969
0 1 74
0 0 95
1 2 1311
1 0 67
4 1 940
3 0 925
2 3 1328
1 3 450
3 2 1195
4 2 1247
3 1 1234
4 0 306
0 2 1363
2 0 116
2 1 119
0 1 80
0 0 90
1 2 1415
4 1 1020
3 0 827
4 2 862
3 1 825
4 0 69
1 0 185
3 2 1439
4 2 506
2 2 1524
4 1 805
3 3 473
0 2 1737
2 1 230
2 0 241
4 0 134
0 0 86
0 1 88
1 1 1104
4 2 387
3 0 1143
1 2 1497
4 1 797
1 0 161
3 2 1606
4 0 76
4 2 373
2 2 1529
2 0 87
2 1 85
0 2 1564
1 1 1039
1 2 1083
0 0 110
0 1 112
4 1 1017
3 3 599
1 0 66
4 0 64
3 0 1014
3 1 1180
1 3 580
2 3 1149
0 2 920
4 1 501
1 2 1197
4 2 1002
0 1 964
0 0 1175
4 0 111
2 1 66
2 0 72
0 2 1570
3 3 686
1 0 79
0 1 80
0 0 82
4 1 700
3 1 1093
4 2 1062
4 0 60
1 1 543
4 2 361
4 1 385
2 2 1322
4 0 149
2 1 69
2 0 75
1 2 1388
0 2 1444
3 2 2309
4 2 563
1 0 186
4 1 571
0 1 81
0 0 82
4 0 172
1 3 549
4 1 549
3 3 353
4 2 753
2 2 1433
4 0 60
2 0 68
2 1 70
3 1 744
1 2 1498
4 1 467
4 2 540
0 2 1749
1 0 67
4 0 62
0 0 67
3 2 1497
0 1 68
4 1 462
2 2 1408
4 3 899
1 3 930
2 1 105
2 0 107
3 0 375
3 3 629
4 0 62
1 2 1567
0 2 1565
4 3 355
4 2 473
0 1 176
0 0 190
1 0 63
3 2 1518
2 2 1463
1 1 454
4 0 304
2 0 85
2 1 323
4 3 818
4 2 842
3 3 677
3 1 691
0 2 1615
1 2 1654
0 1 167
0 0 168
1 0 67
4 0 67
1 3 357
3 2 1461
4 2 459
2 2 1646
2 1 71
2 0 69
1 1 868
0 2 1146
4 1 860
0 0 209
0 1 213
4 0 85
1 0 65
4 3 477
3 0 714
2 2 1326
3 1 913
1 1 466
4 2 810
2 1 70
2 0 71
4 0 56
3 2 1604
0 2 1604
0 0 93
0 1 84
4 3 564
1 2 1506
4 1 605
2 2 1131
1 0 73
3 3 570
2 1 77
2 0 80
3 0 875
4 0 56
0 3 922
3 1 950
1 1 821
1 2 836
2 2 859
1 0 81
4 2 603
2 1 185
2 0 186
0 0 99
0 1 103
4 1 1149
3 3 356
3 1 370
4 0 58
1 1 885
4 2 364
4 1 398
1 2 1271
1 0 165
4 0 58
2 2 1420
2 1 66
2 0 70
4 3 354
0 2 1688
3 2 1719
1 1 854
0 0 78
0 1 77
4 1 755
1 2 1569
4 0 66
1 0 61
3 1 655
2 2 1503
3 0 790
4 2 589
2 0 77
2 1 75
0 2 1585
4 1 936
0 0 66
0 1 67
1 1 883
4 0 56
4 3 356
4 2 367
3 2 1916
1 2 1470
1 0 74
2 2 1528
4 0 72
3 1 597
2 1 73
2 0 83
3 0 803
0 2 1574
1 3 720
4 1 701
0 0 83
0 1 86
4 3 741
4 0 58
3 2 1648
1 2 1678
4 2 372
2 2 1430
4 3 623
3 0 479
2 0 87
2 1 76
1 0 62
3 3 778
0 2 1671
4 0 86
0 0 99
0 1 108
1 3 584
4 1 382
4 2 382
3 2 1407
4 0 65
2 2 1518
2 0 69
2 1 75
1 2 1550
4 1 711
4 2 719
3 1 880
0 2 1727
3 0 887
4 0 82
1 0 68
0 0 72
0 1 76
4 2 496
3 2 1504
2 2 1446
4 1 959
1 1 950
2 0 97
2 1 91
4 0 70
3 1 388
4 3 409
1 2 1616
3 0 898
1 0 59
4 1 791
0 2 1757
1 1 611
0 0 79
0 1 89
4 0 61
3 2 1609
2 2 1688
2 1 71
2 0 70
4 2 671
4 1 681
3 1 672
3 0 680
1 2 1675
1 0 55
1 3 539
3 2 1528
0 2 1892
2 2 1422
0 1 93
0 0 102
2 1 87
2 0 85
3 0 377
3 3 484
1 2 1464
1 0 53
3 2 1378
0 2 1349
2 2 1323
1 3 364
0 1 197
0 0 203
2 1 88
2 0 85
3 0 362
3 1 366
1 2 1132
3 3 367
0 2 1129
2 2 1024
1 0 202
2 0 130
0 1 131
0 0 93
2 1 85
3 1 455
1 1 833
3 0 777
1 2 1335
2 2 1325
1 0 205
2 0 191
2 1 192
3 2 1582
0 2 1615
0 1 69
0 0 73
2 3 656
1 3 813
3 0 511
3 1 662
1 2 1193
2 0 59
2 1 57
3 2 1348
1 0 86
0 2 1278
0 0 65
0 1 66
3 1 479
1 3 827
3 3 791
2 2 1438
2 0 62
2 1 57
1 2 1413
3 2 1405
0 2 1458
2 2 1097
0 0 196
0 1 196
1 0 242
2 0 85
2 1 74
0 3 845
3 1 626
1 1 842
3 0 864
1 2 1253
3 2 1168
2 2 1169
1 0 62
3 3 369
1 1 653
1 2 713
3 0 609
3 2 636
3 2 361
3 1 361
3 3 377
3 3 356
3 2 361
3 0 366
3 3 356
3 1 358
3 2 361
3 3 359
3 0 364
3 1 365
3 1 367
3 0 367
3 2 368
3 3 357
3 2 361
3 0 363
3 3 356
3 2 361
3 1 360
3 3 355
3 2 359
3 1 361
