0 0 448
0 2 1028
0 1 1026
0 0 129
0 2 812
0 3 826
0 0 135
1 2 904
1 3 1368
1 1 1377
0 3 1330
0 2 1346
0 0 162
1 2 880
1 3 1262
1 1 1421
0 3 1232
0 2 1267
0 0 208
1 2 729
1 0 782
1 3 1164
0 2 2088
2 0 542
0 3 2370
0 0 154
1 1 820
1 0 881
1 3 1801
3 1 317
3 0 329
0 1 1879
0 3 1902
1 2 725
1 3 760
0 0 138
1 0 841
0 2 945
0 1 1039
0 0 178
1 2 885
1 3 944
0 1 795
1 1 1551
0 2 1462
0 0 115
1 2 773
0 2 1232
0 1 1235
0 0 118
1 0 1188
1 1 1394
0 3 918
1 0 749
1 2 756
0 2 1572
1 1 1219
4 0 4
0 0 118
1 3 1652
1 1 2124
1 0 2133
0 1 1946
0 2 1273
0 0 107
0 1 809
1 2 711
1 3 743
0 2 1222
0 0 104
1 1 1357
0 1 868
0 2 1066
0 0 199
1 2 756
1 0 1454
0 2 1431
1 1 1476
0 1 1450
0 0 117
1 2 712
1 3 1243
0 3 1430
1 0 1463
0 1 1465
0 0 145
1 2 715
1 0 1411
0 1 1414
1 1 1444
0 2 1443
0 0 166
1 2 712
1 3 741
0 1 747
1 1 1429
0 2 1428
0 0 109
0 1 837
0 2 1068
1 2 776
0 0 128
1 3 807
1 1 1392
0 1 733
0 2 1080
0 0 198
0 3 803
1 2 711
1 0 748
0 2 1406
1 1 1343
0 0 121
1 2 794
1 3 820
0 1 736
1 1 1194
0 2 1203
0 0 198
0 3 805
1 2 716
1 0 754
0 2 1421
1 1 1357
0 0 126
1 2 800
1 1 1128
1 0 1137
0 1 1135
0 2 1407
1 2 716
0 0 114
1 3 809
1 1 1057
0 1 845
0 3 902
0 0 140
1 2 716
1 0 963
1 1 977
1 3 742
0 1 1415
0 2 1438
0 0 272
1 1 1384
1 0 1401
0 2 1071
0 1 1086
0 0 167
1 2 726
0 1 760
1 3 752
0 2 1462
1 1 1469
0 0 226
0 2 1021
0 3 1022
1 2 796
1 1 1014
1 3 1016
0 0 269
0 1 836
0 2 1190
1 2 714
1 3 850
0 0 137
1 1 1463
0 1 746
0 2 1021
0 0 269
0 1 888
1 2 710
1 3 739
0 2 1481
1 1 1362
0 0 184
0 3 902
0 2 948
1 2 789
1 3 866
0 0 119
1 1 984
0 1 829
0 2 963
0 0 134
1 2 789
1 0 1244
1 1 1425
0 1 1180
0 2 1392
0 0 137
1 2 841
1 3 872
0 1 750
1 1 1505
0 2 1267
0 0 121
0 3 797
1 2 710
1 0 743
0 2 1240
1 1 1173
0 0 120
1 2 782
1 3 805
0 1 746
1 1 1333
0 2 1263
0 0 132
0 3 801
1 2 710
1 0 739
0 2 1259
1 1 1205
0 0 116
1 2 1088
1 1 1605
1 3 1618
0 2 1540
0 3 1545
0 0 124
1 2 725
1 3 757
0 1 754
1 1 1270
0 2 1367
1 2 769
1 3 804
1 0 805
1 2 709
1 3 719
1 1 722
1 2 778
1 0 796
1 1 796
1 2 731
1 3 772
1 1 785
1 2 791
1 1 796
1 3 799
1 2 725
1 3 731
1 0 737
