0 0 304
0 1 628
0 2 632
0 0 63
0 2 384
0 3 392
0 0 62
0 2 382
0 3 379
1 3 390
1 1 401
1 2 407
0 0 69
0 3 426
0 2 527
1 2 364
1 3 523
1 1 528
0 0 214
0 2 513
1 2 494
1 0 506
0 3 812
1 3 856
0 0 120
1 1 394
0 1 703
0 3 800
1 3 787
1 0 797
0 0 212
1 2 428
0 2 481
1 3 443
0 1 817
1 0 842
0 0 138
0 1 483
1 2 420
1 3 441
0 2 792
1 1 777
0 0 76
1 2 372
0 1 614
0 2 631
1 0 672
1 1 682
2 0 88
3 0 174
3 1 182
0 0 160
0 3 414
1 2 730
2 1 852
1 0 857
3 2 707
3 1 60
3 0 87
2 2 1171
1 1 1324
2 0 92
3 2 518
0 2 1322
1 0 411
3 1 76
3 0 87
0 0 66
2 3 818
1 3 809
3 2 453
2 2 1056
0 1 403
1 1 1046
0 2 642
3 1 126
3 0 245
2 0 63
0 0 60
3 2 809
0 1 481
3 0 74
3 1 77
1 2 707
2 3 777
1 3 780
2 2 1022
3 2 429
1 1 1109
0 2 1055
0 0 323
3 1 274
3 0 323
2 0 180
2 3 446
0 1 784
3 2 763
1 0 659
3 1 69
3 0 75
1 2 714
0 2 1237
2 2 1164
3 2 421
0 0 77
1 1 1097
3 0 79
3 1 84
2 0 67
0 1 754
0 2 758
1 0 783
1 3 992
2 2 762
1 2 1036
0 0 262
4 1 96
3 2 923
4 0 120
4 2 123
2 3 1099
3 1 87
3 0 104
0 1 683
4 1 78
4 2 95
4 0 112
0 3 1003
3 2 747
2 0 107
1 0 1331
3 1 868
1 2 1367
3 0 877
1 1 1377
4 2 773
4 0 793
4 1 798
0 0 150
4 0 95
4 2 107
4 1 108
1 3 489
2 1 1649
3 2 1582
2 2 1743
0 1 1110
4 2 127
3 1 313
3 0 316
4 1 124
2 0 176
4 0 162
5 0 1519
5 2 1540
1 2 1170
2 3 386
5 1 1727
3 2 810
1 1 1556
4 0 793
4 2 802
3 0 431
4 1 462
3 1 454
5 2 1398
5 0 1408
0 2 3054
4 1 78
4 0 86
4 2 73
0 0 378
4 0 102
2 2 2750
4 2 96
4 1 113
1 2 664
1 3 798
0 1 687
4 0 66
5 1 2905
4 1 229
4 2 237
2 0 80
3 3 2646
4 1 341
4 0 341
4 2 346
2 1 792
5 2 744
5 3 767
3 1 101
4 0 84
4 1 85
3 0 94
4 2 87
1 1 2554
0 2 2787
3 2 716
0 0 210
4 2 524
4 0 524
4 1 700
3 1 446
3 0 450
2 2 2646
5 1 2570
4 1 467
4 0 459
4 2 462
0 1 1511
2 0 217
1 0 1098
3 2 1323
4 0 372
4 1 358
2 3 918
4 2 363
1 2 1448
0 2 2420
3 1 183
3 0 189
4 2 92
4 0 99
4 1 100
0 0 89
5 3 509
0 1 376
1 1 2098
5 2 885
3 2 900
4 0 86
4 1 86
4 2 86
2 2 1888
3 1 512
3 0 528
4 1 310
4 2 298
4 0 317
1 3 1071
0 2 1976
1 2 1361
5 1 2290
2 0 74
3 2 1343
0 0 129
4 0 117
4 1 128
4 2 130
1 1 2317
3 0 281
2 1 1186
3 1 311
4 1 115
4 0 312
4 2 313
0 3 1323
3 2 881
4 2 366
4 1 374
4 0 384
3 0 93
3 1 82
2 2 2270
5 0 886
0 2 2390
2 0 207
5 2 1152
4 2 106
4 0 122
4 1 125
1 2 941
1 0 1029
0 0 90
4 2 74
4 0 76
4 1 86
2 1 846
5 1 1992
0 1 562
4 2 64
4 0 66
4 1 67
5 2 356
5 3 378
1 1 2434
3 3 2077
2 2 2087
4 0 322
4 1 340
4 2 240
2 0 195
1 2 629
3 0 89
3 1 105
4 1 103
4 0 101
4 2 105
0 2 2273
5 1 2003
0 0 66
1 0 1019
2 1 1006
3 2 500
0 3 621
4 0 116
3 1 117
3 0 125
4 1 115
4 2 113
2 2 1713
1 1 1807
5 0 680
5 3 532
2 0 96
4 0 87
4 2 88
4 1 88
0 2 1335
3 2 1187
5 2 1212
1 3 1456
2 3 1489
3 0 527
4 0 292
4 1 317
3 1 322
4 2 304
1 2 1527
0 0 138
1 1 1587
2 2 1631
4 2 251
4 0 273
4 1 281
3 2 1118
0 1 947
5 3 812
3 1 388
3 0 396
4 2 364
4 0 403
4 1 400
2 0 258
0 2 1753
0 0 62
5 2 1299
4 1 86
4 0 90
4 2 91
5 1 1535
0 3 485
3 2 1105
1 2 845
2 2 1722
2 1 1736
1 1 1726
1 0 1610
3 0 623
4 2 255
3 1 643
4 0 412
4 1 397
2 0 194
0 1 1804
4 0 114
4 1 118
4 2 106
3 2 1267
5 2 1082
3 0 243
5 3 1181
3 1 315
0 0 289
4 1 173
4 2 158
4 0 177
1 3 1063
3 2 525
1 0 1258
2 1 1406
5 1 1576
3 1 245
0 1 1029
2 2 1917
3 0 255
1 1 1811
4 0 205
4 2 208
4 1 214
2 0 76
3 2 648
0 2 1825
2 1 1028
4 1 550
4 0 563
3 0 520
4 2 552
3 1 379
0 0 321
4 0 86
4 1 88
4 2 83
0 1 388
5 3 1145
2 2 1588
1 3 737
2 0 60
5 2 1252
3 2 1187
4 1 68
4 0 86
1 2 1014
4 2 86
2 1 474
3 0 64
3 1 64
5 1 1941
0 2 1551
3 2 356
1 1 1601
0 0 582
3 0 418
3 1 293
4 1 449
4 0 452
4 2 300
2 2 1659
0 1 924
4 0 237
4 1 219
4 2 234
2 0 210
5 3 723
2 1 493
1 3 432
5 2 1119
3 2 1138
3 1 57
3 0 59
1 2 908
0 2 1855
5 1 1553
0 0 63
3 2 551
2 2 1399
2 0 77
3 0 77
3 1 84
0 3 608
1 1 1683
5 0 470
2 3 417
5 2 954
3 2 883
0 2 1419
1 3 504
3 0 66
3 1 82
5 1 1359
1 2 889
0 0 64
2 2 1556
0 1 472
3 2 883
5 3 477
1 1 1444
2 0 201
3 0 94
3 1 89
5 2 847
2 1 471
3 2 552
0 2 1335
5 1 1459
1 3 475
3 1 188
0 0 194
3 0 190
1 2 734
2 2 1342
0 1 585
2 0 72
3 2 691
3 1 67
3 0 68
5 2 662
1 1 1582
5 0 830
2 1 720
3 2 487
0 2 1565
3 0 79
0 0 79
3 1 75
5 1 1479
2 2 1444
1 3 503
0 1 493
2 0 73
1 2 936
3 2 933
5 3 801
3 0 64
5 2 849
3 1 67
2 3 651
3 2 392
0 2 1499
1 1 1858
5 1 1446
0 0 69
2 2 1329
3 1 81
3 0 88
0 3 561
0 2 797
2 0 58
3 2 976
0 0 78
3 1 61
3 0 62
1 2 1139
1 0 1175
5 2 1142
1 1 1372
3 2 647
5 0 1577
5 1 1590
2 1 1456
2 2 1491
3 0 76
3 1 78
0 1 1341
2 0 157
2 1 373
0 2 1764
0 0 62
1 2 1221
3 2 1260
1 1 1365
1 3 1373
5 2 993
0 1 382
5 3 1084
3 1 63
2 3 1052
3 0 70
5 1 1223
2 0 179
0 2 1267
0 0 68
2 3 495
1 2 761
1 0 917
5 2 541
3 3 1408
5 0 954
0 1 853
1 1 1843
2 2 1695
0 2 1495
5 1 1741
0 0 73
2 0 63
1 2 679
1 3 830
5 2 549
2 1 370
1 1 1289
0 3 940
5 3 922
0 2 1384
5 1 1539
2 2 1430
1 0 372
1 2 495
2 0 75
0 0 67
2 3 514
1 1 1125
0 1 707
5 2 405
5 0 577
1 3 370
1 2 389
2 2 1402
0 2 1472
0 0 61
5 1 1527
2 0 63
1 1 1438
2 1 520
0 3 658
5 2 356
5 3 630
1 2 353
1 3 472
0 2 1374
2 2 1390
5 1 1218
2 0 70
0 0 61
1 1 1433
2 3 709
0 3 713
5 2 361
5 0 375
2 2 1171
1 2 478
1 3 501
1 0 504
0 2 1266
5 1 995
2 0 113
0 0 97
5 2 656
1 2 539
5 1 889
2 3 705
5 0 961
1 3 697
2 1 1061
0 1 1037
0 2 1130
1 1 1136
5 2 360
5 3 371
5 1 573
2 0 264
2 3 543
1 0 379
1 2 426
5 3 364
5 2 414
2 2 979
1 1 881
5 1 911
2 0 74
1 2 367
1 3 378
2 1 385
1 1 995
5 0 375
5 3 369
2 2 998
2 0 54
5 1 783
2 1 584
1 2 566
1 3 582
2 2 1068
5 2 359
2 0 63
1 1 1078
5 0 427
2 1 613
5 1 1006
2 2 856
1 0 392
2 0 59
1 2 520
1 3 575
5 2 524
5 3 567
2 1 374
5 1 608
2 2 737
2 0 66
5 2 355
5 0 615
5 1 627
2 1 617
2 2 627
5 2 441
5 1 456
5 0 462
2 0 67
2 1 375
2 2 403
5 2 359
5 3 363
5 1 397
2 0 53
2 3 666
5 2 360
2 2 678
5 3 550
5 1 559
2 0 55
2 1 377
5 2 360
5 3 377
2 2 575
5 1 569
2 0 67
2 2 551
2 3 556
5 0 381
5 3 555
5 1 556
5 3 364
5 1 378
5 2 365
5 2 360
5 0 366
5 1 370
5 2 363
5 3 365
5 0 377
5 1 369
5 2 360
5 3 362
5 3 360
5 2 362
5 1 365
5 3 361
5 2 364
5 1 369
