0 0 416
0 2 831
0 1 834
0 0 95
0 2 548
0 3 570
0 0 117
0 3 538
0 2 540
0 0 376
1 2 839
1 1 853
1 3 852
0 2 1138
0 3 1174
1 2 565
1 3 684
1 1 665
0 0 292
0 2 693
0 3 754
1 2 673
1 0 683
1 3 785
0 0 270
0 1 700
0 3 748
1 1 684
1 3 759
1 0 757
0 0 139
0 2 739
0 1 788
0 0 130
1 2 693
1 3 714
1 0 935
0 2 553
0 1 707
0 0 212
1 2 776
1 3 798
0 1 633
1 1 1204
0 2 1038
0 0 91
0 3 675
0 2 845
1 2 501
1 0 539
2 0 100
1 1 762
0 0 106
1 2 506
2 1 1236
2 2 1483
1 0 1322
2 0 106
1 1 1470
0 1 1379
1 0 516
0 2 1889
2 3 826
0 0 88
1 3 805
0 1 508
2 2 1491
1 1 1397
0 2 1226
0 0 105
2 0 111
0 1 649
1 2 501
2 3 994
1 3 861
0 2 1489
2 2 1516
0 0 101
1 1 1376
0 1 680
2 0 99
0 2 834
0 0 95
2 3 599
1 2 503
2 2 990
0 3 579
1 0 826
1 1 879
0 1 1081
2 0 120
1 2 510
0 0 92
1 3 943
2 2 832
2 3 930
0 1 518
0 2 671
2 0 132
0 0 122
1 2 616
3 0 105
3 1 109
1 0 1301
1 1 1335
3 2 502
3 0 131
3 1 132
2 1 1454
0 1 1446
1 3 532
2 2 1668
0 2 1675
1 2 983
2 0 104
0 0 104
3 2 1082
3 0 99
3 1 105
2 3 519
0 1 530
1 1 1642
3 2 509
2 2 1375
0 2 1354
3 0 192
3 1 217
0 0 180
1 3 870
2 0 104
0 1 938
1 2 1294
3 2 1284
1 1 1444
3 1 112
2 1 617
3 0 146
0 2 1693
0 0 103
3 2 701
2 2 1456
3 0 118
3 1 130
2 0 97
0 3 857
1 0 731
2 3 696
1 2 1078
3 2 926
0 2 1450
3 0 374
3 1 382
4 0 120
4 2 122
4 1 125
1 1 1777
2 2 1528
3 2 3612
4 0 2387
4 2 2750
4 1 2794
0 0 784
3 1 825
3 0 858
1 3 3670
0 1 1408
4 2 170
4 0 173
4 1 391
1 2 4044
2 0 126
1 1 4539
3 2 1710
4 1 439
4 0 447
4 2 447
0 2 2587
2 1 1478
3 1 666
4 2 422
3 0 713
4 1 451
4 0 441
0 0 249
3 2 2244
4 0 1139
4 1 456
4 2 465
0 3 1863
2 2 3598
3 1 438
3 0 446
4 0 215
4 1 234
4 2 229
2 0 148
0 2 2907
1 0 1270
4 0 141
4 1 157
4 2 151
1 2 1395
3 2 1363
2 1 1470
1 1 2183
3 1 1162
3 0 1173
4 2 846
4 0 878
4 1 893
0 0 131
2 2 2479
4 2 401
4 1 409
4 0 413
2 0 104
3 2 1671
1 2 1286
4 0 389
4 1 397
4 2 404
3 0 136
3 1 122
4 2 107
4 1 112
4 0 113
0 1 1715
1 0 2163
2 1 1381
0 2 2086
1 1 2398
0 0 165
4 1 171
4 2 154
4 0 185
2 2 2521
3 3 2301
1 2 793
0 1 842
4 0 461
4 1 449
4 2 461
2 0 168
4 0 113
4 1 118
4 2 97
0 3 1724
1 3 1933
1 1 2200
2 2 1584
3 0 220
4 1 238
4 0 246
3 1 277
4 2 269
2 3 1812
3 2 981
4 2 2032
4 1 2040
4 0 2071
3 1 400
3 0 406
0 0 385
4 0 280
4 1 279
4 2 302
2 0 120
3 2 1523
4 0 116
4 2 115
4 1 119
1 2 1191
0 2 1692
3 1 87
3 0 90
0 1 1891
1 1 1703
1 0 1757
4 1 367
4 2 396
4 0 406
3 2 752
0 0 110
2 2 1545
2 1 1823
3 1 355
4 2 337
3 0 389
4 1 366
4 0 381
1 3 821
2 0 122
3 2 671
4 0 327
4 1 327
4 2 332
3 1 122
3 0 136
1 1 1695
0 2 1775
0 1 1863
1 0 1843
3 2 683
4 0 535
2 2 1634
4 1 762
4 2 765
2 1 1916
0 0 382
3 0 385
3 1 364
4 2 302
4 1 322
4 0 298
2 0 124
4 0 144
4 1 152
4 2 156
0 1 1673
1 2 510
1 3 549
2 1 1025
4 1 90
4 0 97
4 2 95
0 2 2574
3 3 2583
4 2 282
4 0 157
4 1 311
0 0 141
2 2 2192
1 1 2445
2 0 381
0 3 887
4 2 198
4 0 223
4 1 225
3 1 414
3 0 421
4 0 156
4 1 160
4 2 141
2 1 1201
0 2 2134
3 2 1235
4 2 386
4 0 387
4 1 393
2 2 1875
1 3 1446
3 0 656
4 0 404
4 2 405
3 1 672
4 1 391
2 0 208
1 2 1817
0 0 101
4 1 120
4 2 109
4 0 122
1 1 2277
3 2 1188
2 1 1272
3 1 590
3 0 197
4 2 179
4 0 201
4 1 205
2 2 1888
0 1 1496
0 2 2328
3 2 1741
4 0 643
4 2 312
4 1 329
2 0 336
0 0 498
3 0 238
4 0 217
4 2 202
3 1 242
4 1 223
0 1 828
2 3 1340
1 2 1286
1 3 1325
4 0 101
4 2 97
4 1 106
3 2 974
2 2 1746
1 1 2317
4 2 144
0 2 2264
3 0 428
4 0 192
4 1 216
3 1 462
3 2 1050
0 0 366
4 0 196
4 2 171
4 1 184
2 0 725
3 0 586
3 1 578
4 1 400
4 2 376
4 0 386
0 1 1435
0 2 1538
4 2 125
4 1 142
4 0 147
3 2 952
1 3 552
2 1 1508
0 0 109
3 1 108
3 0 112
0 3 514
1 2 1400
2 2 2093
1 1 1682
3 2 884
2 0 110
3 0 93
3 1 120
0 2 1308
2 1 529
3 2 784
2 2 1054
1 3 721
0 0 146
3 0 325
3 1 331
2 0 185
1 2 990
0 1 521
2 3 579
1 1 1231
3 2 829
3 1 97
3 0 100
2 2 1388
0 2 1419
3 2 846
0 0 98
3 0 113
3 1 110
1 0 692
1 2 982
2 0 94
1 1 1128
0 1 1063
3 2 880
3 0 108
3 1 113
2 1 761
1 3 518
0 2 1434
0 0 88
1 2 992
2 2 1517
3 2 894
0 1 515
2 0 133
1 1 1476
3 1 147
3 0 156
0 2 969
2 1 783
3 2 758
2 3 835
0 0 110
3 1 280
3 0 295
0 3 690
2 0 97
1 0 538
0 2 1118
3 2 1096
2 3 525
1 2 963
3 0 97
3 1 88
1 1 1312
2 2 1143
0 0 90
1 3 507
3 2 766
0 1 669
3 1 95
3 0 93
1 2 1015
2 0 84
1 1 1300
0 2 1328
3 2 589
2 1 505
3 1 119
3 0 119
0 0 127
2 2 1078
0 3 675
2 0 85
3 2 720
3 1 93
3 0 112
1 0 641
2 3 541
0 2 1341
1 2 955
3 2 742
1 1 1512
2 2 1351
3 0 141
3 1 126
0 0 118
2 0 97
3 2 1014
1 2 1010
3 0 96
3 1 116
0 3 1166
1 3 1155
2 1 517
1 1 1377
0 2 1526
3 2 633
2 2 1123
3 1 343
3 0 354
2 0 146
0 0 91
0 1 518
3 2 983
2 3 1069
1 2 964
3 1 97
3 0 109
1 3 1059
2 2 1596
0 2 1810
1 1 1868
2 0 90
3 3 1220
2 1 763
2 3 760
1 2 496
1 3 560
1 0 571
2 0 89
2 2 693
2 3 695
1 2 514
1 1 707
1 3 713
2 0 89
2 2 679
2 1 720
1 2 536
2 0 79
1 1 885
1 0 889
2 1 798
2 2 1000
1 2 498
1 3 505
2 0 78
1 1 898
2 1 524
2 2 700
2 0 94
1 3 513
1 2 495
2 1 509
2 2 973
1 1 1019
2 0 88
2 2 674
2 1 801
2 0 237
1 2 734
1 3 740
1 0 1114
2 2 675
2 1 913
2 0 89
2 2 561
2 3 561
2 0 95
2 2 502
2 1 505
2 0 83
2 3 504
2 2 504
