0 0 341
0 1 349
0 2 746
0 1 83
0 0 92
0 2 498
0 1 85
0 0 93
0 2 504
0 0 110
0 1 100
0 2 512
0 1 87
0 0 98
0 2 508
0 1 78
0 0 82
0 2 516
0 0 217
0 1 201
0 2 636
0 1 99
0 0 85
0 2 501
0 1 87
0 0 103
0 2 499
1 0 86
0 0 91
0 1 92
1 1 520
1 2 606
1 0 146
0 2 1096
1 3 592
0 1 79
0 0 82
1 2 1041
0 2 741
1 0 75
0 0 97
0 1 97
1 2 584
1 1 582
2 1 426
2 0 435
1 0 204
0 3 1000
1 3 597
0 1 81
0 0 85
2 2 1227
1 2 1198
2 1 104
2 0 181
2 3 581
1 0 110
0 2 1055
0 0 103
0 1 101
1 1 644
2 0 81
2 1 87
1 2 1342
1 0 71
0 2 1382
0 1 178
0 0 181
1 1 616
2 2 1637
2 0 92
2 1 94
3 1 609
3 0 640
1 2 2245
1 0 83
0 2 3246
0 0 93
0 1 91
1 1 1465
3 2 3371
2 2 3241
2 0 99
2 1 99
3 1 602
3 0 604
1 2 3258
1 0 93
0 2 2354
0 1 92
0 0 100
1 1 613
2 2 2334
3 2 2798
2 1 184
2 0 185
3 3 824
3 1 839
1 2 2349
1 0 80
0 2 2792
0 1 104
0 0 115
1 1 605
2 2 2870
2 1 85
3 2 2953
2 0 533
2 3 909
1 2 2149
0 2 1815
1 0 232
0 0 121
0 1 118
2 0 86
2 1 87
1 1 635
1 2 1603
0 2 1505
1 0 93
2 2 1464
0 0 205
0 1 209
2 0 82
2 1 85
1 3 605
1 2 1654
0 2 1646
2 2 1460
0 0 228
0 1 230
2 1 119
2 0 113
1 0 82
1 3 623
1 1 635
0 2 1180
2 2 1082
0 1 234
0 0 235
2 0 109
2 1 112
1 0 78
1 1 503
0 2 1491
0 1 79
0 0 86
2 2 1505
1 2 1531
2 1 89
2 0 96
1 0 89
1 1 506
0 2 1493
0 1 76
0 0 84
2 2 1507
2 0 80
2 1 80
1 2 1526
1 0 75
1 1 501
0 2 1497
0 1 78
0 0 84
2 2 1495
1 2 1491
2 1 78
2 0 90
1 0 99
2 3 570
1 3 494
0 2 1031
0 1 186
0 0 196
2 0 95
2 1 79
1 2 1067
1 0 71
1 1 503
0 2 1322
2 2 1334
0 0 108
0 1 94
2 0 81
2 1 87
1 2 1182
0 3 500
1 0 80
0 0 84
0 1 83
1 1 511
2 2 1076
2 0 79
2 1 78
1 2 1141
2 3 509
1 0 78
0 2 1070
0 0 98
0 1 87
1 3 600
2 0 81
2 1 83
1 2 1181
0 2 1288
1 0 72
0 0 91
0 1 82
2 2 1428
2 1 80
2 0 83
1 1 601
1 2 1503
0 2 1584
1 0 73
0 1 80
0 0 83
2 2 1588
2 0 82
2 1 81
1 3 564
1 2 1477
0 2 1459
2 2 1258
0 1 187
0 0 202
2 0 93
2 1 82
1 0 81
1 3 496
0 2 1386
0 0 93
0 1 80
2 2 1484
2 1 80
2 0 86
1 2 1516
1 0 79
1 1 502
0 2 1334
0 1 77
0 0 88
2 2 1347
2 1 75
2 0 78
1 2 1411
1 0 85
0 2 1298
2 2 1186
1 3 499
1 1 511
0 1 219
0 0 216
2 0 87
2 1 89
1 0 74
1 1 503
0 2 1232
0 1 80
0 0 82
2 2 1327
2 0 75
2 1 74
1 2 1480
1 0 70
1 1 506
0 2 1401
2 2 1457
0 1 81
0 0 86
2 1 76
2 0 77
1 2 1466
1 0 76
1 1 499
0 2 1397
2 2 1456
0 0 88
0 1 89
2 0 82
2 1 83
1 2 1457
1 0 84
1 1 506
0 2 1396
2 2 1467
0 1 85
0 0 88
2 1 80
2 0 82
1 2 1457
1 0 70
1 1 504
0 2 1395
2 2 1457
0 1 88
0 0 97
2 1 84
2 0 87
1 2 1177
1 0 77
0 3 509
1 3 580
2 2 997
2 1 83
2 0 89
1 2 964
2 2 666
1 0 109
2 1 88
2 0 94
1 3 535
1 2 748
2 2 726
1 0 119
2 0 100
2 1 109
1 1 507
1 2 995
2 2 996
1 0 94
2 0 101
2 1 98
1 1 611
1 2 1080
2 2 1080
1 0 86
2 0 89
2 1 93
1 3 500
1 2 972
2 2 975
2 0 84
2 1 85
1 0 69
2 2 837
1 3 498
2 1 80
2 0 80
1 2 842
2 2 635
1 0 78
2 0 91
2 1 98
1 1 518
1 2 507
2 3 503
1 0 81
2 1 160
2 0 164
1 3 572
1 2 703
2 2 695
1 0 68
2 0 74
2 1 78
1 3 496
1 2 757
2 2 758
1 0 109
2 1 92
2 0 100
1 1 506
1 2 994
2 2 995
1 0 71
1 1 530
1 2 526
