0 1 303
0 0 306
0 2 650
0 0 77
0 1 82
0 2 429
0 0 73
0 1 77
0 2 428
0 1 73
0 0 75
0 2 436
0 1 75
0 0 81
0 2 432
0 0 90
0 1 95
0 2 450
1 0 124
1 1 504
1 2 567
0 1 92
0 0 93
1 0 80
1 3 442
0 2 783
1 2 798
0 0 84
0 1 85
1 0 67
0 2 681
1 1 450
1 2 621
0 1 68
0 0 71
1 0 144
1 3 493
0 2 785
1 2 805
0 1 72
0 0 82
1 0 72
1 1 489
0 2 715
1 2 754
0 0 90
0 1 83
1 0 85
1 1 496
2 0 84
2 1 80
0 2 1008
1 2 1059
0 0 118
0 1 118
1 0 96
0 3 483
1 1 452
2 2 1128
2 1 99
2 0 103
1 2 702
1 0 71
2 3 675
0 0 215
0 1 232
1 1 572
2 1 86
2 0 102
1 2 1079
1 0 70
0 2 1423
0 1 77
0 0 81
1 1 507
2 2 1320
2 0 76
2 1 68
1 2 1362
1 0 66
0 2 1404
1 1 438
0 1 71
0 0 77
2 2 1294
2 1 73
2 0 74
1 2 1314
1 0 74
0 2 1312
1 3 563
0 0 102
0 1 112
2 2 1309
2 0 80
2 1 80
1 2 1304
0 2 1110
0 0 254
0 1 269
1 0 252
2 2 1156
1 3 572
2 0 107
2 1 108
3 1 496
1 1 881
3 0 878
2 3 549
0 2 1096
3 2 953
0 1 108
0 0 137
1 0 91
2 0 93
2 1 94
3 1 614
3 0 944
1 1 917
0 2 1542
3 2 1647
0 1 321
0 0 326
4 0 105
1 2 2193
2 2 1873
4 1 460
3 1 446
1 0 220
2 1 96
2 0 105
4 3 879
3 3 990
1 1 566
4 0 65
0 2 1807
3 2 1758
0 1 83
0 0 105
4 3 602
4 2 614
1 2 1753
2 2 2193
4 0 153
5 0 150
1 0 160
3 3 1121
2 0 96
2 1 87
3 1 1400
4 2 988
4 1 1410
1 1 1400
0 2 2417
3 2 2547
5 1 1941
0 1 122
0 0 129
4 0 130
4 2 1160
4 1 1161
5 2 3160
1 2 3437
4 0 97
5 0 98
2 2 3071
1 0 306
2 1 100
2 0 97
4 2 695
1 3 637
4 1 1037
5 1 1064
0 2 2583
4 0 74
0 0 89
0 1 88
4 1 444
4 2 444
5 2 1729
1 2 1830
4 0 86
5 0 80
2 2 1900
4 2 690
1 0 74
2 0 81
2 1 80
0 2 1740
0 1 83
0 0 90
4 1 1250
5 1 1283
4 0 74
1 1 1059
5 2 1818
4 3 428
5 0 68
4 2 451
5 1 436
4 0 68
1 2 2096
1 0 75
2 2 2214
0 2 1854
4 2 438
2 0 263
2 1 272
0 0 121
0 1 118
4 1 759
4 0 67
5 2 1792
1 1 921
4 2 440
5 0 69
4 1 603
4 0 73
5 3 539
1 2 1769
4 1 436
4 2 440
1 0 60
2 2 1809
4 0 87
2 0 99
2 1 87
1 3 669
0 2 2176
5 2 1698
4 1 708
0 0 99
0 1 91
4 2 1027
1 2 1504
5 0 80
2 3 1000
4 0 77
0 2 1102
4 2 592
1 0 108
0 1 111
2 1 110
0 0 122
2 0 117
5 1 1084
5 2 1185
4 1 1150
5 0 83
4 0 69
1 1 1175
4 2 437
5 1 1000
4 1 980
2 2 1758
1 2 1838
0 2 1984
4 0 254
2 0 156
2 1 168
1 0 155
0 1 131
0 0 134
5 2 1530
5 0 89
4 1 868
1 3 690
4 2 1139
5 1 522
0 3 1000
4 0 72
2 2 1517
1 2 1469
4 1 460
4 2 592
0 0 132
0 1 157
5 2 1260
2 0 134
2 1 137
4 0 118
5 0 69
1 0 80
4 1 666
2 3 1022
4 2 1027
0 2 1145
5 3 675
1 3 805
0 0 152
0 1 160
4 0 156
2 1 86
2 0 91
5 2 1298
4 1 693
4 2 694
4 0 78
1 2 1633
5 0 90
4 1 636
4 2 645
0 2 1843
4 0 312
1 0 109
5 3 628
0 1 86
0 0 88
2 2 1854
4 2 634
2 1 71
2 0 82
4 1 1044
1 1 852
4 0 77
4 1 438
4 2 439
5 2 2095
1 2 1687
4 0 83
0 2 1602
1 0 327
2 2 1642
0 1 113
0 0 297
4 2 846
2 1 132
2 0 125
5 0 106
1 3 829
4 1 1190
4 0 73
1 1 1652
4 3 599
0 2 1396
0 1 88
0 0 101
5 1 1281
2 2 1376
5 2 1618
4 1 1202
2 1 296
2 0 309
1 0 300
5 0 85
4 0 96
1 1 997
4 3 434
5 1 798
4 2 457
0 2 1723
0 1 86
0 0 101
4 0 70
1 2 1819
1 0 74
4 3 560
4 2 574
5 2 2113
2 2 2428
1 1 477
5 0 222
2 1 232
2 0 253
4 0 77
5 3 551
0 2 1700
4 1 444
4 2 443
0 0 82
0 1 77
4 0 73
1 2 1812
4 3 426
4 2 452
1 0 96
2 2 1977
1 1 590
4 0 226
2 1 96
2 0 100
5 2 2427
4 3 563
4 1 575
0 2 1782
0 0 244
0 1 255
5 0 100
1 2 1779
4 0 80
1 0 81
4 2 563
2 2 1700
5 1 1050
2 1 78
2 0 85
4 1 1196
1 1 1015
4 0 65
0 2 1734
0 1 75
0 0 83
4 1 540
4 2 542
1 2 1681
5 2 2155
4 0 325
1 0 304
5 0 103
4 3 657
2 2 1824
2 0 74
2 1 73
0 2 1709
4 1 1352
0 1 82
0 0 90
1 1 1541
5 1 1315
4 0 82
5 2 1738
5 0 79
1 2 2177
2 2 1787
4 2 671
1 0 81
2 0 80
2 1 83
4 1 848
4 0 82
0 2 1588
5 1 750
5 3 795
0 1 98
0 0 108
4 2 456
1 3 985
5 0 75
4 3 1196
1 2 1569
2 2 1614
5 3 620
2 0 81
2 1 86
0 2 1578
4 0 87
1 0 88
0 1 74
0 0 107
4 1 441
5 2 1577
4 3 1032
1 3 1033
2 2 1662
5 0 74
2 0 79
2 1 91
4 0 81
5 1 565
0 2 1766
1 2 1883
4 3 567
4 2 595
0 0 108
0 1 115
1 0 82
0 3 562
5 2 1533
4 0 79
2 2 1436
5 0 76
2 0 101
2 1 102
4 2 675
1 1 1294
4 1 1312
1 2 1513
5 1 1402
1 0 81
4 0 88
5 2 1554
5 0 73
2 2 1369
4 2 453
2 1 92
2 0 94
5 3 454
1 1 881
4 1 885
4 0 64
1 2 1316
1 0 86
4 1 438
4 2 438
5 2 1311
2 2 1276
4 0 88
2 1 80
2 0 101
1 3 674
5 0 67
4 1 652
4 3 677
1 2 1056
5 1 544
2 2 1093
4 0 115
5 2 1021
1 0 224
2 1 232
2 0 240
5 0 90
4 2 553
1 3 537
4 1 729
5 1 607
1 2 1299
2 2 1313
5 2 1172
2 1 82
2 0 92
5 0 195
1 0 69
5 1 760
1 1 657
2 2 1214
5 2 1244
2 1 80
2 0 78
5 0 149
1 2 1248
1 0 66
5 1 525
1 3 426
2 2 1257
5 2 1283
2 0 73
2 1 78
5 0 79
1 2 1205
5 1 553
1 0 70
2 2 1136
1 3 441
5 2 1129
2 0 74
2 1 74
5 0 75
5 3 432
1 2 1297
2 2 1179
5 2 1042
2 1 110
1 0 118
2 0 131
2 3 536
1 2 552
1 1 555
5 0 72
1 0 67
5 1 599
5 2 614
2 0 88
2 1 77
5 0 64
1 1 778
5 1 632
1 2 1246
2 2 1171
5 2 1063
2 1 67
2 0 68
5 0 67
5 1 450
2 2 923
5 2 804
2 1 68
2 0 71
5 0 66
5 1 431
2 2 779
5 2 752
5 0 77
5 1 435
5 2 440
5 0 70
5 2 429
5 1 428
5 0 61
5 2 428
5 1 432
5 0 61
5 2 430
5 3 426
5 0 62
5 3 429
5 2 436
5 0 57
5 2 438
5 3 447
5 0 64
5 2 428
5 3 445
5 0 62
5 2 428
5 1 440
5 0 62
5 1 427
5 2 429
5 0 63
5 1 431
5 2 437
