0 0 329
0 1 656
0 2 654
0 0 78
0 2 369
0 3 378
0 0 71
0 3 374
0 2 378
0 0 70
0 3 362
0 2 365
0 0 71
0 3 373
0 2 374
0 0 211
1 1 496
1 2 497
1 3 514
0 1 709
0 3 853
1 2 489
1 3 498
1 1 513
0 0 118
0 1 497
0 2 528
1 2 422
1 0 429
1 3 429
0 0 101
0 1 416
0 2 475
1 3 397
1 0 533
1 1 532
0 0 108
0 2 407
1 2 446
1 3 463
2 0 171
0 1 846
2 2 486
1 0 879
0 0 68
2 1 854
3 0 218
3 1 222
2 0 165
0 3 669
0 2 721
3 2 774
3 0 100
3 1 102
2 2 951
1 2 923
1 3 952
0 0 76
2 3 1170
1 1 1305
3 2 596
0 1 531
0 2 646
3 1 91
3 0 117
2 0 197
0 0 79
2 3 478
3 2 699
1 0 570
1 2 782
2 2 1001
3 0 181
3 1 183
0 1 716
1 1 1040
3 2 525
0 2 1022
2 0 124
0 0 136
3 0 127
3 1 127
2 3 428
1 2 894
1 0 941
3 2 728
0 1 771
3 0 68
3 1 73
1 1 1311
2 2 1200
0 2 1240
3 2 457
0 0 83
1 3 642
3 0 95
3 1 96
2 0 66
1 0 861
3 2 361
1 1 995
0 1 734
2 3 367
0 2 952
2 2 959
3 0 93
3 1 149
0 0 189
0 1 426
1 1 389
2 0 82
3 2 803
0 3 862
1 2 790
1 3 835
3 1 116
3 0 124
2 2 394
2 1 394
3 2 569
2 0 202
3 0 130
3 1 128
0 0 288
2 3 475
0 1 659
3 2 731
1 0 692
1 2 747
3 0 68
3 1 69
2 2 1197
0 2 1223
1 1 1037
3 2 375
0 0 239
2 0 359
1 2 623
0 2 840
3 1 110
3 0 104
1 3 647
4 1 88
4 2 88
4 0 91
0 1 1189
1 0 1296
0 0 74
4 2 93
4 0 98
4 1 125
2 2 1268
3 3 1011
2 1 1349
2 0 75
0 1 722
4 1 129
0 2 1086
4 0 163
4 2 163
2 3 543
3 1 130
3 0 163
0 0 74
1 0 586
1 2 651
3 2 634
4 0 88
4 2 102
4 1 111
0 1 550
2 2 1258
3 1 80
3 0 85
1 1 1278
0 2 940
4 2 121
3 2 644
0 0 165
4 0 195
4 1 191
2 0 145
1 2 728
2 1 481
3 1 75
1 3 803
3 0 81
4 1 74
4 0 83
4 2 87
0 3 679
1 1 1033
3 2 358
0 2 1030
2 2 996
2 0 285
4 2 118
3 0 287
3 1 283
4 0 165
4 1 167
0 0 74
1 3 499
2 1 550
4 2 72
4 1 70
4 0 80
3 2 935
1 2 802
0 1 544
2 2 1109
3 1 70
3 0 103
1 1 1144
2 0 64
0 2 984
3 2 374
4 1 115
4 2 101
4 0 100
2 1 513
0 0 82
3 0 74
3 1 77
0 3 475
1 2 472
1 0 525
4 2 66
4 1 68
4 0 70
2 2 1041
2 0 55
2 3 357
4 0 138
4 2 138
4 1 141
1 1 1546
0 2 1622
3 3 1467
2 2 1163
1 2 477
1 3 473
4 0 123
4 2 145
4 1 170
0 0 126
1 1 993
3 0 83
3 1 77
0 1 556
4 2 108
4 1 115
4 0 124
2 0 87
3 2 474
0 2 927
2 1 477
2 2 882
3 0 502
0 0 376
3 1 674
4 1 383
4 2 406
4 0 407
2 0 245
0 3 701
1 2 925
4 2 87
4 1 87
4 0 93
3 2 973
1 1 1065
1 0 1089
3 0 101
3 1 86
0 1 1457
4 2 299
4 0 318
4 1 99
5 1 1562
2 2 1575
0 0 52
5 2 1584
5 0 1779
2 1 2029
4 2 76
4 1 83
4 0 103
2 0 66
3 2 1262
1 2 1247
1 1 1442
3 1 66
3 0 68
4 1 73
4 2 78
4 0 83
1 0 1632
5 2 906
0 2 1339
0 1 1666
1 3 617
3 2 1002
4 0 78
4 2 85
4 1 94
5 0 1438
2 1 1344
0 0 186
5 1 1625
1 2 1026
3 0 201
3 1 198
2 2 1773
2 0 180
0 1 757
4 1 72
4 2 69
4 0 71
5 3 499
2 1 504
3 2 881
1 1 1792
5 2 766
3 0 63
3 1 70
0 2 1256
0 0 399
4 1 388
4 2 378
4 0 401
5 1 1751
3 2 934
2 2 1805
3 1 171
3 0 561
4 0 443
4 2 106
4 1 464
2 0 349
0 1 1578
1 2 1205
0 2 1609
1 0 1284
4 0 134
4 1 130
4 2 165
0 0 78
2 1 786
3 2 1384
5 3 700
3 1 73
3 0 79
1 1 1900
5 2 777
4 2 98
4 0 104
4 1 116
0 3 656
3 2 440
1 0 360
2 2 1622
1 3 378
3 1 123
5 1 1637
4 1 469
4 2 472
3 0 497
2 0 505
4 0 489
0 2 1829
3 2 716
2 3 741
1 1 1742
4 2 428
4 1 463
4 0 461
2 2 1503
3 0 403
3 1 427
4 1 423
4 2 448
4 0 602
3 2 1101
0 0 270
4 0 405
5 1 1181
4 2 547
4 1 560
5 0 1360
3 0 250
3 1 247
5 2 1570
2 0 226
4 2 149
4 0 150
4 1 164
0 1 1281
1 3 699
2 1 719
0 2 1474
3 2 1201
5 3 649
4 1 222
4 2 226
4 0 245
1 2 1104
0 0 112
3 1 96
3 0 102
0 1 392
5 2 1088
1 1 1500
2 2 1703
3 2 684
4 2 99
4 0 125
4 1 133
2 0 88
5 1 1775
3 1 100
3 0 110
0 2 1504
2 1 728
4 0 299
4 1 326
4 2 319
0 0 81
3 2 790
1 3 589
2 2 1229
4 1 123
4 2 154
4 0 154
3 1 242
3 0 266
2 0 80
0 1 794
1 2 1095
5 0 683
0 2 1118
5 3 798
4 2 108
4 0 118
4 1 122
5 2 928
3 2 1041
0 0 268
2 3 824
1 1 1741
3 1 90
3 0 95
2 2 1094
0 3 734
4 2 100
4 1 279
3 2 650
4 0 293
0 2 1078
3 0 206
4 0 216
4 2 410
3 1 240
4 1 264
2 0 281
5 3 1107
5 2 1376
4 2 246
4 0 264
4 1 258
1 3 1012
5 1 1462
0 0 125
2 1 783
1 2 1255
3 2 1093
0 1 488
1 1 1585
3 1 269
3 0 294
4 2 121
4 0 171
4 1 152
2 2 1547
5 3 379
0 2 1399
3 2 1006
2 0 266
4 0 243
4 2 249
4 1 267
5 2 864
0 0 126
3 0 102
3 1 115
5 1 1212
2 1 841
4 0 123
4 2 120
4 1 133
1 3 999
2 3 1021
0 1 736
3 2 681
1 1 1447
1 2 1474
0 2 1208
3 1 134
3 0 124
0 0 87
2 0 78
0 1 510
3 2 853
3 1 70
3 0 74
5 3 814
5 2 962
2 3 956
5 1 1215
1 3 719
1 2 827
3 2 751
0 2 1383
2 2 1512
3 1 96
3 0 112
1 1 1246
0 0 251
3 2 727
0 3 731
2 0 83
5 3 748
3 1 91
3 0 98
5 2 813
2 1 610
0 2 1278
1 2 593
5 1 1167
1 0 806
0 0 212
5 2 356
3 3 1439
0 1 696
1 1 1703
2 2 1789
5 0 704
2 0 78
1 2 482
1 3 836
0 2 1650
2 3 707
0 0 58
5 1 1640
2 2 1495
1 1 1630
5 2 925
2 0 91
0 3 1643
5 3 1401
1 2 467
5 1 1596
0 2 1923
1 0 751
2 1 740
2 2 1136
0 0 94
1 1 1275
2 0 76
5 0 473
5 2 571
1 2 448
0 3 795
2 3 938
1 3 918
5 1 1381
0 2 1412
1 1 1421
2 2 1569
5 2 361
5 3 365
0 0 108
5 1 796
2 0 106
0 1 737
1 2 507
0 2 809
2 3 404
1 1 896
5 2 358
5 1 552
1 0 1139
2 1 1022
5 0 967
1 2 591
1 1 644
1 3 660
2 0 94
5 2 462
5 3 905
5 1 931
2 3 906
2 2 928
1 2 360
1 3 523
1 1 538
2 0 85
5 2 513
5 1 708
5 0 744
2 2 738
1 3 616
1 2 615
2 1 913
1 0 830
2 0 77
5 1 479
5 2 467
5 3 488
2 1 407
2 2 424
1 3 381
2 0 68
5 0 466
1 2 654
5 2 667
2 1 462
1 1 852
5 1 910
2 2 950
2 0 78
5 3 513
5 2 578
1 2 441
5 1 951
2 1 685
1 0 692
2 2 922
1 1 898
2 0 77
1 3 375
5 0 830
5 2 706
1 2 693
2 1 731
5 1 1154
2 2 1063
1 1 1059
2 0 81
5 2 631
5 0 952
2 1 947
5 1 1092
1 2 358
1 3 369
2 2 1119
2 0 76
5 2 354
1 1 987
5 3 627
2 3 632
5 1 872
2 2 1015
1 2 357
1 3 366
1 0 376
2 0 77
5 2 545
5 3 555
5 1 686
2 1 377
2 2 505
2 0 73
5 0 386
5 3 610
5 1 613
2 3 604
2 2 616
5 0 360
5 2 357
5 1 360
5 1 365
5 2 355
5 3 361
5 0 362
5 1 362
5 2 356
5 2 414
5 1 417
5 0 416
5 2 357
5 3 361
5 1 365
5 2 358
5 1 360
5 3 360
5 2 355
5 1 359
5 3 362
5 1 358
5 0 360
5 3 359
5 2 355
5 3 356
5 1 359
5 2 355
5 1 359
5 0 362
5 0 368
5 2 356
5 3 363
5 1 364
5 2 354
5 3 363
5 2 356
5 1 376
5 3 366
5 2 356
5 3 361
5 1 361
