0 0 296
0 1 536
0 2 538
0 0 59
0 2 296
0 3 304
0 0 71
0 3 304
0 2 311
0 0 59
0 3 289
0 2 292
1 3 309
1 2 314
1 1 319
0 0 67
0 2 290
0 3 292
1 2 312
1 3 317
1 1 319
0 0 59
0 3 396
0 1 395
1 2 300
1 3 318
1 0 319
0 0 57
0 2 448
1 3 379
0 1 573
1 0 575
1 1 583
0 0 65
1 3 380
1 2 377
0 2 297
1 0 562
0 1 507
1 2 330
1 3 337
1 1 353
0 0 50
0 2 290
0 1 289
1 0 332
1 2 329
1 1 336
0 0 53
0 3 289
0 2 291
1 2 353
1 0 356
1 1 360
0 0 53
1 3 383
0 1 519
0 2 531
2 0 146
1 0 572
1 1 586
2 1 537
2 2 547
0 0 66
1 2 291
1 3 313
0 1 319
2 0 56
1 1 589
2 3 288
0 2 671
2 2 525
0 0 59
1 2 287
1 0 494
2 0 53
1 1 448
0 1 422
2 3 307
0 2 649
2 2 567
1 0 316
1 2 307
1 3 315
0 0 90
2 0 69
0 1 358
2 3 347
1 2 290
1 0 301
0 2 740
2 2 746
1 1 556
0 0 72
2 0 69
0 1 357
1 2 288
2 2 532
0 3 636
1 1 485
2 3 678
1 3 708
0 0 64
2 0 65
1 2 286
0 1 556
1 3 302
2 1 575
0 2 747
2 2 787
1 1 659
0 0 68
2 0 84
2 3 317
1 2 393
0 1 589
1 0 567
2 2 918
0 2 921
1 1 847
0 0 57
2 0 56
1 2 395
1 3 396
0 1 590
2 1 502
1 1 801
0 2 856
2 2 710
2 0 172
0 0 69
1 2 384
2 3 305
1 0 574
0 1 475
1 1 768
2 2 908
3 1 71
0 2 910
3 0 86
0 0 55
1 0 432
2 0 49
1 2 580
0 3 307
3 2 550
1 1 703
2 1 294
3 0 202
3 1 207
0 2 813
2 2 795
1 3 302
0 0 52
3 2 647
1 1 504
1 2 533
2 0 76
3 1 65
3 0 74
0 1 640
0 2 801
3 2 408
2 1 746
2 2 829
1 2 401
1 0 440
1 1 505
3 1 267
3 0 276
0 0 130
2 0 282
3 2 466
0 3 414
2 1 436
1 3 391
1 0 396
3 1 52
3 0 57
0 2 803
2 2 812
2 0 62
1 1 731
3 2 292
0 0 69
2 3 447
2 2 623
0 1 305
3 0 87
3 1 92
1 3 305
0 2 610
2 0 51
1 2 484
3 2 489
1 1 618
0 0 54
2 1 494
2 2 532
3 1 86
3 0 102
0 3 350
0 1 376
1 1 304
3 2 432
1 3 334
2 0 51
1 2 432
2 1 389
2 2 386
3 1 48
3 0 55
0 0 71
0 1 302
3 2 425
1 3 297
1 2 430
0 2 522
2 0 57
1 1 566
3 0 59
3 1 60
2 1 296
2 2 417
0 0 50
3 2 484
1 3 294
0 1 302
1 2 392
1 1 495
2 0 52
3 0 64
3 1 69
0 2 574
2 1 445
3 2 436
2 2 535
4 1 76
4 2 89
4 0 94
0 0 56
1 2 309
1 3 309
3 0 57
3 1 67
1 1 488
0 1 310
2 0 63
4 0 59
4 2 60
4 1 64
3 2 408
0 2 630
2 1 362
1 2 287
2 2 554
1 0 351
3 1 47
3 0 48
0 0 46
1 1 682
4 2 66
4 1 86
2 0 71
4 0 90
0 3 542
1 2 289
3 3 896
2 3 606
4 0 58
4 2 64
4 1 73
0 2 929
1 3 484
3 1 148
1 1 830
3 0 164
0 0 58
2 2 1130
3 2 366
0 1 318
4 0 72
4 2 75
4 1 90
0 2 359
2 0 56
1 2 288
3 0 64
3 1 54
1 0 574
1 1 637
2 1 578
2 2 619
4 0 70
4 1 81
4 2 76
3 2 293
0 0 66
0 1 293
2 0 51
0 2 478
1 2 295
1 3 302
3 0 174
3 1 176
4 2 62
4 1 62
4 0 69
2 1 394
3 2 394
1 1 705
2 2 611
0 0 49
3 0 175
3 1 178
4 0 190
4 2 100
4 1 195
2 0 92
1 2 494
0 1 632
1 0 618
2 3 304
3 2 506
0 2 725
1 1 797
2 2 612
4 0 101
4 1 108
4 2 109
3 1 103
3 0 136
0 0 93
2 0 51
1 3 585
1 2 617
1 1 632
3 2 603
0 3 576
2 1 301
4 2 64
4 1 66
4 0 67
0 2 755
3 1 63
3 0 70
2 2 724
1 3 291
1 2 294
0 0 48
4 2 65
4 1 66
4 0 69
2 0 61
2 3 299
0 1 473
3 3 941
1 1 936
2 1 474
0 2 646
4 0 202
3 0 208
4 2 110
4 1 128
3 1 147
0 0 75
2 0 72
1 3 412
1 0 520
3 2 566
1 2 575
0 1 514
2 3 401
0 2 524
4 0 79
4 2 80
4 1 79
2 2 650
3 0 80
3 1 88
3 2 404
0 0 104
2 0 85
1 3 315
4 0 189
4 2 189
4 1 187
1 2 519
3 1 53
3 0 67
1 1 645
5 2 545
4 1 65
4 0 65
4 2 65
3 2 545
0 1 900
2 1 912
2 2 1083
0 2 1230
5 0 956
1 2 579
3 1 106
3 0 107
2 0 88
0 0 75
1 0 663
5 1 1156
4 0 74
4 2 78
4 1 88
3 2 407
5 0 306
2 3 558
5 2 364
0 3 563
1 1 1282
3 0 94
3 1 105
4 2 82
4 1 85
4 0 94
2 2 1171
1 3 303
0 2 1273
5 1 1125
3 2 538
1 2 577
2 0 64
4 1 148
4 2 169
4 0 179
3 1 164
5 3 465
3 0 176
1 1 969
0 0 110
2 1 588
5 2 656
3 2 483
0 1 435
5 1 1145
4 1 109
3 1 92
4 2 123
3 0 109
4 0 113
1 3 417
2 2 1213
1 2 491
2 0 59
0 2 1061
3 2 409
0 0 55
4 1 64
4 0 69
4 2 62
5 2 412
3 1 51
3 0 56
1 1 1214
2 3 710
3 2 287
5 3 831
0 3 823
2 2 1061
4 2 73
4 0 76
5 1 1030
4 1 82
0 2 1012
1 2 296
1 0 301
1 3 315
2 0 105
3 1 109
3 0 111
0 0 200
4 0 201
4 1 215
4 2 207
2 3 565
3 2 560
2 1 607
5 2 565
5 0 603
0 3 550
5 1 682
0 2 675
3 1 62
3 0 63
2 0 116
4 1 96
4 2 97
4 0 104
3 2 576
0 0 54
5 2 573
5 3 667
2 3 663
2 2 765
0 1 304
5 1 789
4 2 77
4 1 97
3 0 104
3 1 107
4 0 123
0 2 523
3 2 308
2 0 61
5 2 290
5 3 299
4 0 67
4 2 67
4 1 65
2 2 307
3 0 48
3 1 50
5 0 573
2 1 575
3 2 286
2 0 45
4 2 59
4 1 65
4 0 80
5 3 419
5 2 437
3 1 60
3 0 63
2 1 413
5 1 668
3 2 316
2 2 669
4 2 54
4 0 53
4 1 64
2 0 51
5 3 423
3 0 67
3 1 63
5 2 457
2 1 423
4 1 49
4 2 52
5 1 639
4 0 60
3 2 326
2 2 638
3 1 68
2 0 72
3 0 84
5 3 330
5 2 545
5 1 559
4 0 62
4 2 58
4 1 68
2 1 440
3 2 543
2 2 559
3 0 58
3 1 65
5 3 304
5 1 301
4 0 59
4 1 60
4 2 59
2 0 50
5 2 407
3 2 409
2 1 295
2 2 298
4 0 91
3 1 80
4 2 93
3 0 82
4 1 96
5 0 295
5 1 309
5 2 412
2 0 48
3 2 405
2 1 292
2 2 395
4 1 73
4 2 73
4 0 83
5 2 428
5 3 429
3 1 49
3 0 50
5 1 530
3 2 289
2 0 52
4 1 62
4 0 66
4 2 68
5 2 315
5 0 326
2 3 324
3 1 53
3 0 57
5 1 591
2 2 592
3 2 289
4 1 72
4 0 67
4 2 69
2 0 66
5 3 314
3 1 68
5 2 327
3 0 80
2 1 310
5 1 489
3 2 319
2 2 484
4 1 190
4 0 191
4 2 195
3 1 83
3 0 88
2 0 81
5 0 303
5 2 381
5 1 389
2 3 304
3 2 390
4 2 55
4 0 62
4 1 63
2 2 389
5 2 286
5 1 298
5 3 295
3 0 59
3 1 72
4 1 67
4 0 66
4 2 68
3 3 376
5 2 288
5 0 300
5 1 374
4 0 48
4 2 47
4 1 48
5 2 284
5 3 291
5 1 301
4 1 54
4 0 55
4 2 54
5 2 287
5 0 288
5 1 290
4 2 45
4 1 48
4 0 49
5 2 287
5 3 290
5 1 294
5 2 352
5 0 356
5 1 359
5 2 285
5 0 292
5 1 294
5 2 287
5 3 295
5 1 303
5 2 290
5 3 291
5 1 294
5 3 293
5 1 298
5 0 298
5 2 288
5 0 295
5 1 295
5 2 291
5 3 292
5 1 296
5 2 288
5 0 290
5 1 294
5 1 295
5 2 288
5 0 290
5 2 344
5 1 351
5 3 350
5 2 290
5 3 292
5 1 301
5 3 299
5 2 296
5 1 303
5 3 297
5 0 300
5 1 307
5 3 288
5 1 302
5 2 292
5 2 287
5 0 289
5 1 296
5 2 284
5 0 291
5 3 292
5 2 284
5 3 294
5 1 297
5 2 285
5 1 300
5 3 291
5 3 292
5 2 285
5 1 300
