0 0 283
0 2 470
0 1 472
0 0 128
0 2 291
0 3 304
0 0 41
0 2 221
0 3 217
0 0 47
0 3 219
0 2 222
0 0 54
0 3 222
0 2 223
0 0 69
1 1 265
1 2 273
1 3 298
0 1 241
0 3 369
1 1 239
1 3 232
1 2 225
0 0 53
0 2 242
0 1 244
1 2 300
1 0 299
1 3 299
0 0 39
0 1 224
0 2 224
1 1 237
1 3 230
1 0 239
0 0 49
0 2 299
0 1 320
1 3 260
1 2 243
1 0 355
0 0 48
2 0 69
1 2 336
1 1 414
2 1 247
1 3 490
0 3 493
0 2 663
2 2 562
1 1 227
1 0 229
1 2 230
2 0 50
0 0 55
2 3 231
0 1 231
2 2 387
0 2 385
1 2 225
1 0 235
2 0 45
1 1 268
0 0 40
2 3 231
2 2 367
0 1 221
0 2 322
1 0 222
1 3 228
1 1 224
2 0 41
2 2 218
2 3 219
0 0 46
0 1 222
0 2 282
1 2 217
1 3 219
1 1 290
2 0 40
2 3 219
2 2 220
0 0 46
1 2 216
1 0 380
1 1 402
0 1 383
0 2 397
2 0 41
2 2 220
2 1 220
3 0 68
3 1 70
1 2 231
0 0 62
1 0 269
1 3 271
3 2 301
0 3 272
0 1 268
2 0 40
2 3 220
2 2 233
3 1 83
3 0 92
1 1 394
1 0 399
4 0 92
4 1 88
4 2 90
1 2 427
0 0 41
3 2 299
0 1 225
0 2 227
2 0 38
2 1 224
3 1 45
3 0 48
2 2 295
4 0 56
4 2 55
4 1 66
1 3 233
1 1 309
1 2 519
3 2 518
0 0 45
0 1 231
0 2 231
4 1 71
4 0 117
4 2 128
3 1 89
2 0 125
3 0 112
2 3 445
3 2 426
2 2 455
1 3 426
1 2 416
1 1 431
4 1 39
4 2 41
4 0 50
3 1 55
3 0 70
0 0 68
2 0 57
3 2 440
1 2 428
4 0 53
4 2 41
4 1 47
0 1 532
1 0 529
0 2 638
1 1 664
2 1 636
2 2 630
3 0 40
3 1 41
3 2 255
2 0 43
1 3 349
1 2 370
0 0 72
4 0 65
4 1 68
4 2 65
1 1 495
2 1 494
0 1 387
3 0 49
3 1 59
2 2 612
0 2 471
3 2 225
4 0 56
4 1 58
4 2 60
1 2 219
1 0 227
1 1 238
2 0 55
0 0 41
2 1 232
2 2 316
0 3 357
3 1 49
3 0 50
0 2 438
4 0 49
4 1 49
4 2 47
3 2 257
1 0 226
1 1 231
1 2 258
2 0 38
2 2 218
2 3 218
3 1 41
3 0 40
0 0 41
4 2 60
4 0 67
4 1 64
3 2 216
0 2 232
0 1 241
1 1 223
1 2 217
1 3 223
2 0 43
3 0 69
3 1 82
4 0 68
4 1 77
4 2 82
2 1 239
2 2 241
3 2 221
0 0 40
0 3 231
1 2 220
1 0 239
0 2 348
4 2 45
4 0 49
4 1 48
1 1 502
3 1 72
3 0 87
2 0 83
3 2 228
2 2 236
2 1 239
4 0 60
4 2 56
4 1 72
0 0 54
1 3 223
3 1 50
1 0 340
3 0 51
1 1 378
0 1 349
0 2 475
2 0 39
3 3 440
2 1 306
4 2 80
4 0 87
4 1 77
2 2 401
1 3 231
3 1 43
3 0 43
1 2 245
1 1 275
0 0 49
3 2 246
0 3 226
0 1 228
4 2 42
4 1 43
4 0 42
2 0 38
2 2 334
2 1 335
3 1 63
3 0 69
1 3 247
5 0 232
4 2 50
4 1 49
4 0 54
0 0 42
1 2 510
1 1 501
5 1 495
5 2 536
0 1 232
3 2 637
2 0 43
0 2 339
3 1 51
3 0 59
4 2 67
4 0 85
4 1 96
2 1 442
1 3 254
5 0 349
2 2 636
5 1 611
1 1 604
0 0 43
3 2 631
5 2 639
1 2 635
0 1 464
2 0 332
4 1 321
4 0 350
3 1 88
4 2 350
3 0 99
5 2 497
0 2 661
5 3 644
2 3 655
5 1 790
3 2 448
2 2 772
1 2 414
4 0 76
4 1 71
4 2 78
1 3 477
3 1 47
3 0 69
1 1 621
0 0 68
2 0 54
5 3 324
3 2 455
0 1 525
5 2 514
4 1 60
4 2 62
2 1 391
4 0 63
1 3 230
1 2 303
0 2 788
3 1 39
3 0 48
5 1 856
2 2 776
1 1 760
0 0 152
2 0 165
4 1 54
4 2 68
4 0 75
5 2 316
0 3 318
3 3 764
2 1 581
1 2 215
5 0 626
3 1 42
3 0 44
1 0 371
2 2 891
3 2 221
4 0 56
4 2 58
4 1 58
2 0 36
5 1 1071
0 2 1063
1 1 765
2 3 403
0 0 47
5 2 317
3 0 51
3 1 52
0 1 230
4 0 56
5 3 517
4 2 57
4 1 62
2 2 718
1 3 353
1 2 365
3 2 335
5 1 726
2 0 43
1 1 682
0 2 706
2 2 291
5 3 321
5 2 324
2 1 476
4 0 89
4 1 100
4 2 104
0 0 79
3 1 117
3 0 125
5 0 598
3 2 424
1 2 422
1 1 448
0 2 450
0 1 492
1 0 551
2 0 56
4 0 70
4 1 68
4 2 74
5 2 223
5 1 239
2 1 320
5 3 450
3 0 55
3 1 53
2 3 541
0 0 43
1 1 246
1 3 345
3 2 448
0 1 254
1 2 469
4 2 65
4 0 83
4 1 89
5 3 233
0 2 397
5 2 292
2 0 38
5 1 476
3 0 50
3 1 52
2 3 314
2 2 434
1 0 237
4 0 60
4 2 65
4 1 72
3 2 378
0 0 41
1 2 457
5 3 262
1 1 470
5 2 353
0 3 255
5 1 472
3 1 36
3 0 51
0 2 476
2 0 74
4 0 58
4 2 95
4 1 122
3 2 396
2 1 286
1 3 367
1 2 440
5 3 357
5 2 392
2 2 574
1 1 618
3 0 46
3 1 55
0 0 46
5 1 596
3 2 331
4 0 190
0 1 328
4 1 216
4 2 215
2 0 98
0 2 519
1 2 304
2 3 410
5 0 235
1 3 407
5 2 307
3 0 45
3 1 48
4 1 44
4 0 48
4 2 51
2 2 682
1 1 668
3 2 220
5 1 602
0 0 41
2 0 50
0 1 436
0 2 473
4 2 44
4 0 51
4 1 60
3 0 48
3 1 51
5 3 435
1 3 435
5 2 499
1 2 490
2 1 500
1 0 516
2 2 531
5 1 550
3 2 347
4 1 85
4 0 103
2 0 83
0 0 120
4 2 109
5 2 366
5 0 412
3 0 47
3 1 51
5 1 529
0 1 327
1 2 412
1 3 428
2 3 430
3 2 351
4 2 49
5 2 229
4 1 56
4 0 60
5 3 244
1 1 816
2 2 798
0 2 839
5 1 548
3 1 100
3 0 120
0 0 108
2 0 91
4 0 50
4 2 49
4 1 58
0 3 418
2 3 426
3 2 472
0 2 504
1 2 489
2 1 522
1 1 541
1 0 555
5 2 382
5 1 431
5 0 435
3 0 47
3 1 39
2 0 67
4 2 56
4 0 71
4 1 81
0 0 45
3 2 377
0 1 229
1 2 475
1 3 481
5 2 431
1 1 582
2 3 584
3 0 62
3 1 63
5 3 579
4 0 62
3 2 353
2 2 905
4 2 57
5 1 879
4 1 70
0 2 905
1 3 221
1 2 245
2 0 35
1 1 332
0 0 52
3 1 186
3 0 187
0 3 362
5 2 377
4 2 168
4 0 172
4 1 65
2 1 530
5 0 527
3 2 364
2 2 759
5 1 780
0 2 771
1 2 218
1 3 230
1 0 229
2 0 52
5 2 234
5 3 236
4 2 114
4 1 120
4 0 125
3 1 94
3 0 110
0 0 45
5 1 362
2 1 242
3 2 258
0 3 227
2 2 475
0 2 478
4 2 54
4 0 72
4 1 81
5 0 233
5 2 231
5 1 232
3 1 35
3 0 40
2 0 52
3 2 219
2 1 217
2 2 219
0 0 37
4 1 46
4 2 47
4 0 55
0 1 227
0 2 317
5 2 219
5 3 226
5 1 396
3 0 48
3 1 40
3 2 224
2 0 46
4 1 49
4 2 52
4 0 52
2 1 256
2 2 281
5 2 216
5 0 257
5 1 275
3 1 38
3 0 43
3 2 214
2 0 48
5 2 216
5 1 383
5 0 394
2 1 488
2 2 480
3 1 40
3 0 40
3 2 216
5 2 214
5 3 222
5 1 222
2 0 44
2 1 220
2 2 237
3 1 39
3 0 44
3 2 214
5 2 213
5 3 218
5 1 221
2 0 39
3 1 43
3 0 44
2 3 219
2 2 223
3 2 308
5 0 228
5 3 225
5 1 228
3 0 38
3 1 42
2 0 39
5 2 219
3 3 405
2 1 409
5 0 421
2 2 542
5 1 524
5 2 218
5 3 219
5 1 227
2 0 40
2 3 320
2 2 324
5 2 215
5 0 218
5 1 224
5 2 216
5 0 219
5 1 221
5 2 216
5 3 220
5 1 223
5 2 216
5 3 223
5 1 224
5 2 217
5 3 239
5 1 244
5 0 228
5 3 231
5 1 234
5 2 216
5 3 219
5 1 221
5 2 214
5 0 221
5 1 223
5 2 213
5 3 226
5 0 220
5 2 215
5 3 220
5 1 223
5 2 216
5 3 221
5 1 233
5 2 215
5 1 222
5 3 221
