0 0 378
0 2 885
0 1 890
0 0 101
0 2 667
0 3 669
0 0 103
0 3 583
0 2 585
0 0 93
0 2 577
0 3 577
0 0 160
1 2 913
2 0 163
1 3 1340
2 1 659
1 1 1529
0 3 1444
0 2 2058
2 2 1612
2 0 210
0 0 147
1 2 1021
0 1 720
3 0 138
3 1 139
1 1 2790
2 2 2647
1 3 3095
2 3 2984
0 3 2761
2 0 390
0 0 113
1 2 819
1 0 1045
2 2 1342
2 3 1539
1 3 1384
0 2 1001
0 1 1009
0 0 113
2 0 290
0 1 1102
0 2 1270
0 0 121
1 0 1143
2 3 1368
1 3 1364
0 1 785
1 1 1934
2 2 1993
0 2 1581
0 0 260
2 0 4140
4 0 3629
4 2 3749
4 1 3258
0 2 5060
0 3 5977
1 2 5904
1 0 6161
4 1 395
4 2 400
4 0 411
2 2 6045
1 3 6218
4 2 174
4 0 180
4 1 189
2 3 5873
4 0 461
4 1 470
4 2 478
2 0 126
4 0 138
4 1 144
4 2 126
1 2 757
2 1 778
1 3 783
4 0 100
4 1 101
4 2 98
1 1 1592
2 2 1442
2 0 276
4 1 146
4 2 142
4 0 170
2 3 871
4 0 126
4 1 130
4 2 124
2 2 961
1 0 885
1 2 716
1 1 832
4 0 186
4 1 153
4 2 160
4 2 118
4 1 134
2 0 177
4 0 136
1 2 573
4 0 123
4 2 124
4 1 130
2 1 1466
1 0 1275
2 2 1300
1 1 1301
4 0 160
2 0 378
4 1 166
4 2 166
1 0 761
4 0 127
4 2 137
4 1 140
2 3 1601
2 2 1609
1 3 1405
1 1 1414
4 0 130
4 1 137
4 2 147
4 1 130
4 0 130
4 2 165
2 0 305
4 0 157
4 1 163
4 2 154
1 2 759
1 3 931
2 1 935
4 0 130
4 2 113
4 1 123
1 1 1392
2 2 1427
4 0 339
4 1 328
4 2 338
2 0 178
4 0 140
4 2 152
4 1 141
2 1 809
2 2 813
4 1 156
2 0 167
4 2 155
4 0 164
1 2 856
1 0 1406
1 1 1420
4 0 113
4 1 123
4 2 115
2 2 1073
2 1 1124
2 0 171
4 1 176
4 2 180
4 0 183
1 2 894
1 0 1003
4 1 105
4 0 123
4 2 122
1 3 1165
2 2 711
2 3 942
4 0 133
4 1 135
4 2 130
4 0 298
4 2 305
1 2 838
4 1 328
2 0 160
1 1 978
1 0 973
4 2 135
4 0 135
4 1 136
2 1 864
1 2 729
2 2 1303
1 3 751
4 0 112
4 1 131
4 2 118
2 0 95
1 1 1147
4 1 127
4 2 135
4 0 147
2 1 716
2 2 822
4 1 136
2 0 292
4 2 153
4 0 168
1 2 967
2 1 1005
1 3 986
4 1 102
4 2 96
4 0 98
4 1 97
4 2 101
4 0 105
1 1 1512
2 2 1627
2 0 100
4 0 126
4 2 130
4 1 131
2 2 986
2 1 1005
4 1 128
4 0 139
4 2 134
2 0 95
1 2 717
4 0 110
4 1 114
4 2 106
1 0 1269
1 1 1253
2 1 1101
4 2 122
4 0 127
2 2 1259
4 1 142
2 0 100
1 2 860
1 3 958
4 2 109
4 0 113
4 1 119
1 1 1299
2 3 770
4 0 118
2 2 956
4 2 125
4 1 127
4 0 124
4 2 125
4 1 127
2 0 105
1 2 846
4 0 115
4 2 122
4 1 115
1 0 1158
1 1 1174
4 1 124
4 2 127
2 1 1259
4 0 130
2 2 1318
2 0 96
1 2 673
1 0 1018
1 1 1106
2 1 999
2 2 1183
2 0 95
1 2 720
1 3 864
1 1 1153
2 3 701
2 2 847
2 0 106
1 2 742
1 0 976
1 1 971
2 1 989
2 2 992
1 3 765
2 0 109
1 1 936
1 0 1145
2 3 596
2 1 786
2 0 92
1 2 569
1 1 799
1 3 812
2 2 802
2 3 813
2 0 129
1 2 862
1 3 883
1 1 1016
2 1 590
2 2 731
2 0 279
1 2 572
2 3 1210
2 2 1211
1 3 1058
1 1 1073
2 0 114
2 1 587
1 2 569
1 3 588
2 2 1084
1 1 1084
2 0 108
2 2 580
2 3 597
1 2 581
1 1 590
1 3 595
2 0 126
2 3 608
2 1 668
1 2 578
1 1 842
1 0 887
2 0 126
1 2 581
1 3 1149
1 1 1162
2 3 1154
2 2 1162
2 0 113
1 2 724
1 0 1202
1 1 1237
2 1 1210
2 2 1228
2 0 103
1 2 575
1 3 583
2 1 587
1 1 1083
2 2 1088
2 0 101
2 2 734
2 1 745
1 2 785
2 0 96
1 1 1186
1 0 1238
2 1 842
2 2 960
2 0 95
1 2 570
1 3 582
1 1 1017
2 1 597
2 2 854
2 0 96
2 1 586
1 2 571
1 3 579
2 2 990
1 1 1115
2 0 94
2 3 574
2 2 598
1 2 767
1 0 774
1 3 778
2 0 106
2 1 574
2 2 576
2 0 98
1 2 638
1 3 838
1 1 839
2 3 768
2 2 769
1 2 774
1 0 780
1 1 788
1 2 568
1 1 575
1 3 576
1 2 652
1 3 660
1 1 663
1 2 568
1 0 571
1 3 573
