0 1 361
0 0 368
0 2 871
0 1 105
0 0 106
0 2 635
1 0 130
0 1 115
0 0 132
1 1 719
1 2 953
1 0 90
0 2 1014
1 3 739
0 1 137
0 0 178
2 0 119
2 1 122
1 2 1283
1 0 102
0 2 1430
0 1 109
0 0 114
2 2 1658
1 1 659
2 1 98
2 0 134
2 3 595
1 2 1529
0 2 1527
1 0 187
0 1 313
0 0 328
2 1 98
2 0 118
1 3 932
1 2 1881
0 2 1749
2 2 1584
2 1 126
2 0 114
0 0 237
0 1 253
1 0 82
1 1 591
0 2 1805
2 2 1856
0 0 292
0 1 299
2 0 124
2 1 95
1 2 2048
1 0 104
1 1 1428
3 0 712
1 2 2702
0 2 3609
2 2 3447
1 0 527
0 0 161
0 1 179
2 1 148
2 0 159
3 2 2386
1 1 960
2 2 1877
1 2 2289
0 2 1920
2 1 207
2 0 211
1 0 148
0 1 176
0 0 180
2 3 629
1 1 639
2 0 88
0 2 1306
2 1 90
1 2 1330
0 0 196
0 1 198
1 0 94
1 1 570
4 0 321
2 2 2542
4 3 1665
4 1 1681
0 2 3352
2 1 543
2 0 547
1 2 3292
0 0 249
0 1 248
1 0 109
5 0 339
0 3 1596
1 1 2646
2 2 3547
5 1 2285
2 1 118
2 0 120
1 2 3162
1 0 144
5 2 2989
5 0 97
1 3 716
5 1 571
2 2 1795
2 0 102
2 1 101
1 2 1812
5 2 1625
5 0 97
2 2 1379
1 0 116
2 0 115
2 1 113
1 3 766
5 1 1208
5 2 1310
1 1 1236
5 0 106
2 2 1115
2 0 133
2 1 125
5 1 785
1 0 91
5 2 1426
1 1 791
5 0 96
5 3 569
2 2 1822
2 1 96
1 2 1710
2 0 112
1 0 92
5 2 1394
2 3 724
1 1 729
1 2 813
1 0 280
5 0 105
2 1 101
2 0 108
1 1 1307
5 1 1159
1 2 1785
5 2 1678
2 2 1760
1 0 270
5 0 343
2 0 123
2 1 103
1 3 926
5 1 771
1 2 1845
5 2 1750
2 2 1498
5 0 271
2 0 110
2 1 104
1 0 84
2 3 914
5 2 1311
5 1 1352
5 0 99
1 1 1079
1 2 1108
2 1 310
2 0 358
1 0 118
5 3 894
1 1 569
5 2 1706
2 2 1693
1 2 1495
1 0 268
2 1 273
2 0 290
5 0 107
1 3 1095
5 3 1030
2 2 1732
1 2 1757
5 2 1586
2 0 145
2 1 132
2 2 1221
1 0 113
5 0 231
2 1 93
2 0 102
1 1 1243
5 1 1231
1 2 1729
5 2 1755
2 2 1580
1 0 314
5 0 314
2 1 122
2 0 288
1 3 729
5 1 732
1 2 1785
5 2 1823
2 2 1626
5 0 137
2 1 135
2 0 140
1 0 98
5 3 807
1 3 655
5 2 1590
2 2 1647
1 2 1465
2 1 136
2 0 141
5 0 104
2 2 1084
1 0 97
2 0 150
5 1 1049
2 1 126
1 1 943
5 2 1762
5 0 90
1 2 1967
2 2 1765
5 1 646
1 0 128
2 0 135
2 1 152
1 3 695
5 2 1265
1 1 767
5 0 120
2 2 975
2 0 131
2 1 114
5 3 752
5 1 786
1 0 117
1 1 741
2 2 1196
5 0 97
2 1 130
2 0 141
5 3 763
1 2 1715
1 0 116
1 1 609
5 2 1801
2 2 1753
2 1 110
2 0 124
1 2 1363
1 0 107
5 0 119
2 2 1807
5 1 1131
1 1 1141
2 0 99
2 1 97
5 2 1650
1 2 1648
5 0 109
1 0 123
2 2 1817
2 1 106
2 0 110
5 1 1139
1 1 1139
5 2 1669
1 2 1669
5 0 128
1 0 114
2 2 1583
5 3 573
1 1 573
2 1 94
2 0 109
5 2 1764
1 2 1775
1 0 101
2 2 1485
2 1 256
2 0 276
1 3 707
5 0 103
5 1 579
1 2 1317
2 2 1494
5 2 1474
1 0 124
2 0 146
2 1 321
5 0 128
1 3 736
5 1 589
1 2 1732
2 2 1743
5 2 1510
2 1 142
2 0 173
5 0 123
1 0 105
5 1 995
1 1 841
2 2 1631
5 2 1673
2 0 247
2 1 260
5 0 104
1 2 1650
1 0 96
5 1 777
1 1 909
2 2 1852
5 2 1736
1 2 1514
2 0 125
2 1 318
5 0 275
1 0 100
2 3 751
5 1 768
1 3 573
5 2 1235
1 2 1230
2 1 252
2 0 257
5 0 244
5 3 699
1 0 100
2 2 1470
1 3 567
5 2 1494
2 1 119
2 0 128
1 2 1583
5 0 111
2 2 1295
5 1 593
1 0 152
2 0 141
2 1 139
5 2 1356
1 1 601
5 0 104
5 1 586
1 2 1810
2 2 1807
1 0 94
5 2 1379
5 0 105
1 3 717
5 1 588
1 2 1189
5 2 908
5 0 104
1 0 103
5 1 572
1 3 571
5 2 951
5 0 101
1 2 1224
5 1 572
5 2 651
1 0 111
5 0 104
1 1 1137
1 2 1139
5 1 1123
5 2 1142
1 0 287
5 0 103
1 1 1272
5 1 1092
1 2 1148
5 2 1136
5 0 98
5 3 568
5 2 584
5 0 82
5 3 566
5 2 585
5 0 91
5 3 569
5 2 591
5 0 92
5 3 686
5 2 708
5 0 98
5 1 578
5 2 589
5 0 95
5 1 581
5 2 579
5 0 88
5 1 575
5 2 577
