1 0 317
0 1 271
0 0 273
1 1 357
0 2 374
1 2 383
1 0 21
1 2 80
1 3 92
0 0 18
0 1 23
0 2 75
1 0 52
1 1 74
1 2 75
0 1 17
0 0 20
0 2 74
1 0 15
1 2 77
1 3 77
0 0 18
0 1 18
0 2 74
1 0 18
1 1 75
1 2 77
0 1 19
0 0 24
0 2 74
1 0 21
1 2 77
1 1 77
1 0 17
1 1 76
1 2 75
0 1 20
0 0 22
0 2 78
1 0 19
1 2 76
1 1 76
0 1 18
0 0 26
0 2 76
1 0 17
1 1 75
1 2 76
0 1 15
0 0 16
0 2 80
1 0 16
1 2 74
1 1 75
2 1 22
2 0 26
2 2 77
0 0 18
0 1 19
0 2 74
1 0 15
1 3 74
1 2 97
3 0 76
3 1 82
3 2 105
2 1 18
2 0 19
2 3 74
1 0 34
0 1 28
0 0 30
3 1 79
3 0 85
3 2 99
1 3 77
0 2 108
1 1 115
2 1 15
2 0 15
2 2 79
3 2 81
3 3 80
3 1 86
1 0 15
1 1 79
1 2 81
0 1 16
0 0 17
0 2 73
2 1 14
2 0 18
2 2 73
3 2 76
3 3 79
3 1 122
1 0 20
1 1 76
1 2 77
0 1 22
0 0 22
0 3 75
2 1 17
2 0 19
2 2 75
3 3 75
3 1 77
3 0 77
1 0 13
1 1 73
1 2 74
0 1 22
0 0 26
3 0 77
3 1 78
3 2 100
2 0 17
2 1 16
0 2 129
2 2 106
1 0 14
1 3 73
1 2 74
3 0 74
3 1 74
3 2 75
2 1 16
2 0 19
0 1 14
0 0 18
2 3 75
0 2 73
1 0 14
1 2 74
1 1 75
3 0 76
3 2 75
3 1 76
2 0 15
2 1 14
1 0 14
2 2 100
1 1 74
4 0 16
1 2 103
0 0 19
0 1 22
4 3 74
4 1 77
0 2 79
3 1 75
3 2 76
3 0 77
5 0 16
5 1 73
5 2 74
4 0 15
4 3 72
4 2 75
1 0 167
2 1 16
2 0 20
1 3 76
1 2 281
2 2 142
5 0 24
0 1 26
0 0 26
3 1 86
3 0 106
5 1 107
5 2 189
0 2 188
3 2 250
4 0 15
4 2 73
4 1 75
1 0 15
1 2 75
1 1 76
5 0 17
2 1 20
2 0 20
3 3 74
5 1 119
5 2 139
3 0 122
3 2 172
2 2 151
4 0 17
4 2 75
4 1 74
0 1 14
0 0 15
0 2 74
1 0 14
5 0 18
1 3 75
5 1 74
1 2 163
5 2 162
4 0 28
3 3 75
3 1 80
3 0 105
4 2 107
4 1 108
2 1 16
2 0 16
2 2 74
0 1 14
0 0 15
0 2 73
5 0 18
5 3 72
5 2 73
1 0 37
4 0 36
1 3 89
4 1 91
1 2 117
4 2 133
3 2 120
3 3 126
3 1 132
2 1 18
2 0 22
2 2 73
5 0 13
5 2 76
4 0 15
5 1 80
4 2 74
4 1 83
1 0 20
0 0 28
0 1 23
3 3 75
3 1 79
1 1 84
3 2 135
1 2 177
0 2 179
2 1 20
2 0 25
5 0 25
4 0 26
5 1 78
4 2 78
4 3 76
2 2 143
5 2 146
3 3 73
3 0 74
3 2 74
1 0 17
1 3 73
1 1 76
0 1 14
0 0 14
0 2 74
4 0 14
5 0 17
4 2 75
4 1 102
5 2 77
5 1 104
2 1 14
2 0 15
2 3 72
3 2 74
3 3 75
3 1 75
1 0 14
1 1 75
1 2 73
4 0 13
4 2 74
4 1 74
5 0 14
5 2 73
5 3 74
0 0 14
0 1 15
0 2 73
2 1 18
2 0 18
3 1 74
3 0 74
3 2 96
2 2 98
4 0 15
1 0 14
4 2 74
4 1 86
1 2 75
1 1 87
5 0 13
5 3 73
5 2 77
0 1 18
0 0 19
3 1 74
3 0 75
3 3 76
4 0 17
0 2 77
4 1 75
4 2 76
2 0 16
2 1 16
2 2 74
5 0 17
1 0 15
5 1 106
5 2 110
1 1 110
1 2 112
4 0 15
4 1 98
3 3 74
3 2 77
4 2 135
3 1 117
5 0 16
5 1 74
5 2 74
0 1 16
0 0 17
2 1 15
2 0 17
0 2 78
1 0 16
2 3 76
1 1 76
1 2 75
4 0 15
4 1 73
4 2 75
3 1 76
3 0 76
3 2 75
5 0 14
5 2 74
5 3 75
1 0 18
2 1 18
2 0 18
1 1 77
4 0 14
1 2 91
0 1 17
0 0 24
4 1 75
4 2 79
2 2 127
0 2 110
3 2 75
3 0 75
3 1 76
5 0 38
5 1 76
5 2 75
4 0 15
4 1 74
4 2 74
1 0 15
1 3 72
1 2 76
2 0 16
2 1 16
2 2 73
5 0 18
0 1 22
0 0 25
3 3 74
3 0 108
3 2 111
5 1 108
5 2 174
0 2 171
4 0 17
4 1 74
4 2 76
1 0 14
1 3 72
1 2 74
5 0 17
5 3 77
2 0 18
2 1 19
3 1 82
3 2 98
5 1 124
3 0 127
2 2 98
4 0 13
4 1 76
4 2 76
0 1 16
0 0 18
0 2 76
1 0 14
5 0 16
1 1 74
1 2 114
5 2 147
3 0 76
3 1 76
4 0 16
3 2 105
4 1 75
4 2 74
2 1 16
2 0 17
2 2 73
5 3 548
0 1 15
0 0 15
0 3 73
5 0 43
5 1 103
5 2 76
1 0 18
4 0 17
1 2 116
4 2 118
1 1 140
3 2 116
4 1 150
3 1 124
3 0 185
2 0 16
2 1 16
2 2 73
5 0 16
5 2 76
5 1 78
4 0 16
4 2 78
4 1 80
0 1 19
1 0 22
0 0 21
3 0 117
3 2 168
1 2 174
0 2 174
2 1 24
2 0 28
5 0 26
4 0 20
4 2 75
4 1 75
2 2 144
5 2 142
0 1 15
0 0 16
0 2 73
4 0 17
4 1 73
2 0 15
2 1 16
2 2 73
3 3 2160
1 3 2170
3 1 74
3 0 75
4 3 1037
0 0 28
0 1 45
1 0 17
3 3 180
4 0 17
0 2 107
5 3 1904
1 2 108
4 2 77
1 3 178
4 3 175
5 0 21
2 0 20
2 1 27
5 1 77
5 2 141
2 2 145
3 0 74
3 2 76
4 0 16
3 1 96
4 3 73
4 2 96
1 0 13
5 0 14
1 2 82
1 1 90
5 2 82
5 1 86
0 0 16
0 1 16
0 2 73
2 0 15
2 1 15
2 2 75
4 0 13
4 1 76
4 2 79
3 2 75
3 0 78
3 1 79
5 0 14
5 1 73
5 2 73
1 0 13
1 3 73
1 2 75
0 1 13
0 0 18
4 0 14
2 0 20
2 1 22
4 3 92
4 2 94
0 2 129
2 2 111
3 3 73
3 2 73
3 1 89
5 0 15
5 1 75
5 2 76
1 0 17
1 3 73
1 2 75
4 0 13
4 1 73
4 3 73
2 1 17
2 0 20
5 0 15
0 1 17
3 1 77
0 0 23
3 0 114
5 1 115
3 2 228
2 2 226
5 2 242
0 2 233
1 0 19
4 0 20
1 2 74
4 2 75
1 1 140
4 1 146
5 0 17
3 0 78
5 2 127
5 3 135
3 2 158
3 3 162
2 1 16
2 0 23
2 2 74
4 0 13
4 1 74
4 2 74
0 1 15
0 0 17
0 2 78
5 0 19
1 0 23
3 3 73
3 1 82
5 1 149
1 1 150
4 0 37
5 2 229
1 2 231
3 2 233
4 1 99
4 3 74
2 0 14
2 1 17
2 2 74
0 1 13
0 0 14
0 2 75
5 0 15
5 2 73
5 1 76
4 0 14
3 3 72
3 2 75
3 0 99
4 2 75
4 1 96
2 0 15
2 1 16
2 2 73
5 0 14
5 1 72
5 2 74
4 0 13
4 3 79
4 2 81
3 2 76
3 3 78
3 1 82
0 1 18
0 0 24
0 2 75
5 0 13
4 0 19
2 1 19
2 0 21
5 2 113
4 3 102
5 1 146
4 1 151
2 2 91
3 3 72
3 1 74
3 0 74
0 1 14
0 0 15
0 2 75
4 0 13
5 0 16
4 3 73
4 2 73
5 1 74
5 2 74
2 1 17
2 0 19
3 1 95
3 0 95
3 2 106
2 2 120
4 0 13
4 1 73
4 2 73
5 0 17
5 2 73
5 1 73
0 1 14
0 0 15
0 2 73
3 3 72
3 0 73
3 2 74
2 0 14
2 1 15
2 2 72
4 0 15
4 1 73
4 2 73
5 0 15
5 1 72
5 2 73
3 1 75
3 3 74
0 0 16
3 2 79
0 1 16
0 2 80
4 0 15
4 2 76
4 1 80
2 0 14
2 1 15
5 0 16
5 3 73
2 2 131
5 2 132
4 0 17
3 2 76
3 1 78
3 3 94
4 1 75
4 3 98
5 0 13
0 1 14
0 0 19
5 3 73
5 2 73
0 3 76
2 1 14
2 0 16
2 2 72
4 0 13
4 2 73
4 1 72
5 0 17
5 3 72
5 2 73
2 1 17
2 0 18
2 3 83
5 0 15
5 3 72
5 2 73
2 1 14
2 0 14
2 2 73
5 0 15
5 2 72
5 1 75
5 0 13
5 2 73
5 1 73
2 1 13
2 0 16
2 2 73
5 0 14
5 1 74
5 2 74
2 1 16
2 0 18
2 2 73
