0 1 338
0 0 338
0 2 643
0 0 74
0 1 77
0 2 360
0 0 81
0 1 78
0 2 359
0 1 80
0 0 86
0 2 364
0 1 101
0 0 105
0 2 367
0 1 72
0 0 84
0 2 367
0 0 86
0 1 82
0 2 371
0 0 80
0 1 87
0 2 364
0 0 82
0 1 75
0 2 373
1 0 347
0 1 104
0 0 104
1 1 608
1 2 844
1 0 68
0 2 934
1 3 432
0 0 73
0 1 74
1 2 660
0 2 442
1 0 60
1 1 426
1 2 445
0 0 177
0 1 172
0 3 460
1 0 84
1 2 513
1 3 518
0 0 79
0 1 82
1 0 59
0 2 462
1 1 404
1 2 508
0 1 95
0 0 114
1 0 78
1 1 361
0 2 642
1 2 665
1 0 67
0 1 82
0 0 88
1 1 442
1 2 649
0 2 572
1 0 66
1 2 385
1 1 388
0 1 112
0 0 114
0 2 361
1 0 59
1 1 360
1 2 359
0 0 72
0 1 81
0 2 441
1 0 149
1 2 451
1 1 452
2 0 78
2 1 68
0 1 77
0 0 84
1 0 65
1 3 385
2 2 690
0 2 813
2 1 70
2 0 112
1 2 904
0 1 89
0 0 101
2 3 522
0 2 439
1 0 96
1 3 403
2 0 78
2 1 85
1 1 405
0 1 89
0 0 103
2 2 630
1 0 68
1 1 412
2 0 70
2 1 71
0 2 816
0 0 74
0 1 76
1 2 992
1 0 61
2 2 1059
1 1 355
2 1 76
2 0 85
0 2 1098
0 0 68
0 1 67
1 2 1099
1 0 62
1 1 363
2 2 1090
2 1 61
2 0 74
0 2 1099
0 0 74
0 1 86
1 2 969
1 0 72
2 2 1078
1 3 354
2 0 65
2 1 67
0 2 997
1 2 1087
2 3 717
0 1 350
0 0 359
4 0 130
4 3 406
3 1 610
1 0 114
2 0 76
2 1 79
3 0 830
4 1 1002
3 2 1068
0 2 1146
1 1 911
0 0 91
0 1 95
4 0 73
3 0 436
3 1 518
4 3 357
1 2 1441
2 2 1407
4 2 511
1 0 93
2 0 101
2 1 99
4 0 75
1 1 522
3 2 1581
0 2 1609
4 1 411
4 2 395
0 0 83
0 1 80
4 0 92
3 3 477
3 1 647
1 2 1441
4 1 359
1 0 79
4 2 489
2 2 1735
4 0 67
1 3 458
2 0 77
2 1 84
3 2 1432
4 1 457
4 2 454
0 2 1459
0 0 228
0 1 236
4 0 97
1 2 1203
4 1 379
2 2 1028
3 3 360
0 3 1147
3 2 889
2 0 91
2 1 92
1 0 80
4 2 1157
4 0 59
1 1 498
3 1 1351
0 0 90
0 1 87
4 1 501
4 2 504
2 2 975
1 2 977
4 0 125
2 1 110
2 0 128
1 0 101
3 0 513
3 1 667
0 2 1042
3 3 715
4 2 676
0 1 87
0 0 91
4 3 1089
1 3 1108
5 0 83
2 2 1259
1 2 1277
3 1 775
2 1 94
2 0 99
4 0 65
3 0 1225
1 0 72
4 2 565
5 1 1218
0 2 1906
4 1 771
1 3 356
0 0 86
0 1 84
4 0 79
3 2 2077
5 2 1953
4 2 542
4 1 551
5 0 77
4 0 68
3 1 674
2 2 2238
4 2 493
2 1 363
2 0 370
3 0 1321
1 2 2276
5 1 1193
4 1 1108
2 3 641
3 2 1631
0 2 2001
4 0 65
5 2 1820
0 0 464
0 1 458
5 0 93
1 0 82
4 2 1306
2 1 69
2 0 77
3 1 1009
4 1 1558
4 0 57
4 2 369
3 0 1622
3 2 1670
0 2 2280
5 1 1853
1 1 1911
0 1 83
3 1 385
0 0 88
4 1 1392
5 2 2176
1 2 2369
4 0 202
5 0 68
2 2 2178
3 0 943
1 0 83
2 1 91
2 0 91
4 2 508
1 3 378
0 2 1631
4 1 1365
3 2 1975
5 1 1451
1 1 1369
0 0 232
4 0 222
0 1 238
2 2 1559
5 2 1852
1 0 431
2 0 118
2 1 117
5 0 94
4 2 1242
4 1 1268
3 1 1153
3 0 1185
5 3 359
4 0 71
0 2 1863
2 3 1029
1 1 1380
3 2 1894
0 1 84
0 0 100
4 2 936
4 1 944
4 0 74
1 2 2242
2 0 103
2 1 88
3 3 539
5 2 1972
1 0 74
4 2 570
3 0 945
5 0 64
4 1 1233
4 0 59
1 1 1133
3 2 1735
4 2 366
0 2 2317
5 1 882
2 2 1836
4 1 838
0 1 109
1 2 1725
0 0 109
2 0 172
1 0 134
4 0 130
2 1 172
5 2 1704
3 3 534
5 0 63
3 1 887
4 2 760
3 0 1207
4 1 1284
1 1 1288
2 2 1698
1 2 1647
0 2 2016
4 0 107
5 1 1418
0 0 153
0 1 284
2 0 311
2 1 309
1 0 174
3 3 790
5 2 1802
5 0 64
3 1 1140
4 2 866
4 1 1051
1 1 1193
4 0 77
3 2 1909
4 2 434
5 1 1210
4 1 698
4 0 57
3 3 512
5 2 1746
5 0 68
3 1 723
4 1 442
2 2 2769
4 2 572
5 3 365
0 2 2725
2 0 231
2 1 276
0 1 130
0 0 144
4 0 146
1 2 3262
4 3 401
4 1 413
1 0 82
3 2 2074
1 1 382
5 2 1590
4 0 305
4 2 772
4 3 784
5 0 85
2 2 2139
3 0 528
2 1 72
2 0 76
0 2 2243
4 0 90
0 0 75
0 1 90
3 3 1147
5 3 1153
4 2 371
1 2 2514
4 3 592
1 0 79
3 2 2002
1 3 359
4 0 69
5 2 2467
4 1 726
2 2 2354
4 2 915
0 2 2157
2 1 505
2 0 513
4 0 361
3 3 955
5 0 348
0 0 128
0 1 128
3 1 1090
5 1 589
4 3 643
1 2 2185
4 2 704
1 0 86
4 0 67
3 2 2118
4 1 371
2 2 1913
2 0 86
2 1 79
0 2 1917
1 3 931
4 3 1188
5 2 2499
0 1 101
0 0 124
5 0 68
4 0 85
3 0 1039
1 2 2053
3 1 1192
0 3 1040
5 1 998
2 2 1669
4 1 608
4 2 618
3 2 1564
1 0 79
5 2 1933
2 1 412
2 0 415
4 0 417
5 0 73
3 3 636
3 1 747
1 1 1433
4 2 738
5 3 561
1 2 1473
2 2 1399
1 0 62
4 1 1459
3 0 1471
2 0 227
2 1 227
5 2 1245
4 0 89
4 3 405
1 1 928
5 0 73
3 1 486
4 1 843
1 2 1165
3 3 518
1 0 70
2 2 1212
5 1 490
2 0 74
2 1 74
1 3 477
4 0 61
4 1 357
4 2 361
3 2 1497
4 0 65
5 2 1497
1 2 1385
5 0 75
2 2 1299
4 3 475
2 0 69
4 2 737
2 1 206
3 1 606
1 0 103
5 1 816
3 0 818
4 0 66
1 3 412
4 1 483
3 2 1354
4 3 529
5 2 1406
2 2 1361
5 0 68
2 0 106
2 1 87
3 1 515
4 0 58
1 2 1479
5 3 536
3 0 797
5 1 790
4 2 395
4 3 412
3 2 947
1 0 115
2 2 916
2 1 107
2 0 111
5 0 88
4 0 59
3 3 638
5 3 494
4 2 360
1 1 925
3 0 970
4 1 661
1 2 1258
3 2 1399
4 0 86
1 0 81
2 2 1343
4 1 367
4 2 369
1 3 487
5 2 1564
2 1 100
2 0 117
4 0 77
5 0 64
1 2 1268
3 1 863
4 2 853
3 0 920
4 1 968
2 2 1291
4 0 180
1 0 62
3 2 1324
5 1 857
2 0 87
2 1 101
3 1 381
5 2 1303
4 1 749
1 3 747
4 3 969
5 0 60
3 0 751
4 0 58
5 1 452
1 2 1310
2 2 1335
4 2 490
4 1 512
2 1 72
2 0 76
3 2 1562
1 0 204
5 2 1407
3 1 370
5 0 56
1 1 783
3 0 671
5 3 356
1 2 1395
2 2 1602
3 2 1309
1 0 68
2 0 89
2 1 84
5 2 1325
3 3 363
1 1 955
5 0 64
3 0 876
5 1 442
1 2 1471
2 2 1383
3 2 1412
2 0 74
2 1 81
5 2 992
5 0 67
2 2 776
3 3 365
3 1 530
5 2 523
2 1 64
2 0 67
5 1 723
3 0 728
5 0 82
2 2 686
5 1 685
2 1 70
2 0 72
5 2 835
5 0 56
3 0 475
3 1 524
3 2 625
2 3 523
5 1 594
5 2 746
3 1 387
5 0 82
2 0 74
2 1 85
3 0 468
3 2 730
5 1 419
3 3 355
3 1 368
5 2 1130
2 2 1129
5 0 80
2 0 77
2 1 83
3 2 902
5 3 366
5 2 1028
2 2 1022
3 0 362
3 1 377
2 1 75
2 0 77
5 0 66
3 2 756
5 1 655
3 3 357
2 2 1118
3 0 497
5 2 1124
3 2 823
5 0 60
5 1 386
5 2 411
3 3 516
3 1 533
3 2 540
5 0 79
5 1 379
5 2 376
5 0 66
3 3 356
3 0 526
3 2 542
5 1 547
5 2 553
5 0 88
3 3 479
3 1 509
5 1 378
3 2 745
5 2 640
5 0 89
5 2 380
3 3 357
3 1 373
5 1 589
3 0 581
5 0 67
5 2 388
5 1 400
5 0 84
3 1 387
3 0 418
3 2 518
5 3 358
5 2 485
3 0 475
3 3 490
5 0 68
3 2 524
5 3 380
5 2 411
3 3 382
3 1 388
5 0 75
3 2 428
5 3 559
5 2 592
3 3 378
3 1 385
3 2 403
5 0 59
5 3 357
5 2 378
5 0 67
5 1 357
5 2 363
5 0 63
5 1 361
5 2 367
5 0 66
5 1 357
5 2 364
