0 1 303
0 0 312
0 2 527
0 0 53
0 1 59
0 2 290
1 0 53
0 1 60
0 0 64
1 1 305
1 2 408
0 2 429
1 0 63
1 2 300
1 3 302
0 1 57
0 0 57
0 2 294
1 0 54
1 1 300
1 2 299
0 0 57
0 1 51
0 2 292
1 0 47
1 2 287
1 3 292
0 0 56
0 1 57
1 0 77
0 2 542
1 1 324
1 2 463
1 0 68
0 0 62
0 1 59
1 1 288
1 2 523
2 1 69
2 0 91
0 2 565
2 2 429
1 0 52
1 1 292
0 1 51
0 0 62
1 2 319
2 1 73
2 0 74
0 2 486
2 3 329
1 0 55
1 2 290
1 1 289
0 0 49
0 1 49
2 0 51
2 1 52
1 0 50
0 2 607
1 1 313
2 2 642
1 2 512
0 1 53
0 0 57
2 0 136
2 1 141
1 0 53
1 1 288
0 2 709
2 2 818
1 2 691
2 1 65
2 0 73
0 0 147
0 1 154
1 0 145
1 3 294
2 2 815
2 1 53
2 0 63
3 0 474
3 1 477
0 2 1119
1 2 1151
0 1 59
0 0 69
0 3 293
3 2 923
1 0 303
2 2 821
1 3 622
2 0 74
2 1 69
3 2 508
3 1 533
1 1 872
0 0 76
0 1 70
3 0 715
2 3 609
0 2 529
1 0 67
3 3 500
3 1 562
1 1 431
2 1 59
2 0 60
0 0 57
0 1 58
3 2 1071
1 2 1050
1 0 75
1 1 307
3 3 299
3 1 305
2 2 1209
2 1 53
2 0 64
0 2 1208
0 0 55
0 1 55
1 2 1121
1 0 55
3 2 1333
1 1 295
2 2 1109
0 2 1116
2 0 72
2 1 77
0 1 77
0 0 78
3 3 444
3 1 456
3 0 456
1 2 1007
1 0 60
2 2 1059
2 0 63
2 1 67
3 0 300
3 1 306
0 2 1026
0 1 60
0 0 63
1 3 973
1 2 1181
1 0 58
3 2 1248
2 2 1105
2 0 63
2 1 75
1 1 478
0 2 1080
3 1 428
0 0 73
0 1 74
3 0 487
1 2 1342
4 0 72
5 0 288
1 0 84
3 2 1495
4 3 509
0 2 1352
2 2 1628
0 0 79
0 1 102
3 1 318
2 0 67
2 1 67
4 1 946
5 1 1115
4 0 56
3 0 960
1 1 1209
4 3 290
4 2 294
3 2 1268
1 2 1528
1 0 75
4 0 50
2 2 1410
0 2 1565
2 1 65
2 0 68
3 0 556
3 1 561
0 0 61
0 1 60
5 2 2534
4 1 523
5 0 57
4 2 647
4 0 53
2 3 734
5 1 391
1 3 1009
3 2 1271
1 2 1417
2 0 101
2 1 104
4 2 844
4 1 885
4 0 54
0 2 1508
5 2 1416
1 0 61
3 0 749
3 1 752
0 1 81
0 0 85
5 0 68
4 2 522
4 1 1045
2 2 1465
4 0 65
2 0 62
2 1 75
1 1 1166
5 1 1099
4 2 288
4 1 491
4 0 54
0 2 1597
1 2 1910
0 1 95
5 2 1837
0 0 111
3 2 2604
4 2 430
4 1 447
1 0 89
5 0 79
4 0 55
2 2 1399
1 3 524
2 1 64
2 0 70
5 1 663
3 0 624
3 3 735
4 2 458
4 3 540
0 2 1146
2 3 456
0 0 77
0 1 78
5 2 1335
3 2 1354
4 0 75
1 2 1475
5 0 292
2 1 81
2 0 95
4 2 496
4 1 499
5 3 496
1 0 173
0 2 1040
4 0 66
0 0 81
0 1 95
5 2 1167
3 1 591
3 0 609
3 3 650
1 3 649
4 2 500
4 1 520
2 2 1200
4 0 63
2 1 78
2 0 85
5 0 64
1 2 1328
4 2 491
4 1 558
0 2 1146
3 3 289
5 1 570
0 1 71
3 1 417
4 0 65
0 0 83
1 0 55
4 2 430
4 1 587
1 1 473
4 0 44
4 2 287
4 1 291
2 2 1616
5 2 1577
3 2 1423
0 2 1142
2 0 186
2 1 185
5 0 82
0 0 70
0 1 72
4 0 55
1 2 1499
5 1 540
1 0 58
4 2 590
3 3 452
4 1 682
3 1 485
4 0 52
1 3 424
2 2 1198
1 1 516
5 2 1283
2 1 63
2 0 66
4 2 406
5 0 50
4 1 510
0 2 1488
1 0 50
0 0 166
0 1 173
4 0 73
3 2 1473
5 1 662
0 3 641
4 2 550
2 2 1052
1 1 961
5 2 1154
2 0 64
3 3 400
2 1 77
4 1 876
5 0 60
1 2 1336
4 0 192
0 1 81
0 0 89
3 0 789
5 3 402
1 0 52
4 2 406
4 1 684
1 1 512
4 0 55
4 2 299
4 1 298
3 2 1624
2 2 1308
5 2 1414
2 1 56
2 0 60
4 0 62
1 2 1335
0 2 1461
5 0 87
0 1 95
1 0 80
0 0 104
4 1 498
3 3 535
4 2 654
3 1 655
1 1 529
5 3 547
4 0 48
2 2 1278
4 2 297
4 1 292
2 1 49
2 0 49
4 0 48
0 2 1325
4 2 289
3 2 1686
4 1 401
0 0 171
0 1 172
5 2 1614
1 2 1751
2 2 1255
1 0 340
4 0 146
5 0 110
2 1 71
2 0 71
0 2 1285
4 2 610
3 1 631
0 0 61
0 1 61
3 0 1010
5 1 1000
1 1 1350
4 1 1249
4 0 45
5 2 1307
5 0 48
4 3 284
1 2 1631
3 2 1653
1 0 149
2 2 1763
4 1 613
0 2 1208
2 1 87
2 0 105
3 3 298
3 1 314
0 1 59
0 0 65
5 1 965
4 0 55
1 1 951
5 2 1213
3 0 847
4 3 289
4 2 298
5 0 52
1 2 1393
4 0 54
1 0 53
5 3 499
2 2 1381
0 2 1279
2 1 80
2 0 97
0 1 86
0 0 85
3 1 651
4 2 663
3 3 950
5 2 1335
4 3 943
1 3 932
5 0 63
3 2 1443
4 0 54
2 2 1205
4 2 293
1 2 1640
2 1 159
2 0 168
0 2 1519
5 1 623
0 1 59
0 0 78
3 1 313
4 1 782
1 0 50
4 0 56
3 0 580
5 2 1256
4 2 295
1 3 522
5 0 55
4 3 441
5 1 293
3 2 1220
4 0 65
2 2 1635
4 3 296
2 1 69
2 0 79
3 1 302
0 2 1633
4 1 544
3 0 661
0 1 65
1 2 1804
0 0 68
5 2 1406
4 0 68
5 0 78
1 0 75
3 2 1265
5 3 404
4 2 430
2 2 1357
3 3 317
2 0 61
2 1 64
0 2 1213
0 0 59
0 1 59
5 1 1162
4 1 1178
1 1 1084
4 0 62
1 2 1227
3 0 1121
3 2 1244
4 2 412
5 0 177
1 0 85
5 3 401
4 1 692
2 2 1309
4 0 180
2 1 69
2 0 84
1 1 749
3 1 413
4 3 390
0 2 1412
0 1 58
0 0 59
3 0 767
4 1 752
1 2 1329
5 2 1561
1 0 184
4 0 70
1 3 390
4 2 297
4 1 303
2 2 1300
5 0 56
2 0 169
2 1 167
3 2 1851
5 1 404
4 0 57
0 2 1382
0 1 66
0 0 66
4 3 287
3 0 299
1 2 1352
4 2 560
3 1 675
5 2 1362
1 0 79
4 0 175
5 0 57
2 2 1713
1 3 628
2 1 52
2 0 69
0 2 1399
4 3 613
4 1 659
0 1 59
0 0 66
5 1 547
3 2 1788
4 0 50
3 0 308
4 3 285
3 1 511
5 2 1360
1 2 1672
4 2 510
5 0 60
2 2 1437
5 3 386
0 2 1360
1 0 317
2 0 329
2 1 334
4 0 323
0 1 84
0 0 96
3 2 1658
4 2 740
1 1 771
4 1 793
0 3 531
5 2 1343
4 0 186
3 3 402
2 2 1295
1 2 1294
4 2 421
3 0 626
2 0 226
2 1 243
1 0 234
5 0 73
4 1 775
3 2 1048
4 0 62
1 3 454
4 2 302
5 1 520
4 1 599
3 3 284
3 1 299
2 2 1034
1 2 1172
5 2 1013
4 0 112
2 0 83
2 1 88
3 0 606
5 0 64
4 3 297
1 0 54
2 2 780
4 1 814
1 3 292
3 1 306
5 1 818
5 2 949
2 0 65
3 0 487
2 1 69
4 0 60
5 0 63
1 2 991
2 3 578
3 2 1013
4 2 490
5 2 736
5 1 789
4 1 807
1 0 101
2 0 98
2 1 93
5 0 49
3 1 485
3 0 982
3 2 1064
1 1 789
5 1 790
1 2 1130
3 3 288
3 1 292
2 2 1167
5 2 1127
1 0 50
2 1 50
2 0 200
5 0 167
1 1 573
5 1 567
3 2 1146
1 2 1068
2 2 1058
2 1 47
2 0 56
5 2 1126
5 0 46
3 1 297
3 0 297
5 3 286
3 2 794
2 2 942
5 2 898
3 0 289
3 3 285
3 2 336
5 0 52
5 1 297
5 2 321
3 3 288
3 1 292
3 2 324
5 0 46
5 1 285
5 2 287
3 0 288
3 3 282
3 2 288
5 0 46
5 1 324
5 2 327
3 3 285
3 2 286
3 1 288
5 0 55
5 2 292
5 1 293
3 3 314
3 1 323
3 0 330
5 0 53
5 2 293
5 1 301
5 0 48
3 1 290
3 0 405
3 2 402
5 1 399
5 2 404
5 0 51
3 3 286
3 0 465
3 2 462
5 1 463
5 2 466
5 0 69
3 1 321
3 3 545
3 2 562
5 3 521
5 2 540
5 0 59
3 1 292
3 2 538
3 3 538
5 3 535
5 2 540
5 0 42
5 3 283
5 2 288
5 0 40
5 3 284
5 2 286
5 0 42
5 1 285
5 2 286
5 0 42
5 1 286
5 2 285
5 0 48
5 1 290
5 2 290
