0 1 267
0 0 269
0 2 398
0 0 41
0 1 41
0 2 228
0 1 32
0 0 42
0 2 182
0 1 33
0 0 74
0 2 180
0 1 34
0 0 42
0 2 234
1 0 37
1 2 188
1 1 193
0 0 123
0 1 127
0 2 265
1 0 42
1 2 192
1 3 210
0 1 39
0 0 51
0 2 182
1 0 36
1 2 237
1 1 237
0 0 38
0 1 39
0 2 182
1 0 39
1 3 188
1 2 183
0 1 41
0 0 41
1 0 40
0 2 201
1 1 299
2 1 47
2 0 59
1 2 633
2 2 398
3 0 225
3 1 243
3 2 254
1 0 35
0 1 37
0 0 38
1 1 179
1 2 253
2 1 37
2 0 39
0 2 282
2 3 296
3 0 191
3 1 193
3 2 186
1 0 34
1 2 181
1 1 182
0 0 32
0 1 36
2 1 38
2 0 47
3 3 183
3 1 186
0 2 491
2 2 472
1 0 38
3 2 496
1 1 185
1 2 203
2 0 56
2 1 52
0 1 63
0 0 65
3 3 272
3 1 302
3 2 371
2 2 282
0 3 291
1 0 34
1 2 181
1 1 182
3 3 178
3 1 181
3 0 183
2 1 35
2 0 37
0 0 31
0 1 32
1 0 32
2 2 284
1 1 181
0 2 372
1 2 371
3 0 181
3 1 181
3 2 257
4 0 31
4 3 323
4 1 326
2 0 38
2 1 36
1 0 30
0 0 34
0 1 40
2 2 256
1 3 179
4 0 35
3 0 185
3 1 248
4 3 179
1 2 511
4 2 249
0 2 513
3 2 447
2 1 34
2 0 44
1 0 30
4 0 49
1 3 188
2 3 257
1 1 254
3 2 211
0 1 49
0 0 54
4 2 353
0 2 217
3 1 429
3 0 479
4 1 483
4 0 29
2 0 40
2 1 37
1 0 37
4 2 355
4 1 407
3 1 248
2 2 463
0 0 34
0 1 36
1 1 412
3 0 423
3 2 500
4 0 33
1 2 506
0 2 299
4 1 183
4 2 185
1 0 39
2 1 43
2 0 46
3 1 184
3 0 280
1 1 282
3 2 393
4 0 30
1 2 460
2 2 471
4 1 182
4 2 184
0 0 31
0 1 32
1 0 31
2 1 40
2 0 45
3 3 179
0 2 440
4 0 36
3 0 399
4 2 182
1 1 415
4 1 319
3 2 546
1 2 551
2 2 497
3 3 179
3 1 181
3 0 183
0 1 44
0 0 60
1 0 50
4 0 51
4 2 341
2 1 38
2 0 41
1 3 410
0 2 482
4 3 503
1 2 544
2 2 310
4 0 35
3 3 179
3 2 200
4 1 185
3 1 282
1 0 35
4 2 279
0 1 58
0 0 58
1 1 210
1 2 230
2 1 31
2 0 35
5 0 31
0 2 539
4 0 49
5 1 355
2 2 603
3 3 179
4 1 206
1 0 33
4 2 349
5 2 667
3 1 359
1 1 182
5 0 29
3 2 481
0 0 60
0 1 81
4 0 97
2 0 74
2 1 80
1 2 468
5 1 295
4 2 204
4 1 303
3 3 179
3 0 193
5 2 605
1 0 29
0 2 632
5 0 38
2 2 839
4 0 46
1 3 330
3 2 731
4 2 184
2 0 42
2 1 54
0 0 40
0 1 47
4 1 365
5 1 372
1 2 649
2 3 201
5 2 504
3 3 180
3 1 199
5 0 33
1 0 30
4 0 36
0 2 650
3 2 677
4 2 188
5 1 559
2 0 42
2 1 35
5 2 639
1 1 630
1 2 674
4 1 465
5 0 52
0 0 47
0 1 57
4 0 35
3 1 214
3 0 302
5 3 200
1 0 37
4 2 217
4 1 252
1 3 197
2 2 665
3 2 633
5 2 739
0 2 716
1 2 618
4 0 134
2 1 54
2 0 56
3 3 275
5 0 35
3 1 402
2 2 221
4 2 408
0 1 50
3 0 474
1 0 44
0 0 61
4 1 482
1 3 184
5 1 292
4 0 31
5 2 493
4 1 190
0 2 538
1 2 549
3 3 181
4 2 318
3 2 288
3 1 298
5 0 79
2 1 44
2 0 57
5 2 294
5 1 295
1 0 39
2 3 195
4 0 45
0 0 47
0 1 48
1 2 272
4 2 221
1 1 352
3 1 200
4 1 416
5 0 32
0 2 395
3 2 389
3 0 403
5 1 268
5 2 269
4 0 35
2 1 33
2 0 40
1 0 38
4 2 271
2 2 274
4 1 304
1 3 189
3 1 189
0 1 79
0 0 85
5 0 75
3 2 266
1 1 384
3 0 345
5 3 206
4 0 34
0 2 414
5 2 397
4 2 188
4 1 186
2 1 32
2 0 37
1 0 34
5 0 30
1 1 273
3 3 336
4 0 33
3 0 412
5 3 349
2 2 579
0 1 39
0 0 46
4 2 184
4 1 229
1 2 655
3 2 705
5 2 685
1 0 37
0 2 468
2 1 39
2 0 43
5 0 32
4 0 38
3 1 268
1 1 378
4 2 266
1 2 561
3 0 540
2 2 598
3 2 623
5 1 565
4 1 539
0 1 39
0 0 41
5 2 596
0 3 181
2 1 75
5 0 67
4 0 92
1 0 103
2 0 79
4 2 388
3 1 389
4 1 659
3 0 687
5 2 678
3 2 715
0 0 60
0 1 68
4 0 57
1 2 787
1 1 786
5 1 762
2 2 796
5 0 138
1 0 46
4 3 322
2 1 57
2 0 60
3 1 292
5 3 308
4 1 554
3 0 537
1 1 409
0 2 806
4 0 33
4 3 178
4 2 187
5 2 848
3 2 907
2 2 753
1 2 775
0 1 51
1 0 45
0 0 63
3 3 355
5 0 198
2 1 45
2 0 47
4 0 38
3 0 511
1 1 559
4 3 179
4 2 185
5 1 489
3 2 752
0 2 860
1 2 882
1 0 35
5 2 875
2 2 730
3 1 194
3 0 210
5 0 64
0 1 64
4 0 47
0 0 81
2 1 41
2 0 46
3 3 347
1 3 350
4 2 206
1 2 513
5 1 475
4 1 463
0 2 733
5 2 758
4 0 81
1 0 70
2 2 743
5 0 81
3 0 315
3 1 365
4 2 358
5 1 289
2 0 41
2 1 45
0 1 40
0 0 41
4 3 430
1 3 456
3 2 556
1 2 527
5 3 503
4 0 35
2 2 540
0 2 558
1 0 49
5 0 59
4 3 316
3 1 200
5 3 217
4 1 517
3 0 484
1 1 446
2 1 36
2 0 40
3 2 563
4 0 37
1 2 568
5 2 568
0 0 41
0 1 44
4 1 194
4 2 218
5 0 30
3 3 180
3 1 213
1 0 45
5 1 340
2 2 726
4 0 32
0 2 693
1 1 284
3 2 718
4 2 186
4 1 221
2 0 45
2 1 46
5 2 716
5 0 35
1 2 618
0 1 38
0 0 42
3 1 191
1 0 42
5 1 341
3 0 354
4 0 30
2 2 625
1 3 241
4 1 194
4 3 240
5 2 692
0 2 851
3 2 944
5 0 48
2 1 42
2 0 48
4 0 37
1 2 928
5 3 277
0 0 49
0 1 52
4 2 191
3 3 276
3 0 296
4 1 308
1 0 31
1 3 177
5 2 669
2 2 768
3 2 771
5 0 45
4 0 47
0 2 812
5 1 288
2 0 51
4 2 284
4 3 283
2 1 58
1 2 730
3 3 182
3 1 189
0 0 42
0 1 41
1 0 40
5 2 637
4 0 33
1 1 208
5 0 31
4 3 181
3 2 763
2 2 851
4 1 385
5 1 350
2 0 83
2 1 84
0 2 761
1 2 800
5 2 738
1 0 59
4 0 63
5 0 40
0 0 46
0 1 47
4 2 205
3 0 347
5 1 326
2 2 820
3 3 541
1 3 536
4 3 536
2 1 34
2 0 38
1 2 694
4 0 40
5 2 795
3 2 880
4 2 341
0 2 951
4 1 342
5 0 194
1 0 50
5 1 333
0 0 37
0 1 44
1 3 205
2 2 837
3 3 184
4 0 36
3 1 223
4 1 187
4 2 205
2 1 37
2 0 38
5 2 855
1 2 729
5 0 33
5 1 183
0 2 786
3 2 754
1 0 39
4 0 51
1 1 218
0 1 43
0 0 45
2 2 818
4 2 371
3 3 184
5 2 736
4 1 456
5 0 47
3 1 286
2 1 40
1 2 657
3 0 325
2 0 54
5 3 190
4 0 34
0 2 562
1 0 35
4 3 184
5 2 557
2 2 549
4 1 345
1 1 388
1 2 447
3 1 204
5 0 60
0 1 47
0 0 47
3 0 405
4 0 35
2 1 43
2 0 48
3 2 523
4 2 187
5 1 373
4 1 323
5 2 570
0 2 587
5 0 33
3 3 181
2 2 567
3 0 219
5 1 217
3 2 424
5 2 326
0 0 44
0 1 44
2 0 56
2 1 58
0 3 185
2 2 184
5 0 44
3 3 277
3 1 290
3 2 360
5 1 186
5 2 278
2 1 30
2 0 33
5 0 32
3 1 184
3 3 187
5 1 188
2 2 425
3 2 481
5 2 463
5 0 31
5 2 180
5 1 182
2 0 33
2 1 34
2 3 179
5 0 31
5 1 179
5 2 180
2 0 37
2 1 40
2 2 179
5 0 32
5 2 180
5 1 182
2 0 31
2 1 31
5 0 28
2 2 200
5 3 178
5 2 202
5 0 28
2 1 32
2 0 35
5 3 181
5 2 287
2 2 284
5 0 30
5 3 181
5 2 183
5 0 31
5 3 178
5 2 179
5 0 29
5 1 180
5 2 179
5 0 29
5 1 180
5 2 180
5 0 33
5 2 181
5 1 181
