0 1 298
0 0 308
0 2 578
0 1 63
0 0 66
0 2 326
0 1 54
0 0 66
0 2 321
0 1 90
0 0 97
1 0 94
1 1 390
0 2 522
1 2 641
1 0 54
0 1 61
0 0 67
1 3 334
1 2 524
0 2 521
1 0 63
1 2 324
1 1 329
0 0 66
0 1 65
0 2 321
1 0 66
1 2 414
1 3 413
0 1 83
0 0 105
1 0 54
0 2 398
1 1 329
1 2 367
0 0 70
0 1 70
1 0 52
1 1 325
0 2 543
1 2 540
1 0 53
0 0 63
0 1 65
1 1 335
1 2 556
0 2 571
1 0 55
1 1 410
0 0 59
0 1 61
1 2 449
0 2 427
1 0 50
1 1 324
1 2 328
0 0 57
0 1 64
0 2 322
1 0 68
2 1 65
2 0 62
1 1 412
1 2 650
2 2 685
0 1 79
0 0 95
1 0 55
0 3 358
2 0 75
2 1 86
1 3 339
1 2 352
2 3 352
0 1 103
0 0 114
1 0 102
2 0 97
2 1 87
1 3 449
1 1 459
0 2 649
2 2 542
1 0 55
0 1 58
0 0 64
2 0 57
2 1 59
1 1 453
1 2 761
1 0 50
0 2 854
1 1 326
0 0 55
0 1 59
2 2 1107
2 0 54
2 1 56
1 2 962
1 0 56
1 1 331
0 2 977
0 0 174
0 1 168
2 2 987
2 1 49
2 0 52
1 2 993
1 0 55
1 3 323
0 2 1002
2 2 959
0 0 57
0 1 57
2 1 52
2 0 60
1 2 877
2 3 472
0 2 822
1 0 84
3 0 490
3 1 578
0 0 63
0 1 68
2 0 66
2 1 61
1 1 420
3 2 876
3 0 349
3 1 354
1 2 1343
1 0 51
0 2 1323
2 2 1265
0 1 210
0 0 218
2 1 71
2 0 75
1 1 459
3 2 1379
3 3 325
3 1 326
1 2 1490
4 0 59
0 2 1378
1 0 90
0 0 75
0 1 75
4 1 371
2 2 1496
4 3 481
3 2 1220
2 1 73
2 0 86
1 3 545
4 0 56
1 2 1203
0 2 1272
2 2 1241
0 1 199
0 0 209
4 2 750
3 3 747
4 3 750
3 1 761
2 0 87
2 1 89
1 0 80
4 0 53
1 1 382
3 2 1202
4 2 429
4 1 483
0 2 1228
2 2 1099
4 0 84
0 1 85
0 0 95
1 2 1300
3 3 452
2 0 75
1 0 62
3 0 606
3 1 623
4 2 649
4 1 664
1 3 363
4 0 77
0 2 1149
0 1 76
0 0 79
4 2 600
4 1 604
2 2 1160
4 0 64
3 1 560
3 0 684
1 2 1225
2 1 73
2 0 79
4 2 626
4 1 638
5 0 81
4 0 111
1 0 87
4 2 452
1 3 465
3 2 1657
0 2 1564
5 1 733
4 1 762
0 1 71
0 0 76
2 2 1498
4 0 65
3 1 525
2 0 67
2 1 214
3 0 626
4 3 456
4 2 769
1 2 1644
2 3 602
5 2 1812
3 2 1291
0 2 1198
5 0 86
4 0 135
0 0 255
0 1 262
1 0 228
2 0 221
2 1 209
3 1 988
4 2 729
5 1 1289
3 0 1383
5 2 1445
4 1 1118
5 0 57
4 0 62
3 2 1619
1 1 1536
4 2 519
3 1 510
1 2 1823
0 2 1883
2 2 1833
1 0 95
0 0 101
2 1 90
0 1 113
2 0 97
5 1 1162
4 1 1160
1 3 330
5 2 1348
4 0 54
3 0 1308
5 0 56
3 2 1423
4 2 459
3 1 344
1 1 1192
0 2 1282
0 1 74
0 0 76
4 1 1128
2 2 1485
4 0 96
5 2 1195
1 0 95
2 1 80
2 0 79
3 2 1134
3 0 1157
5 1 1354
0 3 782
5 0 61
4 2 751
1 2 858
0 0 95
0 1 90
2 3 920
3 3 754
4 1 1078
5 3 632
1 1 1134
4 0 325
1 0 60
3 0 1266
3 2 1288
2 1 63
2 0 63
5 2 1256
4 2 594
5 0 51
0 2 1380
4 1 1094
3 3 337
0 1 77
1 1 938
3 1 377
4 0 91
0 0 105
4 2 376
1 2 1453
2 2 1365
1 0 108
2 1 110
2 0 113
3 0 1299
5 1 1217
4 1 1124
5 2 1359
0 2 1408
4 0 287
5 0 131
0 0 96
0 1 108
1 1 1062
3 3 329
4 2 715
3 1 532
4 1 970
5 1 799
4 0 73
1 2 1736
2 2 1949
1 0 88
4 2 487
2 0 91
2 1 89
4 1 590
5 2 1501
5 0 97
4 0 82
3 2 1721
0 2 1951
4 2 533
1 1 896
0 0 116
0 1 109
5 1 964
4 1 959
4 0 60
3 3 323
5 2 1401
3 1 487
4 1 336
2 2 1879
4 2 641
5 0 83
1 2 2133
2 0 125
2 1 143
4 0 114
5 3 341
1 0 74
4 2 354
0 2 1800
4 1 762
3 2 1701
1 1 730
0 1 479
0 0 480
4 0 224
4 1 446
4 2 354
2 2 1713
5 2 2005
4 0 608
3 3 898
3 0 1000
1 2 2465
2 1 236
2 0 247
0 2 1878
4 2 904
1 0 648
4 1 1555
0 1 107
0 0 122
5 0 68
4 0 62
3 2 2024
1 3 1070
4 1 320
4 2 346
5 3 493
1 2 1727
4 0 69
3 1 486
3 3 584
4 1 327
4 3 446
5 2 1436
1 0 69
2 2 2510
0 2 1610
2 1 119
1 3 635
2 0 113
0 1 99
0 0 121
3 2 1720
5 0 229
4 0 237
5 1 477
4 3 465
4 2 511
1 2 1506
3 0 332
3 1 346
4 0 68
2 2 1746
1 0 70
0 2 1717
4 3 570
4 2 586
5 2 1555
2 0 279
2 1 318
0 0 312
0 1 320
5 0 96
1 1 580
4 0 58
5 1 561
4 2 324
4 1 457
1 2 1341
4 0 212
1 0 100
2 2 1511
0 2 1557
2 0 92
4 3 477
3 2 2724
4 2 488
2 1 128
1 1 354
0 1 86
0 0 87
5 2 1717
5 0 81
3 1 480
3 0 484
3 3 539
4 0 85
4 1 340
5 3 565
1 2 1401
2 2 1252
1 0 101
2 0 81
2 1 86
0 2 1504
3 1 487
4 3 960
0 0 94
0 1 99
3 3 863
1 3 801
4 0 71
5 2 1822
4 2 327
4 1 349
5 0 63
4 0 61
1 2 1540
3 2 1886
0 2 1424
2 2 1640
4 2 330
2 1 113
0 0 113
2 0 156
0 1 122
4 1 784
5 1 996
1 0 258
4 0 70
5 2 1214
3 1 504
5 0 75
1 3 810
4 3 556
3 0 852
4 1 778
5 1 651
4 0 92
2 2 1691
0 2 1700
2 1 88
3 2 1870
2 0 103
4 1 482
4 2 483
0 1 102
0 0 109
5 2 1418
1 2 1972
5 0 109
4 0 108
1 0 71
3 1 768
3 0 824
4 2 606
5 3 636
4 3 641
5 1 763
2 2 1306
0 2 1293
1 1 561
3 2 1397
2 1 323
0 0 327
0 1 331
2 0 349
4 0 320
5 0 88
0 3 505
1 2 1411
1 0 86
4 1 828
3 0 789
4 3 1010
3 3 1081
2 2 1220
5 3 960
2 0 86
2 1 78
3 2 1450
1 3 965
4 0 72
5 2 1488
1 2 1199
4 3 322
4 2 585
2 2 921
5 0 74
3 0 561
3 1 610
2 0 86
2 1 77
1 0 223
5 1 549
4 0 58
1 3 468
3 2 1112
4 2 383
4 1 408
3 1 385
3 0 399
5 2 1207
4 0 206
5 0 76
2 2 1388
2 1 71
2 0 73
4 2 467
1 2 1562
4 1 728
3 2 1227
5 1 593
4 0 255
1 0 58
5 2 1217
2 2 1164
4 2 743
5 0 68
3 1 612
2 1 88
2 0 91
4 1 1003
5 3 330
3 0 1062
4 0 65
1 1 1022
3 2 1263
4 3 358
4 1 399
1 2 1508
3 3 378
1 0 71
5 2 1271
3 0 449
2 2 1389
4 0 87
2 1 73
2 0 76
4 2 333
5 0 58
1 1 723
3 2 1158
4 1 687
1 2 1123
5 1 506
2 2 994
5 2 872
2 1 80
2 0 103
3 1 327
3 0 348
3 3 339
5 0 60
5 1 324
2 2 740
5 2 838
3 0 333
2 0 68
3 1 342
2 1 93
5 0 53
5 1 325
3 2 773
2 2 880
3 1 324
3 0 322
5 2 883
2 0 66
2 1 66
5 0 59
3 2 888
2 3 351
5 1 334
5 2 557
3 3 322
3 1 342
3 2 651
2 0 70
2 1 86
5 0 71
5 1 329
3 0 353
3 1 378
2 2 816
5 2 824
2 1 230
5 0 77
2 0 245
3 2 943
5 3 320
3 3 320
3 0 323
2 2 1047
5 2 907
2 0 70
2 1 72
3 2 792
5 0 74
2 2 710
5 1 339
3 1 330
3 3 332
5 2 618
5 0 54
3 2 553
5 1 327
5 2 373
3 0 467
3 2 468
3 3 469
5 0 60
5 1 329
5 2 323
3 3 325
3 1 332
5 0 67
3 2 385
5 1 329
5 2 383
5 0 54
3 3 434
3 1 431
3 0 532
5 2 330
5 1 435
5 0 52
3 1 329
3 0 515
3 2 520
5 1 515
5 2 520
5 0 63
3 3 333
3 2 689
3 0 698
5 2 689
5 1 697
5 0 57
5 2 458
5 3 458
3 1 325
3 3 457
3 2 462
5 0 74
5 3 325
5 2 331
5 0 53
3 1 328
3 3 408
3 2 418
5 3 413
5 2 412
5 0 53
5 3 320
5 2 321
5 0 54
5 1 322
5 2 322
5 0 48
5 2 320
5 1 322
5 0 54
5 2 324
5 1 325
