0 1 285
0 0 289
0 2 415
0 1 99
0 0 104
0 2 240
0 1 42
0 0 49
0 2 182
0 0 38
0 1 38
0 2 180
0 0 40
0 1 39
0 2 228
0 0 53
0 1 46
0 2 189
0 1 46
0 0 70
0 2 184
1 0 49
1 2 184
1 1 206
0 1 46
0 0 48
0 2 185
1 0 45
1 2 186
1 3 198
0 1 35
0 0 42
0 2 179
1 0 35
2 0 43
2 1 43
1 1 271
1 2 284
2 2 322
1 0 55
0 1 42
0 0 52
1 3 194
2 1 36
2 0 38
1 2 366
0 2 372
2 3 214
1 0 39
1 1 183
1 2 199
0 1 58
0 0 61
2 0 34
2 1 35
0 2 327
2 2 293
1 0 112
1 1 265
1 2 187
2 0 48
2 1 50
0 1 55
0 0 61
2 2 186
0 3 181
1 0 34
1 1 185
1 2 180
2 0 37
2 1 37
0 1 33
0 0 35
2 2 320
1 0 35
0 2 308
1 1 185
1 2 238
2 1 34
2 0 37
2 2 181
0 1 33
0 0 37
1 0 34
1 1 180
0 2 311
1 2 308
2 0 35
2 1 35
2 3 179
1 0 34
0 1 38
1 1 188
0 0 42
1 2 229
0 2 223
2 1 33
2 0 37
1 0 34
2 2 247
1 3 185
1 2 249
0 0 39
0 1 37
0 2 181
2 0 44
2 1 54
1 0 43
1 3 179
2 2 185
1 1 183
3 0 183
3 1 183
3 2 184
0 1 34
0 0 35
0 2 179
1 0 143
2 1 50
2 0 63
1 1 321
3 1 191
1 2 463
3 0 318
2 2 399
3 2 482
0 0 37
0 1 36
0 2 180
1 0 36
2 1 38
2 0 44
1 1 185
3 3 182
3 1 184
1 2 375
3 2 445
2 2 431
0 0 167
0 1 161
1 0 46
2 0 45
2 1 54
3 3 285
3 1 192
1 1 188
0 2 634
3 2 578
1 2 582
2 2 614
1 0 43
3 1 185
3 0 194
1 2 187
3 3 237
0 1 45
0 0 50
1 3 322
2 0 47
2 1 46
0 2 258
2 2 257
1 0 43
3 1 225
3 0 282
3 2 287
1 1 250
1 2 250
2 1 49
0 1 44
2 0 51
0 0 49
2 3 181
0 2 182
3 1 181
3 0 182
3 2 183
1 0 30
1 1 179
1 2 178
2 0 34
2 1 35
0 0 38
0 1 36
2 2 270
3 1 183
3 0 185
1 0 33
0 2 434
3 2 428
1 3 179
1 2 281
2 1 49
2 0 51
3 1 189
3 0 197
0 0 38
0 1 38
1 0 35
2 2 473
3 2 466
1 1 185
0 2 476
1 2 399
3 1 200
3 0 206
2 1 54
3 2 209
2 0 58
2 3 232
1 0 73
4 0 279
0 1 105
0 0 114
4 1 390
1 2 506
1 3 507
4 3 535
3 0 196
0 2 460
3 3 333
2 1 49
3 2 392
2 0 83
4 0 57
1 0 45
4 2 214
4 3 229
2 2 280
1 3 244
1 2 251
0 0 45
0 1 202
0 2 333
4 0 52
3 3 185
3 0 272
3 1 285
4 1 261
4 2 265
2 0 54
2 1 59
1 0 43
1 1 184
2 2 293
1 2 327
4 0 48
3 3 184
3 2 227
3 1 227
0 0 62
0 1 62
4 1 187
4 2 227
0 2 184
1 0 244
2 0 112
2 1 100
4 0 61
1 1 430
1 3 450
2 2 333
3 3 305
4 1 286
3 2 342
3 1 357
4 2 351
0 0 46
0 1 46
0 3 181
1 0 63
4 0 67
2 0 81
2 1 68
4 2 224
1 2 313
3 3 201
1 1 369
4 1 400
3 2 577
2 2 562
3 0 591
4 0 49
4 1 243
4 2 249
1 0 104
0 1 129
0 0 136
1 1 239
3 3 198
2 0 66
3 1 213
2 1 67
5 0 38
4 0 60
1 2 604
0 2 647
5 1 184
4 3 183
4 2 193
3 2 677
2 2 660
5 2 664
0 1 98
1 0 111
0 0 110
2 1 75
2 0 93
4 0 72
5 0 66
3 1 312
4 2 307
1 1 483
3 0 598
5 1 594
4 1 612
3 2 706
0 2 821
1 2 835
4 0 45
2 2 816
5 2 788
1 0 47
5 0 194
3 3 329
0 1 108
2 0 95
0 0 117
2 1 104
4 2 448
3 1 447
1 2 545
4 1 634
3 0 697
4 0 43
1 1 762
5 2 608
4 2 194
0 2 635
2 2 630
5 1 654
1 0 52
5 0 50
4 1 422
3 3 187
3 1 188
2 1 42
2 0 48
1 1 423
5 1 411
0 1 213
0 0 220
4 0 46
1 2 720
5 2 755
3 2 759
4 2 185
4 1 187
5 0 64
1 0 40
5 3 292
1 3 293
4 0 39
3 1 214
2 2 942
3 0 221
0 2 915
2 1 53
2 0 54
4 1 222
4 2 223
5 2 677
0 1 43
0 0 49
1 2 719
5 0 39
3 2 961
4 0 45
1 0 48
2 2 848
1 3 181
5 1 515
4 2 290
0 2 795
3 1 284
2 0 50
2 1 49
4 1 413
3 0 376
5 2 813
5 0 38
0 1 49
0 0 53
4 0 47
1 2 733
4 2 180
5 1 276
3 2 833
4 1 282
2 2 780
1 0 54
3 3 293
2 0 39
2 1 43
3 0 428
5 2 794
4 0 36
1 1 334
0 2 823
5 0 44
4 2 182
3 2 775
4 1 348
5 1 331
1 2 706
0 1 45
0 0 48
1 0 47
5 2 646
2 2 811
3 1 216
4 0 46
1 1 371
5 0 58
4 2 492
3 0 681
2 0 49
2 1 44
0 2 913
5 3 466
4 1 590
1 2 943
4 0 35
3 2 938
0 1 53
0 0 59
1 0 53
4 1 239
4 2 260
1 3 184
3 0 242
3 1 249
5 2 992
5 0 35
2 2 879
0 2 687
5 3 183
2 1 64
4 0 59
2 0 70
1 2 731
4 2 183
3 2 780
4 1 190
0 1 56
0 0 78
1 0 44
3 0 192
3 1 192
1 3 182
5 2 843
4 0 41
2 2 782
4 1 183
4 2 184
5 0 36
2 1 42
2 0 45
5 1 184
0 2 725
3 2 755
1 2 759
3 0 185
3 3 187
4 0 44
5 2 712
1 0 66
0 1 51
0 0 60
4 2 286
2 2 750
5 0 37
4 1 396
3 2 698
1 1 399
2 1 46
2 0 52
5 1 354
4 0 46
0 2 680
3 3 179
5 2 649
1 2 774
2 2 467
4 1 337
4 2 343
3 0 341
1 0 51
3 1 347
5 0 53
1 3 458
1 2 479
0 1 54
0 0 73
4 0 56
5 3 495
5 2 529
2 1 63
2 0 75
4 3 228
4 1 271
3 1 189
3 0 266
5 0 39
1 0 47
0 2 548
5 1 182
1 3 178
3 2 610
2 2 610
4 0 56
4 3 179
4 2 182
1 2 651
5 2 743
2 0 102
0 0 115
2 1 131
0 1 114
5 0 83
3 1 200
3 0 317
1 0 45
4 0 40
5 1 369
4 3 178
4 2 184
1 1 271
3 2 582
2 2 709
3 1 181
3 3 178
0 2 883
5 2 877
1 2 822
5 0 182
3 2 560
2 1 124
2 0 146
0 0 117
4 0 117
0 1 110
1 0 70
5 3 279
4 2 350
0 3 350
2 2 382
1 2 364
5 1 558
4 1 516
3 1 181
3 2 210
1 1 525
3 0 323
5 0 42
4 0 37
5 2 180
4 2 182
2 1 43
2 0 45
5 3 315
4 3 405
2 2 279
3 3 179
3 0 181
3 2 184
4 0 59
5 0 53
4 3 184
5 2 196
4 1 354
5 1 365
2 1 44
2 0 46
2 3 236
4 0 52
3 3 365
3 2 377
5 0 249
3 1 544
5 2 211
4 2 502
4 1 506
5 1 322
4 0 44
2 1 46
2 0 49
5 0 43
4 2 200
3 3 285
4 1 330
3 0 366
5 3 271
2 2 527
3 2 567
5 2 498
4 0 38
4 3 212
5 0 42
4 1 370
2 1 62
2 0 67
3 1 339
3 3 354
5 1 368
3 2 605
4 0 40
5 2 642
2 2 471
4 2 196
4 1 197
5 0 44
5 2 196
3 3 182
3 1 188
5 1 264
3 0 353
2 0 62
2 1 63
4 0 53
2 2 183
4 3 182
4 2 193
5 0 188
3 1 183
5 1 422
5 2 421
4 0 46
3 2 303
3 0 357
4 3 186
4 1 245
5 0 49
5 2 184
5 1 187
4 0 39
3 0 182
3 2 182
3 3 247
4 2 181
4 3 243
5 0 35
5 1 181
5 2 182
4 0 48
3 3 187
4 1 186
3 2 194
3 1 361
4 2 372
5 0 44
5 3 184
5 2 187
4 0 46
4 1 183
4 2 259
3 3 179
3 2 182
3 1 258
5 0 42
5 1 183
5 2 183
4 0 34
4 1 185
4 2 185
5 0 36
5 2 226
5 1 244
4 0 56
4 3 186
4 1 214
5 0 33
4 0 35
5 2 181
5 1 268
4 2 181
4 1 269
5 0 44
5 2 183
5 1 186
5 0 39
5 2 179
5 1 181
5 0 36
5 2 184
5 1 185
5 0 42
5 2 182
5 1 183
5 0 33
5 3 176
5 2 184
5 0 109
5 2 249
5 3 177
5 0 41
5 2 182
5 3 182
5 0 34
5 3 178
5 2 184
5 0 43
5 2 186
5 1 187
5 0 33
5 2 184
5 1 186
5 0 34
5 1 187
5 2 190
