0 1 234
0 0 238
0 2 255
0 1 15
0 0 18
0 2 43
0 1 12
0 0 16
0 2 45
0 1 13
0 0 18
0 2 40
1 0 20
1 2 41
1 1 52
0 1 13
0 0 17
0 2 39
1 0 16
1 2 43
1 3 53
0 1 14
0 0 17
0 2 42
1 0 18
1 1 45
1 2 43
1 0 13
1 3 40
1 2 41
0 1 19
0 0 29
0 2 49
1 0 11
1 1 41
1 2 40
0 0 16
0 1 16
0 2 41
1 0 15
1 1 43
1 2 43
0 1 14
0 0 15
0 2 47
1 0 10
1 2 39
1 1 46
0 1 10
0 0 12
0 2 40
1 0 12
1 2 47
1 1 46
2 1 9
2 0 11
2 2 39
0 1 11
0 0 12
0 2 39
1 0 19
1 1 39
1 2 42
2 0 16
2 1 16
2 3 86
1 0 9
1 1 40
1 2 40
0 1 10
0 0 11
0 3 38
2 1 8
2 0 13
2 2 38
1 0 12
1 3 38
1 2 39
0 1 10
0 0 12
0 2 40
2 1 14
2 0 15
2 2 40
1 0 17
1 3 42
1 1 41
0 0 15
0 1 15
0 2 41
2 1 11
2 0 12
2 2 39
1 0 10
1 1 38
1 2 39
0 1 11
0 0 12
2 1 10
2 0 12
0 2 40
2 2 58
1 0 9
1 1 38
1 2 40
2 0 11
2 1 13
2 3 39
1 0 10
1 2 39
1 1 41
0 1 9
0 0 11
0 2 39
1 0 11
1 3 38
1 2 39
2 0 11
2 1 12
2 2 39
0 1 8
0 0 12
0 2 37
3 1 41
3 0 42
3 2 49
1 0 9
1 2 42
1 1 43
2 1 9
2 0 11
2 2 38
0 1 9
0 0 9
0 2 38
3 2 38
3 0 38
3 1 38
1 0 9
1 2 38
1 1 39
2 1 9
2 0 12
2 2 38
0 0 18
3 1 38
3 3 42
0 1 22
3 2 52
0 2 57
1 0 14
1 2 41
1 3 37
2 1 10
2 0 12
2 2 39
3 1 39
3 2 42
3 3 47
0 1 13
0 0 16
1 0 23
1 1 41
0 2 67
1 2 70
2 0 9
2 1 12
2 2 41
3 0 40
3 3 38
3 1 38
1 0 12
1 3 37
1 2 38
0 1 9
0 0 10
0 2 38
3 0 39
3 1 39
3 2 39
2 1 10
2 0 13
2 2 39
1 0 13
1 2 38
1 3 39
0 0 12
0 1 13
3 1 39
3 0 41
3 2 50
0 2 53
2 1 15
2 0 17
4 0 12
2 3 40
4 1 39
4 3 38
5 0 13
5 1 41
5 2 41
1 0 12
1 2 40
1 1 41
3 0 39
3 1 39
3 2 40
4 0 13
4 2 39
4 3 39
0 1 15
0 0 16
5 0 14
5 1 43
0 2 62
5 2 64
2 1 13
2 0 14
2 2 38
1 0 11
1 1 39
1 3 40
3 0 42
3 1 42
3 2 46
4 0 21
4 1 54
4 2 54
5 0 10
5 1 39
5 2 39
0 1 10
0 0 12
2 1 11
2 0 14
0 2 58
2 2 98
1 0 14
4 0 15
1 2 41
4 2 41
1 1 76
4 1 78
3 1 41
3 0 42
3 2 39
5 0 11
5 2 39
5 1 39
4 0 11
4 2 39
4 1 40
2 1 15
2 0 23
2 3 40
1 0 10
3 3 115
0 0 97
0 1 98
1 1 138
1 2 141
5 0 17
3 0 143
3 2 145
5 3 44
0 2 191
5 2 97
4 0 9
4 1 38
4 2 39
3 3 38
3 0 39
3 1 40
5 0 13
1 0 11
2 0 12
2 1 13
5 1 59
5 2 76
1 1 64
1 2 93
2 2 66
0 1 11
0 0 12
0 2 38
4 0 9
4 2 38
4 1 39
5 0 11
5 1 41
5 2 51
3 3 39
3 1 43
3 2 62
1 0 10
1 2 39
1 1 40
2 1 11
2 0 11
4 0 16
2 2 40
4 2 41
4 3 39
0 0 11
0 1 11
0 3 38
5 0 11
5 1 38
5 2 39
3 2 40
3 1 40
3 3 39
4 0 9
4 1 39
4 2 39
1 0 10
1 1 39
1 2 42
2 1 10
2 0 12
2 2 39
5 0 80
5 3 107
5 2 107
3 3 39
0 1 19
3 0 41
0 0 19
4 0 13
3 2 52
0 2 56
4 2 45
4 1 47
1 0 10
1 2 40
1 3 40
2 1 10
2 0 10
5 0 9
2 2 42
5 3 39
5 2 45
4 0 11
4 1 39
4 2 39
3 3 38
3 2 39
3 1 40
0 1 10
0 0 12
0 2 43
1 0 11
1 2 40
1 3 42
5 0 13
5 1 41
5 2 41
4 0 10
4 1 39
4 2 42
2 1 9
2 0 12
2 2 40
3 0 42
3 2 41
3 1 42
1 0 9
1 1 38
1 2 38
5 0 12
4 0 14
5 2 40
4 2 38
5 1 71
4 1 75
0 1 8
0 0 16
0 2 38
3 3 37
3 0 39
3 1 39
2 1 8
2 0 9
2 2 37
4 0 10
4 1 38
4 2 38
5 0 9
5 2 39
5 3 38
1 0 9
1 2 37
1 1 39
0 0 11
0 1 13
3 2 58
3 3 57
3 1 60
0 2 44
2 1 9
2 0 10
4 0 11
2 2 40
4 1 38
4 2 40
5 0 9
5 1 37
5 2 38
1 0 8
1 3 38
1 2 39
3 2 38
3 1 39
3 0 39
4 0 9
4 2 38
4 1 38
5 1 46
0 0 103
0 1 105
5 0 108
2 1 8
2 0 9
0 2 139
5 2 138
2 2 48
1 0 9
1 3 39
1 2 39
3 1 40
3 2 39
3 0 43
4 0 13
4 1 43
4 2 44
5 0 14
5 1 39
5 3 38
0 0 11
0 1 16
2 1 9
2 0 11
0 2 52
2 2 54
1 0 13
4 0 14
1 2 38
4 2 39
1 1 73
4 1 81
3 3 40
3 2 39
3 0 39
5 0 8
5 3 39
5 2 40
4 0 10
4 1 39
4 2 39
2 0 10
2 1 14
2 2 39
1 0 8
1 3 43
0 0 13
3 1 39
3 0 39
0 1 17
1 2 65
3 2 88
5 0 9
0 2 118
5 1 38
5 2 43
4 0 9
4 2 39
4 1 39
3 1 40
3 0 42
3 2 43
1 0 14
5 0 17
1 3 41
5 1 43
2 1 17
2 0 19
1 2 91
5 2 96
2 2 79
0 1 8
0 0 10
0 2 38
4 0 10
4 2 38
4 1 38
5 0 9
5 3 40
5 2 43
3 0 40
3 1 40
3 2 45
1 0 8
1 1 38
1 2 38
2 0 9
2 1 11
4 0 10
2 2 40
4 1 39
4 2 39
0 0 9
0 1 9
0 2 38
5 0 8
5 2 38
5 1 38
3 3 37
3 0 39
3 2 40
4 0 9
4 3 37
4 1 38
1 0 9
1 1 38
1 2 38
2 1 9
2 0 9
2 2 37
5 0 8
5 1 38
5 2 37
0 0 9
0 1 11
4 0 10
0 2 37
3 0 40
3 1 94
4 2 91
2 1 8
2 0 10
2 2 37
3 3 618
5 0 9
5 1 54
5 2 54
4 3 674
4 0 7
4 3 37
4 2 38
3 1 38
3 2 38
3 0 39
0 1 7
0 0 8
0 2 37
5 0 11
5 2 38
5 1 37
4 0 8
4 1 38
4 2 37
2 1 9
2 0 9
2 2 38
3 0 39
3 1 39
3 2 38
4 0 12
5 0 10
4 3 37
4 2 38
5 1 38
5 2 38
0 1 10
0 0 13
0 2 37
3 3 37
3 1 38
3 2 39
2 1 10
2 0 11
2 2 37
4 0 9
4 3 37
4 1 38
5 0 12
5 3 38
5 2 39
0 1 8
0 0 11
3 0 38
3 2 40
0 3 62
3 1 65
2 0 10
2 1 12
4 0 10
2 2 39
4 1 38
4 2 38
5 0 9
5 1 37
5 2 41
3 0 37
3 3 37
3 2 37
4 0 9
4 1 38
4 2 38
5 0 10
5 1 40
5 2 40
2 1 9
2 0 10
2 2 39
4 0 10
3 1 39
3 2 40
4 1 38
3 3 67
4 3 71
5 0 8
5 1 38
5 2 38
2 1 7
2 0 9
2 2 40
4 0 8
4 2 37
4 1 38
3 3 37
3 0 38
3 2 38
5 0 9
5 1 37
5 2 37
4 0 8
4 3 37
4 2 37
2 1 8
2 0 9
2 3 37
3 3 37
3 2 38
3 1 38
5 0 8
5 1 37
5 2 37
4 0 15
4 3 37
4 1 38
3 3 37
3 1 39
3 0 39
5 0 8
5 1 41
5 2 46
2 0 12
2 1 14
2 2 39
4 0 9
4 2 37
4 3 38
5 0 8
5 2 45
5 1 52
3 1 39
3 2 47
3 0 50
2 1 8
2 0 9
4 0 8
2 2 38
4 2 38
4 1 39
5 0 9
5 3 37
5 2 38
3 0 47
3 3 48
3 2 49
4 0 8
4 1 38
4 2 38
2 0 9
2 1 8
2 2 38
5 0 13
5 2 39
5 3 39
4 0 12
3 3 38
3 2 38
3 1 46
4 1 39
4 2 49
5 0 11
5 3 37
5 2 38
4 0 9
4 3 37
4 1 39
3 3 38
3 2 38
3 1 40
5 0 9
5 3 38
5 2 38
4 0 9
4 2 38
4 1 39
5 0 8
5 1 37
5 2 37
5 0 11
5 1 39
5 2 37
5 0 10
5 2 38
5 1 38
