0 1 314
0 0 326
0 2 405
0 1 32
0 0 32
0 2 115
0 1 28
0 0 29
0 2 113
1 0 26
1 2 113
1 1 121
0 1 23
0 0 23
0 2 110
1 0 27
1 2 112
1 3 121
0 0 24
0 1 25
0 2 113
1 0 38
1 1 123
1 2 118
0 1 28
0 0 29
0 2 113
1 0 31
1 2 118
1 3 115
1 0 26
0 1 30
1 2 113
1 1 116
0 0 63
0 2 157
1 0 76
1 1 131
1 2 165
0 0 27
0 1 24
0 2 111
2 1 22
2 0 26
2 2 109
1 0 19
1 1 110
1 2 108
0 1 20
0 0 22
0 2 109
2 1 28
2 0 29
2 3 118
1 0 34
1 2 115
1 1 115
3 0 110
3 2 111
3 1 112
0 1 21
0 0 21
0 2 108
2 1 27
2 0 40
1 0 36
1 1 113
2 2 210
1 2 207
3 2 109
3 0 110
3 1 110
0 1 19
0 0 21
1 0 27
2 1 24
2 0 28
1 1 112
0 2 205
1 2 221
2 2 290
3 1 115
3 2 112
3 3 116
1 0 20
1 3 110
1 2 118
2 1 28
2 0 32
0 1 27
0 0 29
2 2 132
0 3 122
3 3 109
3 2 117
3 1 180
1 0 21
1 3 109
1 1 110
2 1 37
2 0 47
3 3 118
3 1 119
3 0 120
2 2 118
0 1 22
0 0 24
0 2 110
1 0 22
1 1 117
1 2 156
3 1 114
3 2 158
3 0 164
2 0 26
2 1 21
2 3 113
0 1 20
0 0 21
0 2 109
1 0 21
3 1 112
3 2 200
3 0 205
1 2 203
1 1 205
2 1 21
2 0 23
2 2 108
0 0 22
0 1 23
3 1 115
1 0 24
3 0 128
0 2 190
1 1 130
3 2 241
1 2 196
2 1 95
2 0 99
4 0 27
2 2 184
4 3 109
4 1 112
3 0 110
3 1 113
3 2 111
1 0 22
0 0 32
0 1 34
1 3 111
1 2 137
0 2 141
4 0 25
4 3 108
4 2 110
2 1 22
2 0 26
2 2 111
3 1 113
3 0 112
3 2 114
1 0 22
1 1 110
1 2 109
4 0 20
0 1 26
0 0 31
4 1 115
4 2 116
0 2 113
2 0 23
2 1 24
3 0 115
3 3 113
3 2 171
2 2 170
4 0 20
1 0 22
4 2 113
1 2 111
4 1 185
1 1 189
0 0 24
0 1 24
0 2 115
3 3 109
3 1 112
3 0 112
4 0 24
2 0 23
2 1 27
4 1 201
4 2 201
1 0 19
2 2 136
1 3 110
1 2 139
4 0 28
3 3 108
3 2 115
3 1 158
4 1 111
4 2 166
0 1 19
0 0 20
0 2 111
2 0 20
2 1 20
1 0 21
2 2 131
1 1 110
1 2 137
4 0 25
5 0 25
4 2 160
3 3 112
5 2 173
4 1 207
5 1 211
3 1 161
3 2 179
0 1 193
0 0 211
2 0 73
2 1 85
5 0 61
1 0 91
4 0 80
5 1 136
1 3 175
2 3 237
4 2 232
4 3 248
3 0 127
0 2 423
3 3 208
1 2 358
5 2 362
3 2 301
4 0 19
1 0 21
5 0 21
4 2 117
4 1 144
1 3 107
2 1 24
2 0 29
5 1 145
0 1 20
0 0 22
1 2 238
3 1 113
3 3 108
5 2 311
2 2 373
0 2 354
3 2 332
4 0 26
5 0 35
1 0 23
4 2 116
5 2 158
4 1 228
5 1 238
1 2 186
2 0 32
2 1 25
3 1 110
1 1 318
3 2 207
3 0 243
2 2 184
0 1 22
0 0 24
0 2 111
4 0 22
4 1 109
4 2 109
5 0 21
5 2 109
5 3 108
1 0 20
1 1 159
1 3 166
3 1 111
3 0 164
3 3 166
2 0 24
2 1 30
4 0 26
4 1 111
2 3 210
4 2 214
0 0 25
0 1 26
5 0 33
5 1 115
1 0 22
0 2 226
5 2 246
3 3 109
3 1 124
4 0 21
1 1 142
4 2 113
4 1 138
1 2 235
3 2 256
2 1 23
2 0 25
5 0 20
5 1 111
2 2 173
5 2 169
0 1 24
0 0 28
4 0 25
1 0 22
0 2 201
4 2 208
3 1 211
4 1 254
3 2 249
3 0 276
1 2 209
1 1 230
5 0 18
5 1 109
5 2 108
2 0 22
2 1 23
2 2 111
4 0 20
4 1 109
4 2 110
3 0 113
3 1 112
3 2 114
1 0 21
0 0 23
0 1 24
1 1 112
5 0 21
5 3 109
1 2 235
0 2 265
5 2 233
4 0 22
4 2 110
4 1 111
2 1 20
2 0 23
2 2 112
3 3 108
3 0 112
3 2 114
1 0 23
5 0 25
5 3 110
1 1 111
1 2 215
5 2 219
4 0 23
0 1 26
0 0 26
4 1 122
4 2 121
0 2 109
2 0 25
2 1 30
3 1 110
3 0 115
3 2 161
5 0 22
2 2 198
5 1 110
5 2 149
1 0 237
4 0 25
1 2 315
4 2 112
1 1 384
4 1 191
0 0 21
0 1 22
3 2 111
3 0 112
5 0 19
0 3 190
3 1 197
5 2 112
5 1 118
4 0 34
2 1 34
2 0 45
4 2 115
4 1 118
2 2 117
1 0 20
1 2 109
1 3 127
5 0 23
3 0 118
3 1 119
4 0 24
3 2 164
5 3 109
5 2 166
4 1 117
4 2 119
0 1 22
0 0 26
0 2 109
2 1 22
2 0 23
1 0 72
2 2 193
1 2 192
1 3 220
4 0 36
5 0 27
4 2 118
3 3 110
3 2 195
5 2 223
4 1 324
3 0 320
5 1 325
0 1 19
0 0 26
1 0 32
2 1 27
2 0 30
1 1 110
4 0 20
4 1 115
4 2 112
5 0 19
0 2 308
1 2 310
2 2 317
5 2 162
5 1 167
3 3 111
3 1 113
3 0 162
4 0 21
1 0 19
4 3 108
4 1 169
1 2 120
2 1 28
2 0 29
5 0 30
0 0 35
0 1 36
1 1 228
5 3 116
2 2 293
5 1 310
3 1 114
3 0 146
0 2 337
3 2 194
4 0 21
4 3 109
4 2 109
5 0 19
1 0 20
5 2 198
5 3 228
1 2 216
2 0 29
2 1 29
1 3 226
3 0 115
3 1 115
0 1 19
0 0 23
3 2 240
2 2 236
4 0 21
0 2 140
4 2 110
4 3 112
5 0 20
5 1 110
5 2 110
1 0 23
1 2 124
1 3 124
3 1 115
3 3 125
3 2 129
4 0 30
2 1 29
2 0 37
4 1 181
2 2 112
4 2 122
0 1 20
0 0 20
5 0 19
5 1 109
0 2 171
5 2 190
1 0 23
4 0 23
3 1 153
4 3 110
1 1 202
1 2 202
3 2 204
3 0 205
4 2 157
2 0 21
2 1 20
5 0 19
2 2 148
5 3 111
5 2 138
0 1 23
0 0 26
4 0 25
1 0 24
0 2 161
4 3 173
4 1 175
3 0 170
3 2 228
3 3 233
1 2 199
1 3 207
2 1 27
2 0 28
5 0 28
5 1 110
4 0 21
5 2 210
2 2 212
4 1 111
4 2 112
3 3 108
3 1 108
3 2 109
1 0 24
0 1 21
0 0 21
1 3 133
1 2 143
0 2 146
5 0 17
4 0 39
5 2 130
5 1 161
4 2 123
4 1 158
2 1 24
2 0 28
2 2 110
3 0 108
3 2 108
3 3 109
1 0 21
1 2 108
1 1 108
5 0 18
4 0 20
5 2 161
0 1 25
0 0 29
4 3 156
5 1 232
4 1 234
0 2 120
2 1 23
2 0 22
3 3 108
3 1 109
3 2 178
2 2 182
1 0 22
4 0 23
5 0 20
4 2 112
1 2 171
5 2 172
1 1 284
4 1 294
5 1 281
0 0 23
0 1 19
0 2 110
3 3 108
3 1 112
3 0 118
4 0 23
2 1 24
2 0 36
5 0 23
4 3 109
4 2 118
2 2 145
5 1 110
5 2 145
4 0 21
3 2 109
3 1 109
3 0 147
4 3 107
4 1 194
5 0 25
0 0 34
0 1 39
5 3 107
2 1 18
2 0 20
5 2 249
0 2 259
2 2 208
4 0 20
4 2 109
4 3 156
3 0 112
3 2 112
3 3 159
5 0 24
5 2 112
5 1 109
2 1 21
2 0 24
0 0 24
0 1 24
4 0 19
0 2 209
2 2 215
4 2 110
4 1 111
5 0 21
3 3 107
3 1 110
3 2 135
5 1 110
5 2 136
4 0 21
4 2 109
4 1 109
2 1 20
2 0 22
2 2 200
0 1 35
0 0 40
5 0 31
3 3 110
5 1 112
3 1 115
3 2 304
5 2 307
0 2 330
4 0 20
4 1 108
4 2 109
5 0 19
2 0 20
2 1 20
5 1 110
5 2 197
2 2 195
0 1 21
0 0 23
4 0 20
0 3 108
4 1 109
4 3 108
5 0 22
5 1 109
5 2 108
4 0 28
2 1 21
2 0 28
4 1 108
4 2 192
2 3 200
5 0 20
5 2 112
5 1 108
2 1 20
2 0 20
2 2 108
5 0 23
5 1 110
5 2 108
2 1 22
2 0 23
5 0 22
2 2 162
5 3 108
5 2 164
5 0 17
5 3 107
5 2 109
2 1 21
2 0 24
2 2 109
5 0 21
5 3 107
5 2 109
5 0 19
5 3 108
5 2 110
5 0 22
5 1 110
5 2 109
5 0 19
5 2 109
5 1 109
5 0 20
5 1 109
5 2 108
