0 1 279
0 0 284
0 2 443
0 1 61
0 0 68
0 2 234
0 0 117
0 1 47
0 2 220
0 0 40
0 1 41
0 2 219
0 1 99
0 0 105
0 2 272
0 0 45
0 1 49
0 2 218
0 1 53
0 0 63
0 2 218
0 1 79
0 0 88
0 2 250
0 0 48
0 1 51
0 2 217
1 0 49
1 2 263
1 1 278
0 0 38
0 1 39
0 2 214
1 0 40
1 2 215
1 3 224
0 0 93
0 1 45
0 2 267
1 0 33
1 1 215
1 2 217
0 1 41
0 0 43
1 0 56
0 3 237
1 3 236
1 2 239
1 0 37
0 0 47
0 1 41
1 1 262
1 2 292
0 2 422
1 0 37
1 2 216
1 1 216
0 1 36
0 0 38
0 2 225
1 0 54
1 1 238
1 2 218
0 1 37
0 0 39
0 2 214
1 0 33
1 2 229
1 1 229
0 1 38
0 0 41
0 2 233
1 0 37
1 1 222
1 2 223
2 1 42
2 0 43
2 2 215
0 1 58
0 0 62
1 0 64
1 1 218
0 2 429
1 2 429
2 0 42
2 1 38
2 3 215
1 0 37
0 1 38
0 0 43
1 3 244
1 2 290
0 2 263
2 1 38
2 0 39
2 2 216
1 0 33
1 3 213
1 1 217
0 0 43
0 1 46
0 2 226
2 1 39
2 0 40
2 2 222
1 0 32
1 1 229
1 2 231
0 0 38
0 1 51
2 0 38
2 1 40
0 2 330
1 0 40
1 1 216
2 2 403
1 2 385
0 1 37
0 0 36
2 1 37
2 0 44
1 0 39
1 1 215
0 2 448
2 2 528
1 2 483
3 0 217
3 2 216
3 1 221
1 0 69
2 0 60
2 1 60
0 1 73
0 0 79
1 3 221
2 3 226
1 2 431
0 2 424
3 0 216
3 1 219
3 2 218
1 0 35
2 0 40
2 1 39
0 1 39
0 0 41
1 1 224
1 2 540
3 3 214
3 1 218
2 2 628
0 2 638
1 0 39
3 2 695
2 0 43
2 1 43
1 1 220
0 0 42
0 1 42
1 2 470
3 1 217
3 3 213
2 2 565
1 0 38
0 2 626
3 2 638
1 3 223
1 2 491
2 0 45
2 1 41
0 0 53
0 1 54
2 2 257
3 3 218
3 1 232
3 0 237
0 2 264
1 0 35
1 1 216
1 2 230
2 0 50
2 1 54
3 1 225
3 0 225
0 0 49
0 1 45
1 0 38
2 2 499
3 2 537
1 3 214
0 2 566
2 1 50
1 2 569
2 0 68
3 1 263
3 0 276
1 0 39
3 2 546
2 2 529
1 3 334
0 1 58
0 0 63
1 2 451
0 3 264
3 0 239
2 0 62
2 1 59
3 2 306
3 1 347
2 2 273
1 0 36
1 2 219
1 1 226
0 1 45
0 0 58
3 1 228
3 0 228
2 1 39
2 0 46
3 2 528
0 2 529
1 0 39
2 3 218
1 3 214
1 1 219
3 1 221
3 0 223
3 2 221
0 1 40
0 0 42
0 2 218
2 1 36
2 0 40
1 0 36
1 1 345
2 2 516
3 3 220
3 0 255
1 2 604
4 0 46
3 2 401
0 0 53
0 1 53
4 3 222
4 1 222
1 0 54
2 0 54
2 1 51
0 2 382
3 3 220
3 1 228
1 1 351
3 0 520
4 0 54
1 2 678
2 2 660
4 2 228
4 3 226
1 0 51
0 1 75
0 0 84
2 0 55
2 1 68
1 1 260
3 3 234
4 0 47
3 1 354
4 1 261
2 3 436
1 2 602
3 2 650
0 2 631
4 2 512
1 0 45
4 0 50
2 0 67
2 1 73
0 1 61
0 0 65
3 3 218
4 2 388
1 1 442
4 1 450
3 1 388
1 2 620
4 0 37
2 2 750
3 2 798
0 2 755
4 2 228
4 1 236
1 0 85
2 0 46
2 1 51
1 1 336
0 1 46
0 0 51
1 2 430
3 3 223
4 0 38
3 0 263
4 2 223
4 1 254
2 2 676
1 0 40
3 2 681
0 2 689
1 3 217
1 2 521
2 0 246
2 1 252
4 0 79
0 0 64
0 1 82
4 1 235
3 3 235
1 0 39
4 2 442
3 1 444
2 2 779
4 0 43
1 3 242
0 2 669
4 2 223
3 2 751
2 0 44
2 1 54
4 3 317
1 2 577
2 2 537
0 0 73
4 0 61
0 1 63
1 0 43
3 0 464
3 1 474
4 2 429
4 1 490
2 0 43
2 1 44
3 2 785
1 1 617
0 2 732
4 0 40
3 3 232
1 2 731
3 1 322
2 2 462
3 0 546
0 1 47
1 0 52
0 0 70
4 2 445
4 1 565
1 1 539
2 1 164
2 0 168
4 0 164
0 2 701
1 2 722
3 3 333
4 1 332
1 0 37
3 1 544
4 2 431
0 1 43
0 0 50
4 0 186
1 3 453
5 0 183
2 2 969
3 2 983
2 0 49
2 1 51
4 2 359
4 1 432
4 0 35
1 2 1076
3 1 395
5 1 834
0 2 1149
3 0 565
4 2 288
0 0 158
0 1 162
1 0 50
4 1 489
1 3 218
2 2 1142
5 2 1406
4 0 171
2 1 63
2 0 64
5 0 56
3 2 1324
4 2 338
4 1 558
0 2 1021
3 1 218
5 1 486
0 0 49
0 1 51
4 0 55
1 2 1235
3 0 588
4 2 223
4 1 298
5 2 1132
1 0 36
5 0 34
2 2 1233
2 1 49
2 0 51
4 0 52
3 2 1288
4 2 230
0 2 1056
1 1 763
3 3 341
0 0 56
0 1 49
5 1 868
0 3 219
4 1 770
1 2 1043
3 0 649
4 0 159
1 0 52
5 2 1247
2 2 1127
5 0 41
4 2 332
1 3 226
2 0 40
4 1 400
2 1 43
3 2 1069
5 1 416
4 0 38
1 2 829
4 1 502
5 2 960
4 2 513
2 2 926
3 0 513
3 1 517
5 0 39
2 1 58
2 0 60
1 0 58
4 0 44
4 2 220
4 1 226
3 2 875
5 3 397
1 3 505
3 0 222
3 1 222
5 2 879
4 0 35
2 2 858
1 2 996
4 1 264
4 2 264
2 1 56
2 0 64
5 0 37
3 2 695
1 0 39
4 0 37
5 1 473
3 1 330
4 2 330
2 2 875
5 2 790
3 0 554
1 1 589
5 0 45
2 0 41
2 1 42
3 2 761
1 2 1027
1 0 36
3 3 214
5 1 582
4 1 1130
4 0 37
5 2 869
4 2 221
3 0 636
5 0 36
2 2 1104
3 2 780
1 1 637
2 1 46
2 0 45
1 2 831
4 1 879
5 1 679
4 0 46
5 2 789
3 1 224
2 2 647
5 0 46
3 3 433
3 0 500
5 2 226
4 3 462
4 1 469
2 1 47
2 0 53
5 3 406
4 0 79
2 2 468
3 0 303
4 3 292
5 0 41
3 2 429
3 1 464
4 2 472
5 3 226
5 2 287
2 1 55
2 0 58
4 0 35
5 0 39
4 3 259
3 0 294
3 1 443
4 2 442
5 1 251
2 2 559
3 2 575
5 2 438
4 0 32
2 0 45
2 1 56
4 1 402
5 0 49
3 3 345
4 2 500
3 1 460
5 1 243
4 0 32
3 2 700
2 2 714
5 2 546
4 3 218
4 2 220
5 0 191
2 0 187
2 1 190
5 3 347
3 1 355
4 0 43
3 0 260
4 3 216
4 1 260
5 2 684
2 2 792
3 2 650
5 0 33
2 1 48
2 0 54
4 0 53
3 3 258
4 2 220
3 0 497
3 2 526
5 1 579
5 2 588
4 1 500
2 2 507
5 0 92
4 0 47
3 3 258
2 1 44
2 0 44
5 1 450
5 2 474
3 2 476
4 1 410
3 1 535
4 2 531
2 3 430
5 0 85
4 0 94
3 2 266
2 0 41
2 1 46
2 2 219
4 3 665
4 1 668
5 1 666
3 3 672
5 3 676
3 0 672
4 0 87
5 0 43
4 1 256
2 1 41
2 0 48
5 3 419
4 2 465
3 3 418
3 1 433
5 2 506
3 2 518
4 0 52
2 2 512
4 3 254
4 2 258
5 0 37
5 2 229
3 3 218
3 1 228
5 1 428
2 0 40
2 1 40
4 0 35
3 0 447
2 2 216
4 3 217
4 1 237
5 0 54
3 1 219
4 0 49
5 2 480
5 1 486
3 2 474
3 0 474
4 2 231
4 3 226
5 0 37
5 3 214
5 2 280
4 0 48
3 3 223
3 2 233
3 0 324
4 2 224
4 1 323
5 0 37
5 1 256
5 2 292
4 0 46
3 3 253
3 2 299
4 1 222
3 1 417
4 2 384
5 0 67
5 1 239
5 2 244
4 0 43
4 1 220
3 3 220
3 2 227
4 2 431
3 1 429
5 0 99
4 0 37
5 2 276
5 1 355
4 3 215
4 1 278
5 0 44
4 0 40
5 2 219
5 1 287
4 2 216
4 1 287
5 0 36
5 1 214
5 2 219
5 0 35
5 3 213
5 2 221
5 0 33
5 1 215
5 2 216
5 0 36
5 1 219
5 2 218
5 0 35
5 1 216
5 2 219
5 0 36
5 1 217
5 2 218
5 0 34
5 1 214
5 2 215
5 0 43
5 2 214
5 1 215
5 0 35
5 2 214
5 1 215
5 0 33
5 2 216
5 3 221
5 0 37
5 2 214
5 3 223
5 0 42
5 2 215
5 3 221
5 0 32
5 2 214
5 3 219
5 0 53
5 1 232
5 2 215
5 0 32
5 1 217
5 2 217
5 0 33
5 2 217
5 1 220
