1 0 364
0 1 364
0 0 368
1 1 499
1 2 595
0 2 669
1 0 51
1 2 184
1 3 194
0 1 45
0 0 51
0 2 185
1 0 97
1 2 235
1 1 236
0 1 43
0 0 43
0 2 229
1 0 39
1 3 180
1 2 182
0 0 43
0 1 41
0 2 182
1 0 42
1 1 226
1 2 185
0 1 43
0 0 44
1 0 40
0 2 266
1 1 211
1 2 280
1 0 42
0 1 59
0 0 60
1 1 258
1 2 341
0 2 289
1 0 41
1 1 187
1 2 182
0 1 44
0 0 45
0 2 180
1 0 32
1 1 184
1 2 184
0 1 33
0 0 43
0 2 181
1 0 32
1 2 182
1 1 182
2 1 37
2 0 41
2 2 179
0 1 44
0 0 45
1 0 29
0 2 246
1 3 183
1 2 249
2 0 41
2 1 40
2 3 220
0 0 55
1 0 56
0 1 53
1 3 264
1 1 271
0 2 267
2 1 35
2 0 36
2 2 183
1 0 32
1 2 180
1 1 181
0 1 37
0 0 38
0 2 180
2 1 33
2 0 36
2 2 180
1 0 40
1 2 180
1 1 181
0 1 35
0 0 35
0 3 180
2 1 38
2 0 39
1 0 31
2 2 264
1 1 181
1 2 261
0 1 40
0 0 47
4 0 96
2 0 65
2 1 70
3 1 265
3 0 285
1 0 45
4 3 219
0 2 453
4 1 297
3 2 493
1 3 257
2 2 585
1 2 490
4 0 43
0 0 53
3 0 341
4 3 193
2 0 50
3 1 376
2 1 61
1 0 51
3 2 410
1 1 192
4 2 447
0 2 398
1 2 345
2 3 381
4 0 171
4 1 193
3 3 182
3 2 190
4 2 359
3 1 362
1 0 35
2 0 64
2 1 63
0 0 53
0 1 62
1 1 194
4 0 58
1 2 520
5 0 43
4 1 354
4 2 362
3 3 183
2 2 679
5 1 219
3 1 218
0 2 714
1 0 30
4 0 40
5 2 552
1 3 179
2 1 54
2 0 58
3 2 599
4 2 189
4 1 199
5 0 33
0 0 41
0 1 43
5 1 363
1 2 719
3 3 179
3 1 188
3 0 240
4 0 57
2 2 785
4 2 199
1 0 38
4 1 250
5 2 764
0 2 732
5 0 33
2 1 34
2 0 40
1 1 330
5 1 279
1 2 444
0 0 146
0 1 142
4 0 47
5 2 580
3 1 347
3 0 359
2 2 635
4 2 280
4 1 304
5 0 44
1 0 54
1 3 183
5 1 198
3 2 657
2 1 35
2 0 35
0 2 769
4 0 38
4 3 187
3 0 193
5 2 652
1 2 650
4 2 328
3 1 340
0 1 52
0 0 60
5 0 34
2 2 709
1 0 34
5 3 318
4 0 38
3 2 817
1 3 206
4 1 198
4 2 201
2 0 40
2 1 44
3 0 201
3 1 202
0 2 772
5 2 835
1 2 697
5 0 57
4 0 66
0 0 62
0 1 65
3 2 669
2 2 803
1 0 60
4 2 359
5 1 514
3 1 217
4 1 551
2 1 39
2 0 44
4 0 37
5 2 821
5 0 41
4 2 187
3 0 637
1 1 680
0 2 1048
0 1 32
4 1 462
0 0 44
1 2 871
5 1 394
1 0 40
3 2 949
2 2 747
1 3 187
4 0 39
5 2 651
1 1 326
3 1 361
2 1 153
2 0 154
5 0 61
0 2 621
3 2 549
4 2 460
3 0 574
2 3 325
5 2 316
4 1 571
5 1 407
1 0 39
4 0 41
0 0 50
0 1 56
3 3 182
4 2 193
5 0 40
2 1 40
2 0 41
5 3 178
1 2 484
1 1 510
4 1 535
3 0 528
3 2 581
4 0 38
0 2 720
1 0 37
5 2 707
2 2 633
3 3 182
4 2 308
1 2 267
3 1 304
4 1 407
5 0 36
0 0 43
0 1 47
3 0 470
1 1 452
5 3 180
2 0 38
2 1 43
4 0 40
5 2 391
4 1 187
4 2 185
0 2 423
2 2 366
1 0 35
3 3 252
3 1 257
5 0 32
3 2 450
4 0 37
1 1 335
1 2 441
4 2 187
5 1 386
0 0 40
5 2 429
0 1 43
2 0 39
2 1 39
4 1 297
0 2 209
2 3 239
3 3 186
3 2 186
5 0 38
3 1 244
1 0 35
4 0 33
5 2 372
4 2 184
5 1 425
1 2 371
1 1 503
4 1 389
2 1 34
2 0 43
0 1 42
0 0 44
5 0 35
3 0 186
4 0 35
3 3 245
1 0 35
5 3 243
4 2 194
4 1 247
1 1 246
3 2 609
2 2 749
0 2 808
5 2 874
1 2 710
4 0 65
3 3 269
2 1 69
2 0 82
3 1 361
4 1 216
0 1 54
0 0 59
5 0 53
1 0 46
4 2 292
5 1 183
3 2 588
1 3 178
2 2 545
4 0 33
5 2 692
1 2 674
4 1 335
4 2 334
3 1 353
3 0 458
5 0 172
2 1 58
2 0 71
1 0 43
0 2 1077
3 2 621
5 1 321
0 1 45
0 0 47
4 0 47
1 3 191
4 2 223
4 1 240
3 3 181
3 1 228
3 0 241
5 2 761
5 0 36
2 2 789
0 2 621
1 2 736
5 3 181
5 1 190
2 1 53
2 0 63
4 0 175
1 0 45
4 2 303
2 2 374
0 1 58
0 0 58
4 1 423
3 3 193
1 1 341
5 0 32
3 1 329
1 2 474
0 3 310
5 3 178
3 2 449
4 0 41
5 2 303
4 1 188
4 3 197
2 1 56
2 0 58
1 0 59
5 0 47
4 0 53
1 1 534
0 0 58
0 1 59
3 1 259
4 3 199
4 2 247
3 0 447
2 2 763
5 1 450
1 2 830
1 0 39
2 1 35
2 0 37
1 3 179
3 2 798
5 2 824
4 0 132
5 0 49
4 3 266
3 0 415
0 2 1075
3 1 435
5 1 327
4 2 440
0 1 39
0 0 43
1 2 772
2 2 910
1 0 54
4 0 48
2 0 42
2 1 45
1 3 179
4 1 192
4 2 195
3 2 956
5 2 818
5 0 45
3 0 188
5 3 344
3 3 350
0 2 922
1 2 713
4 0 36
2 2 865
4 3 273
4 2 280
0 0 73
0 1 89
1 0 48
5 2 817
3 2 819
2 1 46
2 0 61
1 1 200
5 0 37
4 0 34
3 1 187
4 3 181
0 2 718
1 2 660
2 2 637
5 1 467
3 0 480
4 1 427
5 2 618
1 0 181
0 0 68
3 2 822
0 1 76
2 1 52
2 0 67
1 3 305
4 0 56
5 0 65
4 2 383
3 1 377
1 2 772
5 1 547
4 1 550
3 0 547
0 2 814
1 0 41
4 0 40
2 2 863
1 3 185
5 2 889
3 2 872
4 1 197
4 2 204
0 1 182
0 0 184
5 0 92
2 1 84
2 0 89
3 1 199
1 2 685
5 1 470
3 0 371
4 0 48
4 3 185
1 0 37
4 1 220
0 2 831
1 1 215
2 2 843
5 2 962
3 2 849
2 1 46
2 0 49
5 0 55
0 1 42
0 0 44
3 3 324
4 0 43
1 2 758
4 2 188
5 1 530
3 0 554
1 0 34
4 1 444
1 1 299
3 2 899
4 0 41
2 2 969
5 2 981
0 2 977
2 0 94
2 1 103
4 2 218
5 0 96
4 3 272
0 0 55
0 1 57
1 2 716
3 1 210
3 3 227
5 1 329
3 0 309
2 2 584
5 2 730
0 2 639
4 0 46
5 0 36
4 1 202
2 1 43
2 0 47
5 2 269
4 3 329
3 1 189
3 0 204
5 3 337
0 0 38
0 1 41
4 0 33
3 2 497
2 2 426
4 2 185
4 3 194
0 2 289
5 0 36
5 1 183
5 2 186
3 2 187
3 0 188
3 1 189
2 1 47
2 0 53
4 0 51
2 2 185
4 1 185
4 2 191
5 0 32
0 1 33
0 0 35
5 1 180
5 2 343
0 2 387
3 1 181
3 3 181
4 0 35
3 2 291
4 2 185
4 1 189
2 0 41
2 1 42
5 0 37
2 2 249
5 1 183
5 2 249
4 0 49
0 0 46
0 1 46
3 0 410
3 2 410
3 1 410
4 2 312
4 1 328
5 0 34
0 2 328
2 1 33
2 0 36
5 1 195
5 2 273
2 2 268
4 0 33
3 2 188
3 3 318
3 0 328
4 3 322
4 1 330
5 0 56
0 1 72
0 0 82
5 1 211
5 2 338
2 1 57
4 0 50
2 0 60
0 2 481
3 3 181
4 1 189
5 0 31
3 1 361
4 2 360
2 2 417
3 2 422
5 1 185
5 2 259
0 1 32
0 0 34
0 2 213
2 1 39
2 0 42
3 0 183
3 3 184
5 0 31
3 2 414
5 1 184
2 2 423
5 2 330
0 0 40
0 1 39
5 0 33
2 1 39
2 0 46
3 3 276
3 1 328
3 2 344
5 3 272
0 3 326
5 2 438
2 2 414
5 0 38
3 0 181
3 1 182
3 3 231
5 2 186
5 3 235
2 1 43
2 0 42
2 3 288
5 0 37
3 1 189
3 0 189
5 3 179
3 2 308
5 2 310
2 1 31
2 0 32
2 2 180
5 0 32
3 0 182
5 3 341
5 2 354
3 3 345
3 2 357
2 0 69
2 1 78
5 0 82
5 1 215
3 3 179
3 1 186
2 2 502
5 2 516
3 2 476
5 0 35
5 1 185
2 0 39
2 1 44
5 2 250
3 3 181
3 1 187
3 2 383
2 2 348
5 0 31
5 1 180
5 2 182
