0 1 349
0 0 350
0 2 457
0 0 39
0 1 36
0 2 200
0 1 42
0 0 32
0 2 147
0 0 29
0 1 35
0 2 145
0 1 52
0 0 53
0 2 152
0 1 40
0 0 42
0 2 152
0 1 29
0 0 33
0 2 145
0 1 37
0 0 42
0 2 150
0 1 160
0 0 176
1 0 78
0 2 279
1 1 199
1 2 306
1 0 28
1 2 146
1 3 217
0 0 44
0 1 54
0 2 157
1 0 29
1 1 147
1 2 147
0 0 32
0 1 28
0 2 146
1 0 25
1 3 144
1 2 145
0 1 29
0 0 31
0 3 154
1 0 27
1 2 146
1 1 147
0 0 29
0 1 28
0 2 152
1 0 40
1 2 155
1 1 155
1 0 34
0 1 29
0 0 32
1 1 148
1 2 260
0 2 264
1 0 26
1 1 147
1 2 158
0 0 28
0 1 31
0 2 144
1 0 25
1 2 146
1 1 147
0 1 24
0 0 28
0 2 144
1 0 25
1 2 146
1 1 147
2 0 33
2 1 28
2 2 145
0 1 33
0 0 34
1 0 28
0 2 160
1 3 145
1 2 159
2 1 26
2 0 30
2 3 146
0 0 27
0 1 28
1 0 25
0 2 155
1 3 145
1 1 152
2 1 27
2 0 28
2 2 145
1 0 28
1 1 147
1 2 148
0 1 28
0 0 32
0 2 145
2 1 26
2 0 31
2 2 144
1 0 29
1 2 145
1 1 147
0 1 25
0 0 29
0 2 144
2 0 27
2 1 29
1 0 28
2 2 273
1 1 148
1 2 212
0 1 28
0 0 30
0 2 145
1 0 37
2 0 35
2 1 34
1 3 145
1 2 270
2 2 273
0 0 27
0 1 28
0 2 144
1 0 26
2 1 28
2 0 34
1 2 146
1 1 147
2 3 146
1 0 25
0 0 30
0 1 31
1 1 145
2 1 28
2 0 29
1 2 260
0 2 267
2 2 257
1 0 26
1 3 144
1 2 145
0 1 40
0 0 45
2 1 38
2 0 43
0 2 267
2 2 266
1 0 26
1 2 144
1 1 147
3 1 236
3 0 239
0 1 52
2 0 53
2 1 60
0 0 53
3 2 285
2 2 319
0 2 304
1 0 28
1 3 143
1 2 146
3 1 149
3 0 151
3 2 153
2 1 28
2 0 30
2 2 144
0 1 26
0 0 28
0 2 145
1 0 30
1 3 150
1 2 170
3 1 151
3 2 185
3 3 198
2 1 30
2 0 29
2 2 145
0 0 27
0 1 30
1 0 34
0 3 166
1 1 172
3 3 158
1 2 260
3 1 233
3 2 266
2 1 29
2 0 34
2 2 147
1 0 42
3 1 157
3 0 191
0 1 34
0 0 36
3 3 297
1 3 291
1 1 320
0 2 152
2 1 28
2 0 34
1 0 40
2 3 238
3 0 187
3 2 185
3 1 242
1 1 186
1 2 189
0 0 29
0 1 29
0 2 145
2 1 32
2 0 36
3 0 148
3 1 149
3 2 177
1 0 33
1 1 151
2 2 382
1 2 238
0 0 27
0 1 28
0 2 216
3 1 150
3 0 151
3 2 216
1 0 31
2 1 31
2 0 32
1 1 149
1 2 270
2 2 274
3 0 149
3 1 153
3 2 149
0 1 28
0 0 29
0 2 150
1 0 28
2 0 41
2 1 37
1 1 186
1 2 196
2 3 145
3 2 150
3 0 154
3 1 156
1 0 26
0 1 27
0 0 32
1 1 146
2 1 27
2 0 27
1 2 224
0 2 300
4 0 158
2 2 365
3 2 163
4 3 361
4 1 366
3 3 248
3 0 258
1 0 26
1 3 142
1 2 146
4 0 27
0 0 43
0 1 44
2 1 32
2 0 43
4 2 203
4 3 202
3 1 158
3 3 161
3 0 159
0 2 310
2 2 318
4 0 36
1 0 32
4 1 150
4 2 150
1 3 145
1 2 147
3 3 144
2 1 32
3 1 149
2 0 37
3 2 177
0 0 26
0 1 28
4 0 23
2 2 370
0 2 221
4 2 147
4 1 150
1 0 26
1 2 143
1 1 145
3 2 146
3 1 145
3 3 145
2 1 29
2 0 33
4 0 31
2 2 146
4 1 146
4 2 146
0 0 26
0 1 26
0 2 145
1 0 24
1 2 172
1 1 172
3 3 145
3 2 174
3 0 174
4 0 27
4 1 146
4 2 146
2 0 24
2 1 26
2 2 144
0 1 27
0 0 28
1 0 29
4 0 29
4 1 154
3 1 236
1 3 279
3 3 279
0 2 435
4 2 240
1 2 394
3 2 391
2 0 26
2 1 26
2 2 143
4 0 24
1 0 28
3 0 196
4 2 266
0 1 30
0 0 37
4 3 308
3 1 270
1 3 298
1 2 349
3 2 383
0 2 266
4 0 24
2 0 32
2 1 32
4 1 204
4 2 205
1 0 29
2 2 183
3 3 144
3 1 162
1 2 178
3 0 260
1 1 248
0 1 28
0 0 28
4 0 26
0 2 187
4 1 144
4 2 147
2 0 29
2 1 28
3 1 151
1 0 26
3 3 166
3 2 284
4 0 26
2 2 442
1 3 386
1 2 410
4 2 150
4 1 151
0 0 26
0 1 28
0 2 175
5 0 27
3 1 146
1 0 83
2 0 46
2 1 46
4 0 39
3 0 320
5 1 331
1 3 200
4 2 149
5 2 419
3 2 448
4 1 215
1 2 439
2 2 383
5 0 24
0 0 30
0 1 58
4 0 30
5 2 305
3 1 219
5 1 327
1 0 31
3 2 284
0 3 378
3 0 467
2 0 32
2 1 33
4 2 443
4 1 452
1 2 384
1 1 445
2 2 224
5 0 26
5 1 224
4 0 46
5 2 228
3 3 188
3 2 230
4 2 160
3 0 345
1 0 24
4 1 308
1 2 151
1 1 172
2 0 27
2 1 26
5 0 29
2 2 207
4 0 26
5 2 244
4 2 215
5 1 349
3 2 182
3 1 217
4 1 351
3 0 307
5 0 26
4 0 26
2 1 32
2 0 35
5 3 177
4 2 179
4 1 180
5 2 230
3 1 145
3 0 146
2 2 284
3 2 230
4 0 61
5 0 29
4 2 178
5 2 146
4 1 297
5 1 272
2 1 35
2 0 36
3 1 147
3 0 154
3 2 241
2 2 243
4 0 24
5 0 28
4 2 177
4 1 245
5 2 145
5 1 214
3 3 142
3 0 143
3 2 144
2 0 25
2 1 28
4 0 26
2 2 191
5 0 29
4 2 148
4 1 195
5 2 149
5 1 197
3 3 143
3 1 145
3 0 147
4 0 28
4 2 184
4 1 185
5 0 27
2 1 27
2 0 29
5 3 154
5 2 226
2 2 230
4 0 28
3 2 171
3 0 279
3 1 282
5 0 28
4 1 254
4 2 257
5 3 143
5 2 155
2 1 26
2 0 29
2 2 145
4 0 25
3 2 147
4 2 246
4 1 248
5 0 28
3 1 247
3 0 279
5 2 146
5 1 178
4 0 24
2 0 32
2 1 29
4 3 183
4 1 185
2 2 208
3 3 144
3 1 151
5 0 26
3 2 286
5 1 146
5 2 216
4 0 22
4 2 144
4 3 148
2 1 152
2 0 152
5 0 34
3 0 261
3 1 261
5 3 146
3 2 402
4 0 23
2 2 475
4 3 143
4 2 147
5 2 344
5 0 29
3 3 169
2 1 26
2 0 29
4 0 25
3 0 300
5 1 303
3 2 343
5 2 332
4 2 149
4 1 187
2 2 245
5 0 59
5 1 151
3 1 150
3 3 145
4 0 24
5 2 290
3 2 287
4 3 144
4 2 146
2 0 30
2 1 30
2 3 146
5 0 28
4 0 29
5 3 220
5 1 221
3 2 199
3 3 285
3 0 347
4 3 286
4 1 297
2 1 27
2 0 29
5 0 34
4 0 28
2 2 274
4 1 164
5 3 224
4 2 235
3 3 219
5 2 310
3 1 243
3 2 264
5 0 29
4 0 29
2 1 32
2 0 36
4 2 147
5 2 227
5 1 303
2 2 214
4 1 327
3 3 142
3 1 150
3 0 230
4 0 29
5 0 33
4 3 144
5 2 149
4 1 283
5 1 282
2 0 32
2 1 30
3 1 201
3 0 206
3 2 281
2 2 236
4 0 24
5 0 27
4 1 149
4 2 153
5 3 145
5 2 148
3 0 154
3 3 163
3 2 152
4 0 26
4 2 145
5 0 32
4 3 170
5 2 145
5 1 152
3 1 145
3 2 146
3 3 151
4 0 25
4 1 146
4 3 149
5 0 28
5 1 180
5 2 176
4 0 30
3 2 151
3 1 243
3 3 252
4 3 247
4 2 248
5 0 31
5 1 201
5 2 206
4 0 25
4 2 144
4 1 145
5 0 26
5 2 154
5 1 157
4 0 28
4 2 148
4 1 147
5 0 30
5 1 146
5 2 147
4 0 27
4 2 148
4 1 146
5 0 28
5 2 145
5 3 153
4 0 26
4 1 147
4 3 142
5 0 23
5 1 146
5 2 144
4 0 27
4 2 145
4 1 149
5 0 26
5 2 144
5 1 144
5 0 24
5 1 144
5 2 144
5 0 22
5 2 143
5 1 144
5 0 24
5 2 143
5 1 147
5 0 25
5 2 148
5 1 149
5 0 27
5 2 143
5 1 144
5 0 25
5 3 142
5 2 144
5 0 25
5 3 143
5 2 144
5 0 24
5 3 142
5 2 145
5 0 24
5 2 145
5 3 146
5 0 26
5 2 147
5 1 152
5 0 23
5 1 143
5 2 144
5 0 25
5 1 151
5 2 146
