0 1 289
0 0 296
0 2 482
0 0 105
0 1 105
0 2 303
0 1 54
0 0 55
0 2 255
1 0 43
1 2 259
1 1 264
0 0 46
0 1 48
0 2 257
1 0 63
1 2 262
1 3 265
0 1 47
0 0 50
0 2 258
1 0 84
1 2 306
1 1 307
0 0 375
0 1 372
1 0 283
2 0 216
2 1 208
1 3 389
0 2 716
1 2 911
2 2 860
0 0 49
0 1 52
2 0 52
2 1 51
1 0 42
0 2 301
2 3 281
1 1 347
1 2 383
2 1 62
2 0 162
0 0 150
0 1 146
1 0 147
1 1 262
2 2 773
0 2 816
1 2 829
1 0 71
2 0 59
2 1 62
0 1 50
0 0 54
1 1 257
1 2 626
2 2 690
0 2 626
1 0 103
2 0 49
2 1 51
1 1 305
0 0 49
0 1 50
1 2 554
2 2 581
0 2 443
1 0 56
2 1 51
2 0 51
1 1 266
1 2 303
2 2 386
0 1 47
0 0 62
1 0 50
0 2 378
3 1 281
3 0 307
2 0 46
2 1 49
1 1 399
3 2 554
1 2 478
2 3 252
0 1 59
0 0 61
1 0 49
3 0 379
1 3 274
3 1 495
3 2 523
0 3 638
2 0 134
2 1 114
1 2 574
4 0 80
4 1 445
4 3 558
3 1 419
0 1 197
1 0 73
0 0 203
2 2 906
1 1 288
3 3 772
2 1 65
2 0 72
4 0 58
3 2 801
1 3 579
4 2 372
0 2 816
4 3 524
2 2 591
1 0 64
0 0 54
0 1 62
3 1 396
3 3 394
1 1 512
2 1 61
4 0 67
2 0 69
4 2 253
4 1 259
3 2 921
1 2 987
1 0 40
4 0 53
0 2 1024
0 0 59
0 1 54
2 2 961
3 3 264
2 1 50
2 0 54
1 1 761
3 1 624
4 2 629
4 1 704
1 2 890
4 0 47
1 0 47
3 0 896
0 2 808
4 2 259
2 2 652
0 0 232
0 1 248
5 0 84
2 0 86
2 1 248
4 1 884
1 2 891
1 1 915
4 0 56
1 0 50
3 1 310
1 3 254
4 2 314
5 1 925
3 0 791
4 1 632
0 2 1090
4 0 50
0 0 61
0 1 60
4 1 255
4 2 257
5 2 1402
1 2 1119
2 2 1431
3 2 1627
5 0 232
2 1 85
2 0 92
4 0 45
1 0 45
4 3 260
5 1 648
0 2 1079
0 0 53
3 1 605
0 1 52
4 2 596
3 0 685
1 1 581
4 0 40
4 1 256
4 2 256
5 2 1448
2 2 1256
3 2 1366
5 0 152
2 1 58
2 0 63
1 2 1329
0 2 1019
1 0 59
4 0 173
0 0 55
0 1 55
5 1 629
2 3 572
3 1 622
4 2 620
2 0 46
2 1 46
5 2 1093
3 0 899
1 1 846
5 0 44
4 1 867
3 2 1196
4 0 145
1 2 1114
1 0 43
0 2 1221
1 3 249
5 1 659
4 2 436
0 1 49
0 0 50
3 1 446
4 1 728
3 0 592
4 0 41
4 1 255
4 2 254
5 2 1448
2 2 1641
3 2 1228
5 0 47
2 1 50
2 0 52
1 2 1392
4 0 49
5 3 365
1 0 42
0 2 1447
3 1 566
4 2 477
0 1 50
0 0 61
3 0 660
4 1 589
4 0 40
1 1 628
4 2 354
2 2 1211
4 1 447
3 2 1249
2 1 48
2 0 52
5 2 1436
4 0 50
2 3 293
3 3 258
1 2 1259
0 2 1136
3 0 412
5 0 53
1 0 72
0 0 84
0 1 83
4 2 383
1 3 261
4 1 581
3 2 793
5 1 437
4 0 57
2 1 57
2 0 60
4 2 326
4 1 347
3 3 257
5 2 1104
1 2 1067
3 1 335
3 0 455
0 2 1233
5 0 68
4 0 66
0 1 68
0 0 75
2 2 1020
4 2 387
1 0 49
2 0 52
2 1 62
5 1 602
4 1 606
3 1 258
4 0 48
1 3 460
3 3 446
5 2 942
4 2 257
4 1 370
5 0 42
5 1 257
0 2 1354
4 0 47
3 2 1069
0 1 53
0 0 61
1 2 1278
4 1 265
4 2 254
1 0 44
5 2 1030
4 0 45
2 2 1753
5 0 45
3 3 276
3 1 420
2 1 49
2 0 54
4 2 414
5 3 367
1 1 532
0 2 1104
4 1 534
0 1 44
0 0 48
4 0 39
4 2 255
4 1 253
5 2 1111
3 2 1399
1 2 1375
2 2 1306
0 2 1020
1 0 74
4 0 107
5 0 163
2 0 174
0 0 86
2 1 100
0 1 94
4 2 374
1 3 592
1 1 708
4 1 759
5 3 679
3 3 528
4 0 44
3 0 579
5 2 1068
2 2 1064
1 0 61
4 3 408
2 1 49
2 0 55
4 1 545
0 2 1315
5 0 46
3 2 1288
0 1 56
0 0 59
1 1 554
4 0 40
5 1 345
0 3 447
1 2 1074
4 3 470
2 2 1027
1 0 50
3 3 371
4 2 630
2 0 50
2 1 50
3 1 472
5 2 959
1 1 368
5 0 49
0 0 54
0 1 56
4 0 40
5 1 267
4 3 258
4 2 264
3 2 1195
1 2 1028
1 0 65
4 0 58
2 2 1252
2 0 47
2 1 50
4 2 479
5 2 1328
3 1 486
0 2 1327
5 0 47
0 0 52
0 1 55
1 1 812
4 1 829
3 0 814
5 3 260
4 0 43
1 2 1074
4 3 258
4 2 260
1 0 200
2 2 1338
1 1 404
3 2 1544
2 0 46
2 1 44
4 0 42
3 1 264
5 2 1284
0 2 1301
4 1 591
4 3 585
0 0 59
3 3 583
0 1 57
3 0 590
1 2 1119
1 0 59
5 0 51
2 2 982
2 0 60
2 1 66
4 0 71
3 3 250
1 1 713
5 1 750
4 2 503
3 1 505
4 1 559
0 2 1063
1 2 1227
0 0 60
4 0 59
0 1 64
1 0 46
4 1 262
4 2 263
2 2 1223
1 3 252
2 0 42
2 1 43
3 2 1536
5 2 1982
4 0 62
5 0 47
4 3 253
1 2 1080
0 2 1270
4 1 622
2 2 1086
3 1 360
0 0 72
0 1 92
5 1 673
2 1 68
1 0 66
2 0 81
3 0 547
1 3 392
4 0 51
4 1 258
4 2 259
3 2 1289
0 2 1061
4 0 54
0 1 55
0 0 62
5 2 1993
1 2 1321
3 0 403
4 3 400
5 0 50
2 2 1456
2 1 63
2 0 55
4 2 649
3 1 653
5 3 268
1 0 53
5 1 322
4 0 43
3 2 1106
1 1 453
0 2 1034
0 0 151
0 1 152
5 0 71
4 1 526
4 3 561
3 0 502
1 2 1104
2 2 1253
3 3 680
5 3 571
1 0 54
2 1 68
4 0 68
2 0 74
1 1 415
3 2 1131
4 3 252
4 2 258
0 2 1204
0 1 50
0 0 58
4 0 47
1 2 1221
3 0 588
3 1 594
1 0 46
2 2 1159
4 1 459
4 2 460
2 1 45
2 0 46
4 0 45
1 3 254
0 2 1265
4 2 413
4 1 412
0 1 43
0 0 49
3 2 1489
4 0 48
5 2 2808
1 2 1130
2 2 1100
4 1 525
4 2 563
5 0 63
2 0 65
2 1 69
3 1 540
1 0 41
0 2 1111
3 0 781
4 0 50
0 1 54
0 0 57
1 3 557
5 1 676
4 3 401
4 1 422
4 0 40
3 2 1498
5 2 1152
5 0 44
4 2 458
1 2 1448
0 2 1125
2 2 1543
4 1 546
3 1 485
0 1 64
2 0 69
2 1 72
0 0 80
3 0 793
1 0 46
5 1 684
1 1 289
3 2 1081
3 0 252
3 3 252
5 2 1428
2 2 1108
5 0 48
2 1 51
2 0 62
0 2 1292
0 1 44
0 0 46
5 3 381
1 2 1406
3 2 1122
1 0 43
1 3 254
5 2 1081
3 0 257
3 1 258
3 3 257
0 2 1078
2 2 1379
1 2 871
0 0 91
0 1 122
2 1 101
2 0 109
5 0 93
0 3 412
5 1 454
1 0 45
3 1 257
3 0 307
1 3 256
2 2 772
5 2 919
2 1 55
2 0 57
5 0 59
3 2 958
5 1 255
1 2 963
3 1 254
3 0 258
1 0 39
1 1 255
5 2 861
2 2 964
5 0 38
3 2 981
2 0 65
2 1 55
5 1 453
1 2 960
3 3 254
2 3 405
1 0 46
3 1 408
5 2 869
1 1 260
5 0 36
3 2 678
2 1 48
2 0 51
5 1 377
1 2 827
3 1 258
3 0 256
5 2 859
5 0 37
2 2 719
5 1 251
2 0 40
2 1 40
3 2 691
5 2 745
3 0 258
5 0 41
3 3 264
2 2 779
5 3 268
3 2 628
2 1 45
2 0 46
5 2 533
2 2 551
5 0 58
3 3 421
3 1 436
5 1 260
3 2 663
5 2 423
5 0 40
3 3 248
5 2 502
3 2 503
3 0 511
5 1 503
5 0 39
5 1 365
3 3 268
3 1 274
5 2 542
3 2 443
5 0 42
5 2 258
3 3 250
3 1 254
5 1 395
3 0 395
5 0 36
5 2 337
5 1 348
3 1 298
3 2 301
3 0 312
5 0 36
5 2 249
5 1 259
3 3 249
3 2 251
3 0 253
5 0 38
5 2 250
5 1 250
3 2 252
3 1 253
3 3 249
5 0 46
5 2 249
5 3 250
3 3 250
3 1 253
3 2 258
5 0 41
5 3 250
5 2 250
5 0 36
5 3 251
5 2 252
5 0 35
5 3 257
5 2 261
5 0 35
5 1 251
5 2 251
5 0 42
5 1 255
5 2 259
5 0 37
5 2 251
5 1 252
