1 205
1 174
1 182
1 177
1 387
1 189
1 172
1 213
1 194
1 216
1 549
1 242
1 206
1 346
1 207
1 213
1 206
1 201
1 224
1 222
1 205
1 206
1 241
2 566
1 205
1 220
1 220
1 223
1 389
1 244
1 302
1 234
1 213
2 336
2 610
1 245
1 352
1 239
2 423
1 245
1 440
1 479
2 451
1 238
1 388
1 403
1 225
1 442
1 243
1 370
1 361
1 390
1 447
1 605
1 511
1 698
1 412
1 403
1 417
1 432
1 388
1 242
1 684
1 709
1 512
1 428
1 444
1 745
1 464
1 430
1 1027
1 193
1 460
1 444
1 553
1 546
1 399
1 742
1 758
1 1605
1 229
1 530
1 225
1 344
1 432
1 255
1 369
1 401
1 202
1 216
1 412
2 527
1 479
2 553
1 371
1 355
1 347
1 202
1 365
1 240
1 235
1 266
1 346
1 321
2 506
1 219
1 320
1 332
1 228
1 237
1 365
1 428
1 344
1 409
1 262
1 250
1 216
1 365
1 309
1 330
1 226
1 229
2 453
1 206
1 421
1 488
1 202
1 221
1 331
1 247
1 230
2 460
1 343
1 350
1 383
1 308
2 291
1 300
1 491
1 250
1 348
1 372
2 458
1 277
1 365
1 405
1 527
1 335
1 203
1 235
1 190
1 273
1 200
1 287
1 194
1 217
1 237
1 209
1 183
1 321
1 192
1 290
1 180
1 177
