2 267
1 175
1 163
2 398
2 362
1 170
2 350
2 276
1 165
2 258
1 260
2 416
1 196
1 427
1 195
1 188
1 247
1 280
2 295
1 249
2 301
2 406
2 314
1 196
1 279
1 192
1 195
2 449
1 251
1 206
2 490
1 212
2 437
1 393
1 316
2 317
1 318
2 467
1 206
1 317
1 209
2 360
2 504
2 332
2 379
1 334
1 370
1 194
1 221
1 333
1 345
1 221
1 231
1 325
1 350
1 209
1 209
1 238
1 451
1 230
1 379
1 214
1 214
1 315
1 256
1 204
1 358
1 306
1 229
1 209
1 193
1 338
2 344
1 198
1 365
2 562
1 322
1 232
1 339
1 222
2 413
1 235
1 210
1 315
1 220
1 227
2 313
2 420
1 345
1 234
2 377
1 203
1 206
1 271
1 224
1 340
1 309
1 225
1 221
1 249
1 321
1 215
1 354
2 440
1 231
1 208
1 326
1 231
1 318
1 280
1 195
1 357
1 200
1 190
1 202
1 302
1 193
1 206
1 202
1 352
1 189
1 203
1 180
1 177
1 351
1 190
1 190
1 178
1 179
1 241
1 173
1 211
1 182
1 313
1 173
1 190
