1 82
1 74
1 152
1 159
1 115
1 80
1 93
1 74
1 110
1 110
1 66
1 70
1 110
1 64
1 75
1 225
1 99
1 97
1 82
1 78
1 78
1 74
1 87
1 87
1 108
1 152
1 159
1 169
1 124
1 126
1 163
1 192
1 86
1 144
1 121
1 131
1 101
1 105
1 81
1 116
1 78
1 71
1 71
1 67
1 111
1 98
1 99
1 74
1 72
1 84
1 84
1 84
1 65
1 76
1 73
1 76
1 78
1 70
1 67
1 69
1 72
1 69
1 73
1 72
1 177
1 92
1 88
1 147
1 75
1 77
1 176
1 74
1 70
1 67
1 80
1 68
1 94
1 73
1 174
1 72
1 70
1 82
1 114
1 107
1 104
1 138
1 97
1 92
1 73
1 191
1 201
1 69
1 68
1 64
1 63
1 64
1 80
1 78
1 184
1 70
1 67
1 63
1 78
1 85
1 77
1 79
1 70
1 104
1 67
1 70
1 69
1 186
1 176
1 73
1 74
1 99
1 78
1 130
1 63
1 84
1 127
1 242
1 264
1 65
1 86
1 155
1 159
1 70
1 87
1 80
1 95
1 85
1 89
1 87
1 66
1 94
1 79
1 94
1 68
1 69
1 66
1 70
1 123
1 68
1 66
1 63
1 94
1 152
1 68
1 64
1 63
1 117
1 125
1 72
1 70
1 88
1 91
1 76
1 91
1 92
1 73
1 81
1 79
1 59
1 76
1 73
1 77
1 60
1 63
1 73
1 68
1 59
1 63
1 72
1 72
1 71
1 61
1 75
1 65
1 68
1 67
1 77
1 67
