1 109
1 93
1 93
1 105
1 92
1 78
1 80
1 76
1 117
1 87
1 82
1 94
1 80
1 95
1 93
1 100
1 237
1 98
1 94
1 102
1 104
1 91
1 99
1 105
1 99
1 238
1 103
1 90
1 90
1 85
1 107
1 96
1 104
1 108
1 106
1 88
1 97
1 99
1 112
1 105
1 91
1 91
1 105
1 121
1 81
1 256
1 105
1 91
1 189
1 241
1 100
1 98
1 173
1 94
1 100
1 143
1 100
1 92
1 107
1 268
1 278
1 281
1 268
1 284
1 112
1 104
1 86
1 113
1 137
1 89
1 144
1 97
1 97
1 119
1 242
1 83
1 185
1 211
1 90
1 131
1 171
1 85
1 272
1 321
1 83
1 108
1 103
1 81
1 90
1 104
1 84
1 103
1 100
1 86
1 94
1 98
1 85
1 103
1 89
1 92
1 98
1 137
1 90
1 105
1 305
1 165
1 99
1 91
1 90
1 98
1 89
1 92
1 99
1 95
1 88
1 90
1 86
1 92
1 87
1 94
1 94
1 84
1 95
1 87
1 92
1 95
1 86
1 97
