1 82
2 140
2 127
1 91
1 110
1 97
2 250
2 129
2 133
2 123
1 80
1 96
2 137
1 86
2 118
1 111
1 92
2 152
2 136
2 125
1 116
1 217
2 122
2 134
1 95
1 81
2 128
2 120
1 86
2 113
1 87
1 98
2 130
1 109
2 209
2 163
1 118
1 96
2 126
1 94
2 199
2 131
1 94
1 83
2 128
2 112
1 79
2 102
1 74
1 88
1 208
1 80
2 102
1 98
2 207
1 98
2 118
1 79
2 111
2 111
2 112
1 73
2 121
2 103
2 143
1 84
1 90
1 81
2 105
1 73
1 171
1 84
1 97
1 79
2 142
1 99
2 143
2 120
1 118
2 120
2 216
2 129
2 112
2 112
2 163
1 101
2 204
2 229
2 103
1 108
1 95
1 138
1 93
1 74
1 91
2 184
1 239
1 232
1 91
1 121
1 90
2 126
2 133
2 319
2 342
2 170
2 163
1 144
2 125
2 155
2 186
2 185
2 183
1 101
1 208
1 241
1 98
1 127
2 188
1 78
2 113
1 94
1 84
1 75
1 84
2 111
1 86
1 74
2 106
2 174
2 194
2 246
1 119
2 107
1 126
2 116
2 145
2 166
2 172
1 75
1 100
2 111
1 132
2 117
1 139
1 100
1 86
2 147
1 87
1 73
2 191
2 126
1 250
1 85
1 141
2 161
2 180
2 333
1 111
2 311
2 150
1 82
2 126
1 87
2 309
1 90
2 117
1 146
1 108
2 123
2 241
1 85
2 112
1 115
1 97
2 140
1 123
1 151
1 164
2 104
2 239
2 109
2 106
1 82
2 203
1 98
2 128
1 86
1 229
2 259
1 88
2 255
2 118
1 79
2 247
1 289
1 98
1 106
2 129
2 256
2 110
2 98
2 124
1 83
1 84
1 87
1 71
1 93
2 118
2 116
2 106
2 135
1 91
1 138
1 80
2 239
2 121
1 80
2 107
2 115
1 98
1 75
1 78
2 128
1 77
2 177
1 76
1 79
1 143
2 165
2 94
2 98
1 80
2 116
2 103
1 83
1 88
2 106
2 109
1 79
