1 182
1 168
1 170
1 178
1 170
1 170
1 212
1 183
1 220
1 184
1 171
1 225
1 405
1 423
1 210
1 176
1 274
1 178
1 190
1 188
1 190
1 181
1 336
1 319
1 347
1 507
1 382
1 451
1 227
1 479
1 266
1 431
1 202
1 208
1 219
1 193
1 205
1 222
1 244
1 375
1 280
1 216
1 230
1 277
1 460
1 446
1 195
1 192
1 417
1 194
1 242
1 203
1 200
1 209
1 207
1 196
1 243
1 208
1 191
1 215
1 193
1 351
1 201
1 219
1 217
1 388
1 442
1 443
1 229
1 332
1 239
1 188
1 324
1 198
1 258
1 201
1 222
1 183
1 227
1 362
1 232
1 218
1 217
1 200
1 236
1 273
1 346
1 220
1 339
1 212
1 335
1 198
1 203
1 349
1 231
1 356
1 208
1 336
1 217
1 329
1 196
1 200
1 345
1 201
1 213
1 195
1 196
1 228
1 211
1 210
1 264
1 210
1 370
1 324
1 346
1 206
1 209
1 419
1 196
1 196
1 191
1 321
1 197
1 184
1 190
1 198
1 198
1 186
1 175
1 168
1 193
1 170
1 168
1 294
1 202
1 166
1 223
1 236
1 165
1 166
1 169
