2 259
1 271
1 256
1 171
2 354
1 275
1 251
2 428
1 253
2 301
2 344
2 430
1 482
1 355
1 193
1 372
1 217
2 513
1 197
1 359
1 349
2 448
1 208
1 206
1 206
2 342
1 212
1 212
2 404
1 363
1 356
1 253
1 207
1 328
2 320
1 223
1 202
1 312
1 206
1 201
1 297
1 214
1 324
1 241
1 361
1 252
1 210
1 201
1 320
2 433
1 214
1 269
1 220
1 199
1 209
1 209
1 188
1 211
1 267
1 253
1 204
1 205
1 216
1 374
1 389
1 297
1 218
1 228
1 348
2 311
1 218
2 294
1 295
1 208
1 225
1 331
2 295
1 335
1 237
1 204
2 354
1 209
1 201
2 420
2 319
1 242
2 300
1 196
1 310
2 438
1 365
2 440
1 191
1 303
1 205
1 224
1 213
2 449
1 380
1 195
1 393
1 198
2 424
1 195
1 195
2 318
2 304
1 304
1 202
1 309
1 247
1 303
1 192
1 210
2 275
1 320
1 217
2 330
2 315
1 293
1 203
1 204
1 334
1 335
1 237
1 214
1 192
2 278
1 175
2 292
1 164
1 173
1 164
2 252
