1 175
1 167
1 175
1 189
1 171
1 168
1 282
1 168
1 256
1 175
1 172
1 174
1 171
1 167
1 173
1 170
1 280
1 211
1 197
1 411
1 348
1 335
1 188
1 298
1 258
1 178
1 320
1 218
1 348
1 536
1 191
1 366
1 240
1 368
1 207
1 201
1 382
1 385
1 321
1 203
1 197
1 197
1 561
1 200
1 207
1 229
1 436
1 225
1 215
1 308
1 373
1 232
1 218
1 415
1 407
1 361
1 196
1 361
1 380
1 201
1 378
1 221
1 411
1 443
1 579
1 351
1 205
1 414
1 224
1 195
1 197
1 206
1 197
1 215
1 199
1 221
1 371
1 323
1 198
1 329
1 204
1 220
1 339
1 322
1 332
1 245
1 203
1 211
1 558
1 369
1 354
1 198
1 384
1 252
1 310
1 197
1 252
1 214
1 319
1 201
1 212
1 267
1 242
1 491
1 212
1 202
1 200
1 377
1 296
1 203
1 327
1 206
1 348
1 383
1 401
1 373
1 389
1 366
1 510
1 325
1 355
1 370
1 223
1 320
1 202
1 228
1 385
1 241
1 359
1 334
1 205
1 211
1 339
1 229
1 357
1 203
1 272
1 311
1 233
1 382
1 296
1 224
1 311
1 351
1 362
1 215
1 358
1 347
1 320
1 212
1 319
1 213
1 212
1 196
1 232
1 413
1 190
1 295
1 206
1 188
1 378
1 332
1 186
1 193
1 232
1 183
1 181
1 184
1 181
1 182
1 175
1 197
1 172
1 237
1 176
1 165
1 168
1 167
1 170
1 169
1 167
