1 207
1 242
1 186
1 174
1 169
1 109
1 163
1 185
1 219
1 187
1 111
1 235
1 189
1 501
1 331
1 151
1 147
1 392
1 166
1 333
1 218
1 177
1 429
1 308
1 173
1 165
1 186
1 166
1 197
1 211
1 348
1 175
1 187
1 191
1 181
1 163
1 173
1 172
1 149
1 227
1 172
1 169
1 177
1 171
1 271
1 315
1 191
1 217
1 364
1 376
1 183
1 160
1 203
1 345
1 200
1 210
1 189
1 353
1 196
1 159
1 247
1 525
1 159
1 147
1 286
1 118
1 131
1 161
1 114
1 206
1 190
1 151
1 145
1 208
1 390
1 159
1 351
1 177
1 188
1 135
1 160
1 460
1 140
1 404
1 218
1 229
1 372
1 180
1 183
1 207
1 202
1 175
1 231
1 202
1 190
1 178
1 243
1 130
1 125
1 141
1 194
1 183
1 193
1 503
1 196
1 146
1 153
1 160
1 128
1 144
1 163
1 163
1 194
1 145
1 131
1 137
1 169
1 444
1 435
1 151
1 126
1 196
1 132
1 173
1 151
1 194
1 195
1 468
1 225
1 117
1 159
1 125
1 198
1 172
1 148
1 167
1 201
1 221
1 183
1 199
1 189
1 169
1 225
1 165
1 179
1 205
1 225
1 514
1 154
1 165
1 153
1 209
1 405
1 142
1 195
1 201
1 181
1 204
1 195
1 126
1 193
1 214
