1 101
1 94
1 89
1 98
1 202
1 95
1 96
1 98
1 91
1 100
1 96
1 84
1 95
1 83
1 110
1 96
1 88
1 108
1 104
1 108
1 310
1 309
1 127
1 128
1 120
1 273
1 91
1 99
1 128
1 142
1 90
1 99
1 139
1 99
1 169
1 113
1 100
1 92
1 274
1 119
1 90
1 106
1 99
1 93
1 91
1 98
1 114
1 148
1 87
1 108
1 279
1 99
1 92
1 164
1 91
1 134
1 90
1 93
1 175
1 99
1 119
1 104
1 90
1 368
1 382
1 102
1 265
1 111
1 104
1 97
1 113
1 103
1 98
1 103
1 192
1 93
1 156
1 108
1 90
1 119
1 112
1 99
1 97
1 289
1 92
1 112
1 194
1 90
1 142
1 102
1 98
1 231
1 113
1 94
1 106
1 283
1 137
1 92
1 228
1 196
1 84
1 169
1 171
1 83
1 116
1 115
1 133
1 102
1 93
1 107
1 126
1 149
1 85
1 82
1 84
1 84
1 116
1 80
1 107
1 81
1 103
1 131
1 96
1 96
1 87
1 95
1 81
1 95
