1 191
1 92
1 78
1 133
1 251
1 177
1 106
1 165
1 336
1 173
1 80
1 125
1 74
1 113
1 68
1 103
1 278
1 124
1 162
1 95
1 117
1 110
1 110
1 293
1 124
1 77
1 101
1 199
1 380
1 107
1 84
1 96
1 175
1 75
1 104
1 108
1 293
1 277
1 91
1 90
1 187
1 190
1 121
1 105
1 87
1 239
1 320
1 78
1 101
1 85
1 165
1 94
1 86
1 85
1 124
1 139
1 74
1 113
1 118
1 262
1 108
1 91
1 87
1 218
1 293
1 87
1 105
1 88
1 125
1 126
1 108
1 91
1 99
1 87
1 81
1 84
1 87
1 89
1 86
1 84
1 79
1 88
1 88
1 95
1 80
1 86
1 76
1 86
1 79
1 93
1 102
1 88
1 90
1 80
1 100
1 136
1 102
1 100
1 85
1 120
1 108
1 83
1 83
1 82
1 103
1 106
1 108
1 112
1 94
1 77
1 95
1 88
1 74
1 97
1 78
1 98
1 89
1 76
1 85
1 92
1 89
1 91
1 290
1 93
1 80
1 98
1 98
1 88
