1 445
1 264
1 458
1 178
1 171
1 171
1 171
1 305
1 216
1 296
1 338
1 303
1 360
1 196
1 411
1 211
1 336
1 325
1 257
1 184
1 192
1 186
1 191
1 222
1 197
1 188
1 308
1 214
1 319
1 212
1 218
1 278
1 186
1 350
1 208
1 192
1 223
1 263
1 365
1 300
1 201
1 414
1 327
1 217
1 338
1 243
1 205
1 346
1 447
1 352
1 330
1 337
1 233
1 358
1 233
1 360
1 211
1 215
1 218
1 186
1 196
1 200
1 198
1 251
1 188
1 184
1 176
1 182
1 279
1 239
1 183
1 214
1 298
1 351
1 234
1 179
1 182
1 182
1 188
1 189
1 201
1 185
1 229
1 187
1 201
1 182
1 194
1 187
1 226
1 423
1 193
1 350
1 202
1 186
1 198
1 189
1 200
1 176
1 179
1 185
1 188
1 181
1 175
1 192
1 185
1 172
1 175
1 176
1 179
1 180
1 177
1 179
1 178
1 183
