1 200
1 92
1 127
1 86
1 186
1 73
1 102
1 180
1 188
1 73
1 86
1 95
1 89
1 79
1 73
1 178
1 321
1 85
1 78
1 165
1 71
1 70
1 78
1 80
1 73
1 68
1 100
1 142
1 195
1 78
1 111
1 79
1 371
1 116
1 80
1 133
1 208
1 127
1 86
1 70
1 70
1 264
1 105
1 73
1 66
1 138
1 303
1 287
1 70
1 82
1 69
1 83
1 107
1 74
1 68
1 93
1 72
1 83
1 81
1 86
1 225
1 77
1 127
1 69
1 82
1 114
1 128
1 81
1 107
1 95
1 72
1 86
1 71
1 67
1 80
1 86
1 68
1 76
1 79
1 202
1 79
1 84
1 91
1 85
1 87
1 84
1 71
1 92
1 85
1 70
1 70
1 83
1 71
1 88
1 74
1 75
1 88
1 82
1 75
1 73
1 76
1 90
1 106
1 77
1 113
1 85
1 74
1 75
1 72
1 94
1 98
1 73
1 72
1 78
1 83
1 72
1 71
1 81
1 79
1 71
1 70
1 79
1 81
1 225
1 82
1 82
1 85
1 88
