1 174
1 167
1 172
1 191
1 247
1 325
1 383
1 589
1 582
1 231
1 486
1 379
1 243
1 209
1 318
1 377
1 221
1 222
1 211
1 319
1 213
1 236
1 206
1 390
1 197
1 193
1 187
1 318
1 384
1 356
1 207
1 342
1 454
1 225
1 336
1 337
1 338
1 349
1 465
1 310
1 319
1 337
1 227
1 201
1 208
1 198
1 381
1 353
1 191
1 376
1 206
1 206
1 381
1 222
1 378
1 195
1 347
1 211
1 202
1 193
1 320
1 306
1 245
1 320
1 187
1 292
1 208
1 169
1 397
1 417
1 190
1 247
1 324
1 368
1 388
1 188
1 221
1 187
1 211
1 332
1 201
1 185
1 323
1 186
1 178
1 207
1 306
1 197
1 192
1 172
1 196
1 181
1 349
1 312
1 228
1 183
1 203
1 241
1 337
1 173
1 167
1 168
