1 272
1 260
1 167
1 302
1 169
1 164
1 185
1 222
1 217
1 166
1 179
1 194
1 380
1 423
1 297
1 198
1 224
1 183
1 178
1 291
1 174
1 200
1 188
1 208
1 194
1 338
1 196
1 1821
1 225
1 194
1 343
1 227
1 343
1 251
1 263
1 451
1 210
1 317
1 422
1 203
1 366
1 366
1 232
1 197
1 227
1 222
1 244
1 210
1 198
1 191
1 210
1 204
1 225
1 189
1 206
1 193
1 207
1 215
1 269
1 262
1 226
1 404
1 458
1 221
1 208
1 351
1 207
1 434
1 216
1 201
1 189
1 272
1 235
1 204
1 213
1 456
1 371
1 230
1 319
1 329
1 190
1 310
1 169
1 240
1 182
1 188
1 190
1 186
1 166
1 165
1 167
1 205
1 181
1 181
1 166
1 167
1 166
1 164
1 171
1 167
1 170
1 167
1 170
1 166
1 173
