1 81
1 141
1 79
1 72
1 68
1 75
1 67
1 71
1 71
1 68
1 71
1 76
1 71
1 65
1 63
1 75
1 66
1 72
1 78
1 74
1 66
1 72
1 87
1 71
1 72
1 75
1 90
1 69
1 79
1 150
1 84
1 79
1 80
1 88
1 77
1 65
1 89
1 167
1 65
1 69
1 75
1 75
1 74
1 76
1 74
1 70
1 79
1 115
1 64
1 75
1 65
1 75
1 74
1 86
1 79
1 69
1 78
1 66
1 77
1 78
1 71
1 70
1 162
1 135
1 101
1 68
1 75
1 93
1 65
1 63
1 91
1 76
1 72
1 65
1 71
1 83
1 91
1 68
1 74
1 64
1 79
1 67
1 67
1 72
1 73
1 63
1 71
1 179
1 75
1 115
1 74
1 65
1 80
1 73
1 73
1 64
1 74
1 131
1 69
1 68
1 121
1 129
1 76
1 70
1 66
1 64
1 74
1 77
1 122
1 64
1 73
1 69
1 92
1 71
1 64
1 116
1 66
1 69
1 71
1 65
1 70
1 66
1 70
1 63
1 64
1 64
1 65
1 79
1 63
1 104
1 63
1 72
1 66
