1 244
1 218
1 247
1 194
1 178
1 179
1 381
1 349
1 187
1 436
1 188
1 220
2 342
1 217
1 316
1 199
1 185
1 203
1 215
1 323
1 199
1 223
1 214
1 191
1 327
1 342
1 188
1 190
1 217
1 314
1 217
1 324
1 334
1 231
1 241
2 627
1 387
1 224
1 390
1 377
1 292
1 358
1 737
1 664
1 725
2 774
1 449
1 430
1 251
1 280
1 749
1 770
2 726
1 480
1 1097
1 1157
1 527
1 366
1 193
1 218
2 492
2 593
2 381
1 264
1 215
1 353
1 395
1 346
1 200
1 221
1 219
1 358
1 371
1 488
1 197
1 208
1 301
1 328
1 230
1 409
1 465
1 212
1 206
1 236
1 346
1 323
1 347
1 236
1 234
1 213
2 359
1 201
1 394
1 411
1 459
1 189
1 202
1 343
1 351
1 233
1 376
1 317
1 192
1 234
1 420
1 257
1 459
1 567
1 379
1 218
1 224
1 206
1 261
1 563
1 340
1 351
1 205
1 220
2 322
1 597
2 538
1 198
1 204
1 258
1 330
1 415
1 224
1 235
1 351
1 221
1 211
1 192
1 232
2 515
1 218
2 626
1 237
1 209
1 259
1 210
1 241
1 358
1 327
1 190
1 351
1 212
1 416
1 218
1 209
1 356
1 394
1 359
1 221
1 349
1 205
1 182
1 183
1 209
1 288
1 186
1 183
2 278
1 174
1 308
1 195
1 324
1 171
2 273
