1 942
1 1688
1 1200
1 1008
1 553
1 717
1 800
1 734
1 728
1 458
1 465
1 300
1 543
1 402
1 211
1 409
1 405
1 165
1 159
1 210
1 122
1 120
1 428
1 490
1 188
1 206
1 526
1 290
1 207
1 235
1 603
1 321
1 349
1 354
1 388
1 191
1 170
1 150
1 177
1 152
1 149
1 133
1 120
1 324
1 137
1 129
1 142
1 208
1 112
1 147
1 121
1 155
1 165
1 286
1 136
1 116
1 110
1 156
1 134
1 127
1 109
1 127
1 140
1 170
1 117
1 346
1 121
1 111
1 108
1 154
1 118
1 132
1 133
1 120
1 114
1 193
1 234
1 149
1 146
1 130
1 108
1 119
1 114
1 106
1 111
1 116
1 110
