1 180
1 176
1 169
1 168
1 350
1 274
1 193
1 290
1 172
1 189
1 276
1 212
1 2273
1 190
1 208
1 183
1 273
1 294
1 277
1 324
1 248
1 288
1 221
1 180
1 176
1 317
1 175
1 177
1 213
1 179
1 194
1 192
1 310
1 227
1 203
1 199
1 380
1 242
1 347
1 190
1 189
1 181
1 179
1 366
1 188
1 370
1 190
1 316
1 193
1 171
1 194
1 341
1 355
1 299
1 180
1 166
1 347
1 190
1 184
1 177
1 173
1 236
1 181
1 195
1 210
1 166
1 253
1 183
1 177
1 190
1 212
1 199
1 185
1 217
1 299
1 228
1 185
1 409
1 216
1 197
1 188
1 182
1 175
1 206
1 191
1 192
1 196
1 173
1 178
1 170
