1 180
1 178
2 264
2 257
2 255
1 311
1 205
1 188
2 447
1 182
1 233
1 196
1 222
2 397
1 174
2 294
1 193
1 203
2 277
2 258
1 400
2 433
1 248
2 398
2 284
1 202
1 344
2 329
1 216
1 196
1 350
1 232
1 389
2 554
1 480
1 443
1 428
2 338
2 339
2 940
1 611
1 194
1 825
1 368
1 414
2 536
1 237
1 204
1 206
2 415
1 403
1 376
1 207
1 361
2 496
1 239
1 202
2 296
1 329
1 217
1 235
1 183
1 355
1 268
1 276
1 389
1 324
2 295
2 392
1 261
1 199
1 316
1 247
1 240
1 362
1 221
1 221
1 225
2 399
2 360
1 230
1 190
1 314
1 316
2 452
1 200
1 234
1 200
1 215
1 225
1 207
1 212
1 289
1 234
1 350
2 442
1 371
2 337
1 203
2 481
1 413
1 400
2 551
1 344
1 335
1 226
2 434
1 200
2 485
1 307
1 210
2 330
1 350
1 215
1 327
1 206
1 262
1 214
1 203
2 442
1 234
1 232
1 193
1 191
1 196
1 378
1 236
1 281
2 541
1 197
1 223
1 352
2 333
1 244
1 259
1 369
2 325
2 358
1 190
1 174
1 196
2 259
1 191
1 176
1 182
1 170
1 172
1 170
1 176
1 169
1 168
1 171
