1 176
1 168
1 169
1 229
1 167
1 170
1 219
1 189
1 378
1 174
1 194
1 183
1 193
1 189
1 339
1 197
1 320
1 205
1 194
1 168
1 228
1 328
1 193
1 328
1 340
1 356
1 210
1 207
1 338
1 215
1 332
1 221
1 443
1 202
1 347
1 205
1 218
1 203
1 212
1 212
1 345
1 347
1 197
1 331
1 366
1 326
1 226
1 234
1 339
1 194
1 227
1 226
1 419
1 207
1 571
1 372
1 204
1 215
1 221
1 182
1 410
1 199
1 188
1 327
1 385
1 391
1 213
1 381
1 343
1 189
1 217
1 191
1 368
1 391
1 217
1 224
1 374
1 541
1 359
1 356
1 357
1 379
1 386
1 231
1 325
1 211
1 192
1 314
1 211
1 350
1 219
1 189
1 343
1 233
1 341
1 314
1 216
1 201
1 352
1 333
1 305
1 225
1 225
1 233
1 219
1 196
1 305
1 328
1 199
1 295
1 209
1 182
1 320
1 179
1 348
1 185
1 184
1 190
1 193
1 192
1 185
1 212
1 230
1 176
1 180
1 174
1 165
1 176
1 172
1 180
1 179
1 186
1 180
1 191
1 167
1 194
1 206
1 181
1 181
1 178
1 166
1 168
1 164
1 167
1 164
1 168
