1 115
1 109
1 86
1 82
1 87
1 102
1 81
1 107
1 83
1 88
1 85
1 95
1 101
1 100
1 92
1 81
1 117
1 94
1 85
1 84
1 93
1 93
1 88
1 83
1 89
1 105
1 99
1 86
1 85
1 115
1 90
1 100
1 77
1 111
1 108
1 76
1 84
1 103
1 131
1 104
1 106
1 89
1 200
1 103
1 86
1 101
1 216
1 97
1 77
1 118
1 100
1 84
1 120
1 111
1 101
1 99
1 108
1 79
1 85
1 126
1 263
1 273
1 231
1 168
1 92
1 153
1 121
1 91
1 120
1 110
1 98
1 85
1 80
1 81
1 79
1 217
1 95
1 141
1 114
1 83
1 78
1 87
1 82
1 78
1 105
1 84
1 84
1 136
1 90
1 83
1 77
1 80
1 84
1 93
1 132
1 91
1 82
1 106
1 86
1 78
1 135
1 140
1 109
1 91
1 90
1 82
1 88
1 80
1 153
1 77
1 107
1 80
1 82
1 84
1 101
1 83
1 81
1 127
1 81
1 68
1 73
1 68
1 100
1 69
1 86
1 70
1 99
1 71
