1 100
1 95
1 114
1 94
1 200
1 93
1 91
1 90
1 92
1 105
1 92
1 91
1 117
1 96
1 98
1 103
1 91
1 95
1 111
1 91
1 93
1 91
1 103
1 93
1 93
1 93
1 91
1 91
1 95
1 96
1 124
1 103
1 109
1 95
1 115
1 113
1 303
1 100
1 115
1 107
1 100
1 100
1 96
1 109
1 96
1 97
1 504
1 102
1 150
1 4261
1 273
1 112
1 110
1 102
1 101
1 102
1 102
1 98
1 92
1 94
1 90
1 90
1 93
1 100
1 97
1 103
1 103
1 97
1 95
1 94
1 96
1 95
1 100
1 101
1 96
1 101
1 104
1 101
1 98
1 95
1 95
1 92
1 125
1 96
1 91
1 98
1 93
1 92
1 89
1 91
1 91
1 91
