1 173
1 169
1 391
1 333
1 251
1 325
1 358
1 203
1 276
1 330
1 219
1 187
1 309
1 184
1 318
1 339
1 307
1 187
1 166
1 215
1 195
1 436
1 211
1 199
1 227
1 200
1 215
1 192
1 1414
1 508
1 518
1 274
1 212
1 307
1 329
1 207
1 201
1 349
1 352
1 205
1 293
1 434
1 362
1 356
1 372
1 221
1 214
1 217
1 317
1 218
1 223
1 366
1 205
1 207
1 228
1 376
1 207
1 200
1 219
1 416
1 320
1 199
1 370
1 202
1 210
1 213
1 338
1 332
1 339
1 373
1 199
1 200
1 219
1 347
1 333
1 350
1 190
1 317
1 343
1 228
1 216
1 352
1 187
1 198
1 373
1 215
1 354
1 198
1 235
1 188
1 331
1 210
1 338
1 194
1 220
1 200
1 325
1 205
1 331
1 211
1 190
1 325
1 199
1 320
1 318
1 193
1 252
1 205
1 187
1 353
1 230
1 313
1 247
1 201
1 206
1 381
1 180
1 297
1 163
1 171
1 165
1 182
1 201
1 214
1 194
1 191
1 184
1 167
1 182
1 208
1 203
1 167
1 201
1 170
1 212
1 175
1 165
1 165
