2 116
1 77
2 107
3 126
1 99
2 106
2 104
1 77
1 112
2 102
3 122
3 143
3 113
1 65
2 134
1 84
2 141
1 88
1 71
2 106
2 106
3 125
3 208
1 93
3 148
3 160
1 97
2 103
3 143
2 106
1 77
2 106
1 84
3 128
1 85
1 71
2 111
2 119
3 127
3 138
2 99
1 82
3 142
3 226
3 144
1 83
3 277
2 111
2 119
2 154
3 182
1 79
1 129
2 101
3 162
1 138
1 124
1 97
1 76
2 112
2 143
2 120
2 248
2 107
1 82
1 129
3 151
3 145
3 163
3 142
2 104
3 254
3 156
3 137
1 120
1 323
2 117
2 177
3 161
1 120
3 153
1 131
2 98
1 83
1 121
2 96
1 106
2 95
1 123
2 100
1 121
2 110
3 141
3 141
2 129
3 133
3 145
3 145
3 130
3 201
1 124
2 97
3 133
1 114
3 137
1 155
2 124
1 71
2 135
2 96
1 121
1 76
2 95
1 122
2 111
2 137
1 123
1 91
2 106
3 134
3 135
3 143
2 280
3 153
3 160
3 140
1 123
2 100
3 186
3 206
3 148
1 80
2 143
1 77
1 73
2 97
1 113
1 76
2 102
2 120
2 161
1 150
1 135
2 103
3 127
2 110
1 93
3 171
3 137
3 151
3 141
1 126
2 249
3 149
3 138
2 102
1 75
3 296
1 122
3 176
2 100
1 71
1 74
2 110
2 99
1 133
2 109
2 95
1 75
2 101
1 73
3 135
1 73
3 133
3 191
3 145
2 124
3 134
1 125
2 111
3 142
1 126
3 132
1 70
3 159
2 99
3 153
2 107
1 123
2 111
1 73
1 120
2 103
1 70
2 109
2 107
2 100
3 131
1 74
3 128
3 136
1 74
3 131
3 128
2 118
1 123
3 134
1 210
3 143
2 124
1 151
2 98
3 146
2 105
3 147
2 181
1 76
2 132
1 244
1 76
1 68
2 105
2 106
3 136
3 191
3 168
3 153
1 105
3 148
3 130
1 131
1 127
3 171
2 92
2 231
2 94
1 115
1 76
2 93
3 293
1 101
2 92
3 156
2 111
3 146
3 136
3 130
1 118
1 208
3 138
1 118
2 93
2 128
2 96
2 91
1 125
3 138
3 191
2 159
1 68
3 133
1 115
2 147
3 190
2 242
1 64
2 130
3 164
1 111
2 101
