2 117
1 78
1 74
1 81
1 78
2 111
2 113
1 66
1 72
1 66
2 108
1 70
1 75
1 79
1 94
1 83
1 86
1 75
2 99
2 107
2 112
1 99
1 77
1 76
1 189
2 106
1 87
1 77
2 111
1 87
1 99
1 90
2 108
1 258
1 222
2 109
1 99
1 98
1 113
2 105
1 124
1 84
1 274
2 95
1 84
2 99
2 116
2 135
2 127
1 80
1 143
1 110
1 79
1 75
1 86
1 81
1 113
1 119
2 98
1 85
2 115
1 121
2 122
2 98
1 93
1 80
1 97
1 76
1 94
2 92
1 83
2 136
1 77
1 82
1 86
2 106
1 74
2 95
2 97
1 73
1 76
1 118
2 133
1 245
1 94
1 77
2 119
2 113
1 197
1 78
2 115
1 86
2 97
1 75
1 116
1 103
1 105
1 99
1 89
1 98
2 117
2 105
1 73
1 91
1 92
2 111
1 136
2 239
1 191
2 103
1 86
1 68
2 119
1 83
2 102
1 103
1 102
1 117
1 72
2 127
2 101
1 74
1 103
2 101
1 103
1 112
2 296
1 257
1 94
1 71
1 111
1 83
1 82
2 103
1 76
1 121
2 133
2 123
2 132
2 258
1 78
2 105
1 74
1 80
2 91
2 91
1 98
1 96
1 120
1 76
1 205
1 74
1 90
1 70
1 108
1 82
1 73
2 111
1 75
1 116
1 115
2 113
2 94
2 244
1 89
1 75
2 103
1 129
2 111
2 115
1 83
2 101
2 105
1 139
1 236
1 97
1 90
1 95
1 73
1 109
1 68
1 112
1 197
1 69
1 80
2 111
1 228
1 219
2 105
2 127
2 118
1 157
2 131
1 142
1 233
1 84
2 100
2 95
1 203
2 126
2 126
1 88
1 74
1 115
1 73
1 123
1 222
1 83
1 81
1 93
1 111
1 82
2 100
1 114
2 125
2 109
1 85
1 101
2 204
2 106
1 96
1 132
2 93
1 291
1 74
1 72
2 103
2 131
2 154
1 130
1 83
1 70
2 95
1 74
1 81
1 85
1 97
1 84
1 85
2 124
1 121
1 81
1 122
2 94
1 90
2 91
2 120
1 77
1 124
1 126
1 170
1 85
1 85
2 104
2 95
2 98
2 93
1 73
1 78
2 129
1 131
1 104
1 121
1 68
2 97
1 106
1 87
1 119
2 153
2 108
