1 212
1 206
1 206
1 220
1 213
1 282
1 257
1 990
1 2558
1 1197
1 238
1 332
1 249
1 325
1 230
1 201
1 203
1 297
1 235
1 197
1 332
1 319
1 289
1 359
1 204
1 206
1 197
1 203
1 233
1 218
1 198
1 353
1 202
1 212
1 197
1 341
1 208
1 212
1 231
1 374
1 217
1 293
1 275
1 384
1 216
1 224
1 253
1 223
1 207
1 199
1 232
1 220
1 194
1 206
1 231
1 341
1 199
1 358
1 204
1 208
1 233
1 377
1 200
1 199
1 206
1 342
1 398
1 282
1 229
1 223
1 231
1 216
1 236
1 233
1 216
1 205
1 252
1 207
1 207
1 221
1 258
1 203
1 202
1 201
1 217
1 209
1 213
1 209
1 218
1 232
1 200
1 239
1 195
1 196
