1 89
1 118
1 94
1 77
1 72
1 76
1 72
1 83
1 97
1 74
1 121
1 86
1 78
1 75
1 82
1 70
1 139
1 75
1 76
1 81
1 212
1 86
1 92
1 403
1 74
1 91
1 89
1 76
1 96
1 103
1 88
1 86
1 88
1 97
1 67
1 80
1 85
1 79
1 68
1 93
1 82
1 77
1 76
1 95
1 73
1 95
1 88
1 110
1 237
1 294
1 84
1 80
1 102
1 206
1 86
1 77
1 103
1 101
1 82
1 79
1 82
1 89
1 87
1 103
1 75
1 76
1 100
1 92
1 83
1 96
1 83
1 226
1 79
1 87
1 93
1 84
1 232
1 87
1 77
1 96
1 312
1 82
1 72
1 94
1 93
1 85
1 75
1 82
1 86
1 115
1 76
1 72
1 77
1 93
1 75
1 75
1 89
1 129
1 73
1 77
1 120
1 81
1 79
1 93
1 75
1 82
1 89
1 83
1 88
1 85
1 83
1 121
1 76
1 89
1 94
1 96
1 192
1 175
1 230
1 80
1 77
1 72
1 69
1 87
1 124
1 84
1 69
1 68
