1 188
1 177
1 169
1 167
1 170
1 177
1 180
1 201
1 188
1 175
1 183
1 212
1 193
1 233
1 251
1 223
1 186
1 169
1 353
1 188
1 178
1 259
1 216
1 212
1 201
1 200
1 299
1 194
1 210
1 353
1 204
1 211
1 397
1 200
1 385
1 406
1 503
1 417
1 239
1 202
1 182
1 237
1 164
1 193
1 181
1 170
1 191
1 330
1 204
1 174
1 192
1 181
1 206
1 175
1 274
1 164
1 168
1 178
1 165
1 221
1 170
1 303
1 166
1 318
1 172
1 187
1 176
1 175
1 180
1 180
1 229
1 190
1 232
1 177
1 170
1 163
1 166
1 172
1 167
1 166
1 165
1 166
1 165
1 168
1 171
1 165
1 167
1 184
