1 108
1 256
1 91
1 101
1 106
1 87
1 81
1 114
1 177
1 115
1 98
1 194
1 90
1 80
1 87
1 79
1 300
1 75
1 156
1 93
1 88
1 103
1 123
1 198
1 83
1 143
1 198
1 106
1 97
1 96
1 76
1 81
1 86
1 157
1 160
1 93
1 75
1 84
1 79
1 85
1 88
1 81
1 81
1 94
1 91
1 96
1 79
1 83
1 93
1 165
1 144
1 77
1 102
1 150
1 77
1 91
1 268
1 117
1 177
1 168
1 132
1 78
1 90
1 81
1 135
1 78
1 88
1 91
1 85
1 78
1 87
1 135
1 80
1 83
1 102
1 81
1 108
1 129
1 86
1 88
1 81
1 78
1 87
1 83
1 90
1 82
1 80
1 132
1 94
1 80
1 149
1 82
1 112
1 80
1 101
1 83
1 87
1 79
1 83
1 82
1 136
1 79
1 78
1 99
1 100
1 135
1 81
1 97
1 84
1 81
1 99
1 77
1 83
1 131
1 78
1 101
1 117
1 83
1 82
1 84
1 73
1 133
1 81
1 75
1 80
1 70
1 77
1 76
