1 182
1 175
1 144
1 139
1 177
1 237
1 213
1 205
1 138
1 124
1 153
1 180
1 188
1 196
1 165
1 145
1 139
1 224
1 229
1 155
1 196
1 187
1 235
1 513
1 132
1 135
1 162
1 452
1 135
1 135
1 253
1 151
1 175
1 171
1 188
1 180
1 185
1 208
1 325
1 193
1 157
1 189
1 178
1 166
1 211
1 191
1 203
1 330
1 176
1 214
1 237
1 174
1 209
1 196
1 177
1 252
1 145
1 174
1 296
1 169
1 187
1 162
1 153
1 171
1 225
1 196
1 169
1 200
1 206
1 205
1 157
1 208
1 198
1 118
1 114
1 119
1 123
1 207
1 207
1 214
1 162
1 181
1 171
1 159
1 199
1 187
1 161
1 160
1 144
1 154
1 160
1 207
1 212
1 185
1 118
1 132
1 133
1 113
1 114
1 114
1 189
1 189
1 194
1 201
1 129
1 196
1 191
1 172
1 191
1 204
1 183
1 210
1 396
1 163
1 167
1 191
1 203
1 217
1 188
1 183
1 189
1 190
