1 172
1 169
1 162
1 164
1 162
1 172
1 249
1 176
1 165
1 166
1 164
1 300
1 163
1 180
1 184
1 276
1 431
1 184
1 226
1 171
1 193
1 187
1 244
1 173
1 195
1 213
1 216
1 188
1 228
1 347
1 366
1 212
1 194
1 224
1 198
1 305
1 327
1 194
1 188
1 312
1 402
1 397
1 196
1 187
1 213
1 231
1 194
1 192
1 222
1 225
1 221
1 406
1 231
1 314
1 208
1 207
1 398
1 406
1 198
1 360
1 186
1 245
1 206
1 211
1 208
1 1736
1 199
1 452
1 318
1 187
1 205
1 203
1 323
1 192
1 350
1 230
1 207
1 577
1 200
1 209
1 307
1 208
1 346
1 338
1 206
1 364
1 193
1 330
1 196
1 200
1 382
1 209
1 210
1 213
1 188
1 309
1 194
1 187
1 192
1 199
1 211
1 185
1 201
1 190
1 238
1 184
1 193
1 307
1 185
1 187
1 202
1 399
1 362
1 197
1 193
1 193
1 196
1 196
1 227
1 195
1 369
1 193
1 203
1 182
1 180
1 171
1 331
1 189
1 164
1 162
1 162
