1 176
1 172
1 170
1 232
1 173
1 169
1 216
1 233
1 174
1 231
1 167
1 168
1 169
1 169
1 168
1 170
1 408
1 250
1 214
1 306
1 194
1 324
1 383
1 231
1 300
1 194
1 368
1 394
1 170
1 170
1 191
1 189
1 346
1 353
1 339
1 200
1 215
1 228
1 210
1 184
1 408
1 196
1 278
1 193
1 202
1 329
1 200
1 266
1 359
1 234
1 507
1 226
1 242
1 296
1 198
1 213
1 250
1 250
1 208
1 307
1 309
1 200
1 307
1 344
1 227
1 348
1 219
1 337
1 339
1 206
1 328
1 332
1 382
1 214
1 324
1 184
1 218
1 325
1 200
1 216
1 307
1 356
1 384
1 379
1 231
1 305
1 221
1 277
1 312
1 206
1 188
1 201
1 199
1 351
1 210
1 169
1 191
1 338
1 183
1 175
1 183
1 330
1 228
1 191
1 170
1 167
1 180
1 169
1 195
1 168
1 283
1 175
1 166
1 174
