1 471
1 244
1 222
1 233
1 213
1 371
1 204
1 213
1 226
1 248
1 219
1 235
1 671
1 490
1 728
1 213
1 350
1 202
1 343
1 253
1 179
1 237
1 335
1 189
1 229
1 232
1 185
1 191
1 233
1 185
1 196
1 210
1 393
1 197
1 191
1 211
1 389
1 202
1 241
1 193
1 191
1 288
1 204
1 218
1 396
1 348
1 226
1 222
1 405
1 1109
1 1293
1 198
1 399
1 202
1 192
1 194
1 202
1 190
1 251
1 219
1 177
1 201
1 348
1 200
1 197
1 183
1 365
1 191
1 217
1 217
1 201
1 219
1 189
1 231
1 177
1 183
1 177
1 183
1 180
1 191
1 309
1 228
1 219
1 196
1 195
1 188
1 179
1 174
1 181
1 204
1 184
1 188
1 208
1 187
1 400
1 266
1 175
1 180
1 301
1 175
1 192
1 182
1 303
1 178
1 179
1 179
1 176
1 187
1 184
1 182
1 186
1 179
1 182
1 182
