1 76
1 81
1 82
1 71
1 70
1 76
1 77
1 80
1 74
1 70
1 66
1 71
1 76
1 68
1 66
1 74
1 71
1 152
1 72
1 74
1 95
1 85
1 70
1 146
1 77
1 68
1 83
1 79
1 96
1 86
1 80
1 70
1 80
1 80
1 73
1 81
1 62
1 72
1 72
1 72
1 78
1 74
1 79
1 62
1 67
1 71
1 73
1 77
1 79
1 70
1 73
1 63
1 76
1 77
1 85
1 62
1 81
1 71
1 73
1 74
1 80
1 69
1 61
1 70
1 79
1 80
1 81
1 90
1 75
1 70
1 68
1 88
1 172
1 62
1 78
1 65
1 78
1 179
1 68
1 71
1 68
1 74
1 76
1 74
1 67
1 74
1 80
1 65
1 79
1 67
1 84
1 69
1 75
1 61
1 94
1 94
1 73
1 78
1 68
1 64
1 61
1 70
1 97
1 80
1 65
1 68
1 62
1 77
1 164
1 76
1 61
1 72
1 67
1 73
1 86
1 198
1 65
1 68
1 93
1 74
1 73
1 74
1 82
1 69
1 63
1 66
1 72
1 76
1 71
1 67
1 76
1 71
1 74
1 74
1 72
1 65
1 71
1 73
1 75
1 73
1 97
1 80
1 77
1 62
1 80
1 75
1 73
1 66
1 64
1 61
1 80
1 77
1 74
1 69
1 71
1 73
1 86
1 75
1 76
1 64
1 77
1 68
1 73
1 77
1 82
1 75
1 65
1 62
1 74
1 80
1 74
1 71
1 71
1 73
1 84
1 73
1 62
1 71
1 73
1 74
1 77
1 61
1 71
1 73
1 73
1 73
1 103
1 106
1 110
1 65
1 85
