1 120
1 94
1 97
1 112
1 73
1 76
1 118
1 75
1 95
1 119
1 76
1 77
1 95
1 130
1 90
1 93
1 119
1 74
1 113
1 117
1 131
1 87
1 81
1 90
1 98
1 122
1 79
1 78
1 115
1 78
1 80
1 98
1 119
1 127
1 95
1 151
1 100
1 108
1 97
1 108
1 104
1 95
1 80
1 86
1 84
1 99
1 97
1 105
1 106
1 84
1 100
1 289
1 145
1 89
1 159
1 245
1 89
1 319
1 337
1 100
1 162
1 77
1 266
1 144
1 89
1 148
1 86
1 155
1 82
1 78
1 115
1 87
1 136
1 82
1 90
1 78
1 93
1 90
1 83
1 85
1 88
1 321
1 70
1 161
1 98
1 68
1 230
1 287
1 82
1 96
1 74
1 212
1 86
1 71
1 220
1 79
1 95
1 71
1 89
1 81
1 73
1 88
1 72
1 93
1 131
1 97
1 76
1 88
1 71
1 82
1 70
1 83
1 71
1 79
1 82
1 81
1 72
1 99
1 71
1 79
1 84
1 68
1 85
1 74
1 84
1 73
1 82
1 91
