1 319
1 234
1 347
1 318
1 362
1 236
1 229
1 254
1 185
1 176
1 188
1 180
1 207
1 345
1 219
1 203
1 773
1 334
1 2934
1 418
1 289
1 214
1 190
1 177
1 292
1 333
1 218
1 434
1 377
1 1607
1 192
1 198
1 193
1 228
1 211
1 339
1 192
1 320
1 207
1 206
1 228
1 235
1 291
1 393
1 199
1 349
1 234
1 326
1 305
1 330
1 420
1 183
1 208
1 302
1 243
1 306
1 307
1 210
1 340
1 276
1 292
1 338
1 337
1 366
1 350
1 198
1 437
1 288
1 251
1 214
1 248
1 380
1 198
1 218
1 214
1 208
1 256
1 303
1 239
1 300
1 419
1 378
1 205
1 249
1 191
1 215
1 262
1 303
1 190
1 283
1 333
1 209
1 347
1 298
1 335
1 206
1 244
1 276
1 198
1 212
1 235
1 204
1 343
1 184
1 225
1 291
1 190
1 186
1 191
1 183
1 184
1 185
