1 729
1 339
1 604
1 222
1 424
1 232
1 226
1 212
1 216
1 211
1 217
1 214
1 221
1 279
1 250
1 472
1 563
1 374
1 809
1 514
1 372
1 649
1 248
1 532
1 591
1 299
1 415
1 533
1 568
1 447
1 504
1 435
1 407
1 415
1 256
1 431
1 506
1 355
1 470
1 386
1 562
1 753
1 490
1 499
1 504
1 288
1 484
1 491
1 280
1 244
1 259
1 460
1 273
1 259
1 284
1 363
1 289
1 231
1 404
1 417
1 422
1 371
1 342
1 396
1 369
1 261
1 285
1 402
1 258
1 492
1 274
1 412
1 450
1 348
1 254
1 498
1 349
1 511
1 398
1 237
1 283
1 238
1 311
1 360
1 236
1 435
1 216
1 220
1 240
1 210
1 218
1 210
1 211
1 211
1 438
1 225
1 221
