1 92
1 86
1 76
1 91
1 80
1 75
1 77
1 80
1 86
1 96
1 104
1 90
1 96
1 109
1 101
1 95
1 99
1 97
1 98
1 100
1 286
1 298
1 123
1 97
1 102
1 94
1 98
1 95
1 102
1 310
1 109
1 114
1 208
1 103
1 105
1 169
1 195
1 185
1 279
1 179
1 175
1 220
1 283
1 290
1 181
1 123
1 295
1 310
1 106
1 194
1 204
1 104
1 112
1 173
1 88
1 266
1 307
1 94
1 194
1 122
1 112
1 102
1 125
1 99
1 98
1 296
1 111
1 100
1 211
1 107
1 102
1 121
1 113
1 115
1 407
1 132
1 103
1 153
1 105
1 102
1 160
1 108
1 111
1 102
1 102
1 88
1 116
1 102
1 97
1 104
1 96
1 102
1 90
1 102
1 102
1 92
1 119
1 257
1 86
1 116
1 162
1 103
1 100
1 85
1 84
1 116
1 85
1 103
1 84
1 97
1 88
1 89
1 95
1 94
1 153
1 97
1 93
1 131
1 91
1 99
1 92
1 91
1 95
1 91
1 93
1 92
1 92
1 94
