1 458
1 288
1 402
1 268
1 230
1 193
1 219
1 207
1 339
1 486
1 355
1 297
1 411
1 483
1 512
1 492
1 336
1 192
1 294
1 215
1 201
1 189
1 206
1 215
1 243
1 235
1 215
1 308
1 340
1 441
1 668
1 205
1 284
1 279
1 352
1 452
1 228
1 343
1 457
1 228
1 209
1 343
1 616
1 344
1 335
1 298
1 457
1 257
1 455
1 302
1 191
1 200
1 205
1 185
1 200
1 209
1 298
1 236
1 479
1 312
1 482
1 315
1 328
1 387
1 328
1 234
1 306
1 354
1 314
1 416
1 202
1 241
1 196
1 368
1 502
1 487
1 306
1 236
1 208
1 290
1 489
1 224
1 332
1 351
1 336
1 193
1 197
1 339
1 204
1 188
1 210
1 398
1 474
1 192
1 367
1 200
1 185
1 185
1 188
1 177
1 178
1 175
1 173
1 175
1 177
