1 207
1 209
1 590
1 609
1 257
1 458
1 240
1 388
1 396
1 351
1 253
1 1378
1 1146
1 589
1 474
1 603
1 893
1 1251
1 284
1 247
1 470
1 420
1 449
1 410
1 350
1 348
1 744
1 321
1 450
1 252
1 432
1 335
1 262
1 259
1 468
1 353
1 228
1 464
1 262
1 247
1 244
1 430
1 226
1 235
1 474
1 473
1 404
1 219
1 203
1 311
1 370
1 297
1 242
1 372
1 285
1 223
1 190
1 499
1 260
1 286
1 271
1 190
1 237
1 370
1 223
1 419
1 209
1 247
1 209
1 199
1 257
1 206
1 225
1 389
1 453
1 310
1 268
1 269
1 305
1 338
1 289
1 550
1 338
1 262
1 224
1 334
1 387
1 249
1 226
1 331
1 273
1 326
1 201
1 204
1 198
1 270
1 247
1 232
1 184
1 222
