1 83
2 106
2 215
1 108
1 112
2 99
2 101
1 78
3 150
1 83
3 337
3 445
3 378
3 184
2 151
3 350
1 118
3 334
1 80
2 113
3 210
2 247
1 208
1 111
2 134
1 82
2 106
1 208
2 149
1 117
3 156
2 245
3 153
1 87
2 171
3 361
2 136
1 104
3 161
3 158
1 138
3 172
3 147
2 115
2 293
3 344
2 130
1 107
1 83
1 169
3 214
1 93
2 104
3 142
2 305
1 95
2 315
2 89
1 75
3 117
1 94
3 221
2 133
3 150
1 72
3 132
1 85
2 115
2 131
3 171
2 99
1 80
2 133
1 85
2 112
1 239
1 86
3 170
3 174
3 279
1 88
2 117
3 148
2 110
3 135
3 130
3 176
1 133
2 202
3 130
1 71
3 116
1 84
2 108
2 108
1 68
2 87
1 76
1 84
1 121
2 143
2 278
2 283
3 229
2 111
1 214
1 208
3 252
3 245
3 223
3 257
3 232
2 111
3 145
1 202
3 367
3 264
2 115
1 99
2 135
2 110
1 207
1 66
1 68
1 92
2 94
2 103
2 101
2 107
3 147
1 131
1 186
2 230
1 75
3 146
3 268
3 253
3 280
3 174
1 109
2 89
3 254
2 105
2 107
1 74
3 190
1 75
3 127
1 64
2 104
1 124
2 186
2 98
3 115
1 64
1 380
3 492
2 442
3 490
2 298
3 314
2 405
1 90
3 148
2 123
3 200
1 152
1 112
1 189
2 138
1 112
2 155
3 316
3 311
2 427
2 127
2 143
3 181
1 150
3 145
1 103
1 163
1 176
2 325
2 159
3 262
3 298
2 257
2 342
1 100
3 246
1 259
3 314
1 264
3 296
2 132
1 308
1 328
2 466
3 340
3 192
2 208
2 190
2 151
3 400
3 264
1 292
1 278
1 319
1 147
2 135
3 194
2 368
3 441
2 461
1 171
2 168
1 127
3 263
2 394
3 432
3 466
1 307
1 102
2 194
1 173
3 280
3 419
2 187
2 169
3 272
2 276
3 227
1 162
1 139
1 143
2 242
1 87
2 113
1 164
3 261
3 208
2 167
2 296
1 158
2 304
3 328
3 350
3 310
3 368
2 144
1 129
1 108
1 123
2 130
2 352
3 183
2 136
2 239
1 92
1 108
3 221
3 158
1 108
2 120
2 123
3 154
1 91
3 162
3 177
