2 280
1 169
1 205
1 185
1 224
1 444
1 349
2 336
1 207
1 209
1 226
1 189
1 198
1 178
1 230
1 276
1 335
1 287
1 280
2 518
1 352
1 501
1 192
1 226
1 260
1 322
1 301
1 195
1 277
1 309
1 207
1 305
1 503
1 1101
1 205
1 216
1 234
2 457
1 218
1 218
1 272
1 305
1 347
1 250
2 318
1 569
1 196
1 223
1 265
1 338
1 558
1 557
1 312
1 202
1 243
1 281
1 503
1 360
1 325
1 313
1 291
1 316
1 278
1 323
1 210
2 430
1 185
1 315
1 195
1 296
1 303
1 307
1 449
1 266
1 299
1 192
2 364
1 178
1 395
1 211
1 301
1 189
1 357
1 345
1 383
1 373
1 298
1 435
1 199
2 559
1 311
1 315
1 379
1 420
1 222
1 196
1 343
1 317
1 314
1 347
2 394
1 336
1 297
1 239
1 195
1 196
1 350
1 337
1 186
1 203
1 241
1 217
1 348
1 373
1 200
1 356
1 191
1 192
1 380
1 338
1 309
1 310
1 311
1 200
1 351
1 362
1 199
1 176
1 188
1 180
1 258
1 179
1 192
1 351
1 182
1 179
1 178
1 178
