0 0 292
0 2 427
0 3 434
0 0 63
0 1 194
0 3 209
0 0 69
0 1 262
0 3 288
0 0 100
0 2 219
0 3 212
0 0 135
1 0 211
0 1 395
0 3 545
1 3 505
1 2 527
1 0 60
0 0 65
1 3 280
1 2 376
0 1 287
0 3 370
1 0 63
1 1 159
1 2 215
0 0 59
0 3 235
0 1 235
1 0 71
1 1 184
1 2 227
0 0 62
0 3 216
0 2 279
1 0 126
1 1 217
1 2 231
0 0 65
0 3 181
0 2 197
1 0 63
1 2 198
1 3 220
1 0 81
0 0 100
0 1 328
0 3 387
1 1 410
1 2 452
2 0 67
2 3 192
2 1 216
1 0 77
0 0 72
1 1 373
1 2 411
0 3 318
0 1 387
2 0 63
1 0 67
2 1 383
2 3 392
1 3 248
1 2 349
0 0 67
0 1 203
0 3 207
2 0 92
1 0 80
2 3 323
2 1 376
1 1 314
1 2 297
0 0 62
0 2 138
0 3 301
2 0 68
1 0 191
2 3 374
2 1 442
1 1 449
1 2 465
0 0 57
0 2 163
0 3 178
2 0 70
1 0 80
1 2 329
1 1 334
2 3 357
2 1 410
0 0 67
1 0 86
2 0 65
0 3 565
0 1 647
1 2 662
1 1 677
2 1 405
2 3 414
1 0 61
0 0 73
2 0 66
1 1 488
1 2 490
2 1 403
0 3 450
0 1 476
2 3 475
1 0 73
1 1 183
1 2 189
0 0 78
2 0 65
3 0 64
2 1 671
1 0 80
0 1 729
2 3 746
3 2 631
0 3 814
3 3 733
1 3 323
0 0 95
2 0 87
1 2 660
3 0 66
1 0 75
0 3 604
2 3 874
0 1 923
3 2 715
1 2 541
3 3 714
2 1 995
1 3 591
0 0 87
2 0 66
1 0 78
3 0 66
0 2 458
0 3 498
2 3 710
2 1 722
1 1 550
3 3 569
3 2 608
1 2 636
0 0 72
1 0 79
2 0 87
0 3 462
3 0 61
0 1 515
1 2 613
2 3 603
3 3 734
0 0 86
1 1 963
2 1 981
3 2 1175
1 0 259
2 0 71
0 3 673
3 0 70
0 2 880
0 0 62
3 2 546
2 1 708
3 3 763
1 2 1160
2 0 70
1 1 1282
2 3 1058
3 0 81
1 0 69
0 1 782
0 3 821
2 3 591
2 1 856
0 0 68
1 3 531
3 3 692
3 2 805
2 0 71
1 2 791
1 0 69
3 0 71
0 1 777
0 3 834
2 3 741
2 1 740
1 2 548
3 3 540
1 3 609
0 0 90
3 2 786
2 0 67
0 3 522
1 0 200
3 0 183
0 2 688
2 1 665
2 3 685
1 2 655
0 0 59
1 1 709
3 3 689
3 2 706
4 1 120
4 0 125
2 0 116
0 2 509
0 3 543
1 0 80
3 0 68
4 0 71
4 1 83
1 3 594
0 0 81
2 1 1034
4 2 1327
2 3 1295
1 0 123
4 0 93
4 1 104
2 0 92
1 2 1327
3 3 1134
0 3 961
4 2 1177
3 2 1590
0 1 1334
4 0 85
4 1 91
3 0 81
0 0 64
2 3 891
4 2 1327
1 1 1346
2 1 1346
1 2 1374
1 0 92
4 1 87
4 0 97
2 0 276
0 1 915
3 3 1083
4 2 1331
0 0 67
4 1 73
4 0 75
3 2 1533
3 0 69
0 3 1628
1 2 1141
2 1 1352
1 3 1419
4 3 1495
4 0 115
4 1 120
2 0 88
2 3 1557
0 2 1023
1 0 71
0 3 1431
4 2 1401
4 1 82
4 0 93
3 2 1296
0 0 76
2 3 1079
2 1 1104
3 3 1855
3 0 85
4 2 1669
5 0 278
1 2 1190
4 1 276
4 0 280
1 3 1507
2 0 72
4 1 252
4 0 261
1 0 82
0 3 1720
4 2 1933
0 1 1866
0 0 77
4 1 74
4 0 100
3 3 1825
5 3 1832
3 2 2003
4 2 2145
4 0 499
4 1 456
3 0 462
5 0 446
5 1 4708
4 0 678
2 1 4421
4 2 4337
2 3 4500
2 0 65
0 1 3631
0 0 63
4 2 4003
1 2 4741
1 3 4751
0 3 4220
5 3 3096
3 3 3386
1 0 73
4 2 3474
2 1 1247
2 0 72
3 2 3874
5 0 251
3 0 62
5 1 4147
0 3 1568
2 3 2076
0 1 1649
1 2 1102
1 3 1118
2 1 1018
3 2 772
3 3 759
5 1 1191
0 0 110
2 0 108
1 0 255
5 0 88
2 3 1635
5 3 1626
3 0 63
2 1 984
0 2 1015
2 0 69
1 2 1014
0 3 1357
3 3 932
1 3 1141
5 3 1159
2 3 1495
5 1 1255
0 0 78
1 0 76
2 3 734
5 0 68
3 2 1542
3 0 106
2 0 70
0 3 953
2 1 1330
0 2 1225
1 3 1070
0 0 70
5 3 1013
5 1 1024
1 2 1242
3 3 1101
3 2 1168
2 3 755
2 1 935
1 0 74
5 0 72
0 1 862
3 0 86
0 3 968
2 0 62
0 0 67
1 2 953
5 3 898
1 3 1081
3 3 765
5 2 1017
0 3 765
2 1 1017
2 3 1038
0 1 850
3 2 1124
1 0 237
2 0 223
5 0 78
3 0 63
0 0 60
1 2 844
5 3 790
0 3 708
3 3 904
5 1 1051
1 3 1219
3 2 926
2 1 1256
0 1 956
2 3 1170
1 0 86
2 0 231
5 0 64
3 0 71
0 0 71
1 2 768
2 3 892
1 3 1260
5 3 1053
1 0 71
2 1 1342
5 1 1176
0 1 1071
2 0 62
3 2 1357
0 0 211
3 3 1465
5 0 70
0 3 1515
3 0 61
1 2 915
1 3 971
0 3 1140
2 1 1293
1 0 69
2 3 1419
5 3 1045
2 0 65
5 1 1112
0 1 1380
3 2 930
0 0 89
3 3 1167
5 0 62
2 3 734
3 0 60
1 2 933
2 1 927
1 1 1208
2 0 62
1 0 66
0 3 1016
0 1 1102
5 2 995
3 3 887
3 2 992
5 3 1132
2 1 764
0 0 73
2 3 845
5 0 81
3 0 64
1 2 864
2 0 69
1 3 1102
0 3 770
1 0 66
3 2 860
5 1 886
2 3 610
5 3 924
0 1 1248
5 0 85
3 3 1185
2 1 1133
3 0 69
2 0 71
1 2 1042
1 1 1083
5 3 599
5 2 721
2 3 620
3 3 627
3 2 737
2 1 743
1 0 85
5 0 247
1 2 373
3 0 73
2 0 100
1 1 771
5 1 827
1 0 68
2 1 713
5 0 65
5 3 1067
2 3 826
3 3 839
3 2 855
2 0 67
1 2 613
5 3 411
5 1 463
1 3 825
3 0 93
5 0 64
2 1 641
3 2 387
2 3 694
3 3 495
5 3 254
5 1 304
2 0 181
3 0 62
5 0 58
2 3 418
2 1 499
3 3 469
3 2 518
5 3 358
5 1 366
2 0 63
3 0 76
5 0 65
3 3 476
3 2 499
2 1 516
2 3 552
5 3 464
5 1 478
3 0 85
2 0 84
5 0 66
3 3 482
2 3 456
5 1 545
2 1 624
5 3 590
3 2 682
5 0 65
3 0 66
2 0 55
5 3 403
5 1 540
3 2 577
3 3 611
2 3 499
2 1 501
5 0 62
3 0 59
5 1 237
5 3 316
2 0 61
3 2 389
2 3 154
3 3 524
2 1 229
5 0 84
3 0 59
5 3 412
5 1 418
3 2 204
3 3 242
5 0 69
5 3 170
5 2 195
3 0 65
3 3 321
3 2 354
5 0 60
5 1 195
5 3 201
3 0 58
3 3 169
3 2 175
5 0 58
5 3 174
5 1 188
3 0 71
3 3 180
3 2 200
5 0 54
5 3 199
5 1 332
3 0 61
3 2 184
3 3 198
5 0 71
5 1 205
5 3 207
3 0 74
5 0 65
3 3 230
3 2 244
5 3 219
5 1 251
3 0 55
3 3 167
3 2 297
5 0 68
5 3 199
5 1 202
3 0 55
5 0 65
3 3 214
3 2 367
5 3 362
5 1 367
3 0 56
5 0 57
3 2 285
3 3 302
5 1 257
5 3 324
3 0 76
5 0 73
3 2 332
5 3 350
5 1 375
3 3 411
5 0 58
5 1 175
5 3 170
5 0 54
5 3 176
5 1 182
5 0 56
5 1 180
5 3 180
5 0 58
5 3 166
5 1 259
5 0 57
5 3 171
5 2 178
5 0 63
5 1 161
5 3 178
5 0 64
5 2 169
5 3 170
5 0 63
5 2 182
5 3 185
5 0 61
5 3 180
5 1 186
