0 6 612
0 1 727
0 0 732
0 2 724
0 4 770
0 5 783
0 3 780
0 0 399
0 6 420
0 4 479
0 2 481
0 5 486
0 3 501
0 1 513
0 0 370
0 2 381
0 4 413
0 3 459
0 5 468
0 6 471
0 1 558
0 0 333
0 2 416
0 5 421
0 1 444
0 3 454
0 4 496
0 6 506
0 3 282
0 2 434
0 1 473
0 5 503
0 6 504
0 4 520
0 0 538
0 4 314
0 2 388
0 6 394
0 0 462
0 3 463
0 1 465
0 5 471
0 1 375
0 3 366
0 0 413
0 6 419
0 2 463
0 5 481
0 4 494
0 4 182
0 0 221
0 3 225
0 6 330
0 1 436
0 2 456
0 5 466
0 5 334
0 6 349
0 4 372
0 2 428
0 1 485
0 0 486
0 3 512
0 2 357
0 5 366
0 4 377
0 1 525
0 0 556
0 3 557
0 6 559
0 1 367
0 2 423
0 3 496
0 6 500
0 4 502
0 5 503
0 0 514
0 4 366
0 5 383
0 3 396
0 1 402
0 0 448
0 2 463
0 6 467
0 2 383
0 5 395
0 4 446
0 6 416
0 1 486
0 3 451
0 0 589
0 0 341
0 2 423
0 3 441
0 6 457
0 1 471
0 5 462
0 4 494
0 2 336
0 1 365
0 3 421
0 0 462
0 4 445
0 5 450
0 6 455
0 5 355
0 6 367
0 0 421
0 2 428
0 1 428
0 3 443
0 4 462
0 0 315
0 4 359
0 1 368
0 2 383
0 5 383
0 3 439
0 6 439
0 0 360
0 5 355
0 3 367
0 2 382
0 1 449
0 4 464
0 6 457
0 0 360
0 6 440
0 4 457
0 3 482
0 1 490
0 5 488
0 2 492
0 3 360
0 4 368
0 1 403
0 6 427
0 0 429
0 2 433
0 5 443
0 5 336
0 6 365
0 4 385
0 0 401
0 3 404
0 2 416
0 1 439
0 4 240
0 6 323
0 2 344
0 0 346
0 1 445
0 5 454
0 3 457
0 4 277
0 0 356
0 3 400
0 1 400
0 2 449
0 5 451
0 6 475
0 4 410
0 3 417
0 0 422
0 6 425
0 1 428
0 2 427
0 5 432
0 5 370
0 0 400
0 2 399
0 4 404
0 3 410
0 1 429
0 6 496
0 5 353
0 3 378
0 1 393
0 6 402
0 4 419
0 0 448
0 2 436
0 0 333
0 5 356
0 4 356
0 2 376
0 1 413
0 6 429
0 3 426
