0 1 341
0 0 316
0 0 40
0 1 40
0 1 37
0 0 45
0 1 41
0 0 40
0 0 40
0 1 39
0 0 44
0 1 47
0 0 38
0 1 38
0 1 135
0 0 141
1 1 196
1 0 205
1 2 158
1 3 173
0 0 40
0 1 43
1 0 58
1 1 93
0 1 41
0 0 45
1 0 86
1 1 112
0 1 35
0 0 37
1 0 62
1 1 82
0 0 37
0 1 35
1 2 53
1 0 74
2 1 180
2 0 181
1 0 84
0 0 79
0 1 68
1 1 152
2 1 66
2 0 70
0 0 156
1 0 166
2 0 170
1 1 200
2 1 97
0 1 97
1 0 46
1 1 87
2 1 34
2 0 32
0 1 35
0 0 39
1 0 43
1 1 77
2 1 33
2 0 36
0 0 36
0 1 37
1 0 155
1 1 193
2 1 37
2 0 39
1 0 63
1 1 91
0 1 51
0 0 54
2 1 38
2 0 42
1 0 63
1 1 221
3 0 227
0 1 62
0 0 64
3 1 249
2 1 52
2 0 52
3 0 225
1 0 81
3 1 283
1 1 134
0 0 39
0 1 39
3 0 54
3 1 72
2 0 47
2 1 44
1 2 140
1 3 146
0 1 38
0 0 42
3 0 119
3 1 142
1 0 58
1 3 62
2 0 54
2 1 57
3 0 49
3 1 82
0 0 41
0 1 46
1 0 161
1 1 185
2 1 50
2 0 55
3 0 60
3 1 310
1 0 49
1 1 87
0 0 40
0 1 40
2 0 38
2 1 38
3 0 51
3 1 87
1 0 127
1 1 152
0 1 46
0 0 47
2 0 43
2 1 50
3 3 82
3 1 79
1 0 127
1 2 127
3 2 61
3 0 66
2 0 40
2 1 39
0 0 105
0 1 124
1 0 50
1 1 98
4 0 52
4 1 141
3 0 125
2 1 36
2 0 35
3 1 349
0 1 38
0 0 42
1 0 65
4 0 170
1 1 243
4 1 70
3 0 65
3 1 116
2 1 36
2 0 43
4 0 36
4 1 70
1 0 146
0 0 63
0 1 69
3 0 63
1 1 209
3 1 155
4 3 50
4 0 51
2 0 38
2 1 40
1 0 98
3 0 81
1 1 156
3 1 272
0 1 60
0 0 54
4 0 44
4 1 64
2 0 39
2 1 46
3 0 175
1 2 180
1 0 174
4 0 46
3 1 245
4 1 69
0 1 38
0 0 47
3 2 57
3 0 58
4 0 242
4 3 85
1 3 76
2 1 80
2 0 85
1 0 103
0 0 39
0 1 39
4 0 33
4 1 126
3 2 61
3 0 67
1 0 68
1 1 80
2 1 41
2 0 41
4 3 55
4 0 72
3 0 58
3 1 89
0 1 40
0 0 43
1 0 67
1 1 91
2 1 36
2 0 38
4 0 34
4 1 57
3 2 74
3 0 84
1 2 78
0 1 68
4 1 78
4 0 72
0 0 81
1 0 78
2 0 43
2 1 41
3 0 46
3 1 90
4 0 39
4 3 69
1 0 53
1 1 86
0 0 169
0 1 175
2 1 65
2 0 69
3 0 66
4 0 34
4 3 61
3 1 309
5 1 56
5 0 42
1 0 59
1 1 76
3 2 49
3 0 59
2 0 48
2 1 53
4 0 44
4 3 71
0 1 324
0 0 333
5 0 54
5 1 83
1 0 81
1 1 109
4 0 39
4 3 77
3 0 65
3 1 91
5 0 36
5 1 358
2 1 83
2 0 114
0 1 69
0 0 75
1 2 64
1 0 76
4 0 44
4 1 60
3 0 62
3 1 77
5 0 34
5 1 55
2 1 56
2 0 53
4 0 43
4 1 61
1 2 56
1 0 57
0 1 49
0 0 52
3 3 63
5 0 49
3 1 108
5 1 70
4 0 57
2 1 45
2 0 46
4 3 56
1 0 62
5 0 47
1 1 113
5 1 80
3 0 82
3 2 86
0 1 39
0 0 39
4 3 53
4 0 57
5 0 45
2 1 41
2 0 53
5 1 99
1 0 92
3 0 93
3 2 94
1 1 130
4 1 47
4 0 47
0 0 39
0 1 38
5 0 43
5 1 71
3 2 72
3 0 76
2 1 86
2 0 93
1 0 90
1 2 109
4 0 92
4 3 98
5 0 33
5 1 53
4 1 62
4 0 73
0 0 74
0 1 94
3 0 95
3 2 109
1 0 93
1 1 125
2 1 46
2 0 54
5 0 36
5 1 55
4 0 33
4 3 56
3 0 58
3 1 78
1 0 64
0 1 57
0 0 53
2 1 52
1 1 94
2 0 65
5 0 39
5 1 69
4 0 32
4 3 58
3 0 64
3 1 107
1 0 49
1 1 81
5 0 48
5 1 209
4 0 206
4 1 219
2 1 49
2 0 58
0 0 48
0 1 54
3 0 54
3 1 75
4 0 36
4 1 55
5 0 43
5 1 65
2 1 35
2 0 36
3 3 49
3 0 65
4 0 39
4 3 56
5 0 45
5 1 61
4 0 57
2 0 74
2 1 67
4 3 92
3 0 84
3 2 88
5 0 47
5 1 59
4 0 42
4 1 49
3 0 62
5 0 48
3 1 100
5 1 56
2 1 35
2 0 38
4 0 31
4 1 54
5 0 52
5 1 66
3 0 67
3 1 105
2 0 35
2 1 35
4 0 32
4 3 50
5 0 34
5 1 52
3 2 55
3 0 65
4 0 37
4 3 54
2 1 36
2 0 38
5 0 33
5 1 57
3 0 69
4 0 45
3 1 115
4 3 56
5 0 41
5 1 45
2 1 35
2 0 34
4 0 54
4 3 61
3 0 63
3 1 97
5 0 40
5 1 60
4 0 35
4 3 57
2 1 55
2 0 56
3 0 54
3 1 98
5 0 36
5 1 62
4 0 39
4 3 55
3 0 71
3 1 92
2 0 40
2 1 40
5 0 42
5 1 63
4 0 42
4 3 54
5 0 37
5 1 52
4 0 42
4 1 46
5 0 136
5 1 137
4 3 54
4 0 67
4 0 39
4 3 47
5 0 41
5 1 59
5 0 34
5 1 58
5 0 34
5 1 62
5 0 38
5 1 62
5 0 38
5 1 55
5 0 39
5 1 48
5 0 41
5 1 57
5 0 49
5 1 51
5 0 82
5 1 87
5 0 36
5 1 67
5 0 34
5 1 49
5 0 33
5 1 61
5 0 35
5 1 62
5 0 40
5 1 62
5 0 42
5 1 62
