0 6 489
0 3 534
0 5 547
0 1 578
0 0 588
0 4 579
0 2 603
0 0 291
0 2 301
0 1 314
0 5 315
0 6 339
0 3 333
0 4 335
0 2 255
0 6 259
0 3 284
0 4 331
0 5 334
0 1 337
0 0 340
0 5 204
0 6 242
0 1 272
0 4 274
0 2 290
0 3 296
0 0 307
0 1 236
0 2 226
0 3 273
0 6 275
0 5 296
0 4 307
0 0 329
0 3 206
0 5 225
0 1 277
0 4 267
0 2 300
0 6 267
0 0 303
0 6 196
0 0 282
0 2 291
0 3 286
0 1 294
0 4 290
0 5 332
0 1 156
0 5 210
0 0 270
0 6 273
0 3 276
0 4 280
0 2 292
0 4 209
0 2 237
0 1 242
0 6 265
0 3 274
0 0 279
0 5 277
0 5 207
0 0 295
0 6 276
0 2 360
0 3 295
0 1 302
0 4 308
0 6 222
0 0 234
0 1 277
0 3 273
0 2 289
0 5 293
0 4 303
0 1 224
0 5 253
0 2 267
0 4 272
0 3 286
0 6 289
0 0 289
0 2 222
0 3 247
0 4 267
0 1 287
0 0 289
0 5 282
0 6 301
0 4 242
0 1 261
0 2 268
0 6 279
0 5 291
0 0 295
0 3 305
0 1 176
0 0 222
0 3 243
0 2 243
0 4 243
0 5 253
0 6 268
0 6 185
0 2 250
0 5 277
0 1 292
0 4 280
0 0 301
0 3 296
0 5 195
0 6 202
0 3 230
0 1 271
0 0 274
0 2 276
0 4 279
0 0 263
0 1 232
0 4 252
0 6 291
0 3 290
0 2 295
0 5 304
0 5 239
0 2 243
0 6 244
0 3 285
0 1 287
0 4 291
0 0 294
0 5 201
0 0 233
0 3 240
0 6 252
0 1 278
0 2 281
0 4 276
0 0 243
0 3 244
0 1 255
0 5 261
0 6 270
0 2 301
0 4 280
0 0 239
0 6 245
0 2 248
0 4 253
0 1 287
0 5 281
0 3 291
0 4 195
0 6 253
0 0 262
0 2 280
0 3 292
0 5 296
0 1 312
0 4 222
0 0 251
0 1 254
0 2 243
0 3 245
0 5 249
0 6 256
0 6 238
0 1 243
0 3 251
0 2 254
0 0 267
0 5 263
0 4 258
0 6 205
0 0 211
0 5 226
0 2 241
0 4 266
0 3 269
0 1 278
0 6 190
0 0 244
0 2 248
0 5 242
0 1 274
0 4 270
0 3 277
