0 0 2446
0 2 3700
0 1 4427
0 0 567
0 2 636
0 1 2539
1 0 5898
1 3 5902
2 0 5219
1 1 7154
0 0 16277
2 1 18636
0 1 18132
3 1 3097
3 0 13449
0 2 18858
1 3 1325
3 2 4213
4 2 1842
1 1 9500
1 0 9549
2 1 8531
0 2 10840
5 2 1664
2 2 10307
3 2 12975
0 3 14076
3 1 12941
4 1 14245
5 3 5455
0 0 17598
4 0 18174
2 0 17005
3 0 17609
1 1 136
1 0 140
5 0 9866
1 0 278
1 1 20503
3 0 9791
2 0 21010
0 2 691
4 0 577
5 0 478
0 0 731
4 1 592
5 1 467
3 1 807
4 0 200
4 1 227
3 0 242
0 3 1116
5 0 180
0 0 56
5 2 1045
5 2 300
3 2 1429
5 1 1467
4 2 2383
4 2 1726
0 3 1351
3 1 1750
4 2 118
4 0 179
4 1 170
0 2 1496
3 2 11701
2 1 23120
2 2 25063
3 1 1933
3 0 2059
5 1 269
5 2 344
5 0 2132
2 1 330
4 1 306
0 0 318
2 0 375
0 1 296
4 0 373
3 0 348
4 2 478
3 1 335
0 2 587
5 0 189
5 2 75
5 1 118
4 0 112
4 1 157
4 2 212
2 0 179
2 1 179
3 2 2992
2 2 1189
3 0 169
0 0 55
0 3 115
3 1 238
3 2 1141
4 1 42
4 2 203
4 0 245
5 2 64
5 1 78
5 0 81
3 0 142
2 0 55
3 1 72
2 1 58
4 1 43
4 0 54
4 2 54
0 0 59
0 1 76
5 0 76
5 2 77
5 1 95
3 0 46
3 1 59
4 1 47
4 2 56
4 0 56
2 0 43
2 1 88
3 2 2027
2 2 2344
5 0 57
0 0 64
5 1 131
5 2 142
0 3 129
0 2 2340
3 2 1590
0 2 1214
4 1 274
3 0 321
4 2 284
3 1 315
4 0 288
2 2 1900
5 1 77
5 0 78
5 2 84
2 0 52
2 1 67
0 2 1137
2 2 1518
3 2 1765
3 0 120
3 2 1012
0 3 116
0 0 119
4 2 143
4 0 308
4 1 315
3 1 120
2 2 708
5 0 68
0 2 282
5 2 80
3 2 308
5 3 271
2 0 58
4 1 69
2 1 91
4 0 78
4 2 78
2 2 138
3 0 44
3 1 57
3 2 73
0 0 69
5 1 85
5 0 87
5 2 82
0 1 116
0 2 123
4 1 44
4 0 49
4 2 62
2 1 46
2 0 51
2 2 80
5 0 52
3 1 70
3 0 76
5 1 102
5 2 98
3 2 138
4 0 41
4 1 42
4 2 61
0 1 46
0 0 52
0 2 87
3 0 199
3 1 207
5 0 115
5 1 126
2 0 133
5 2 139
4 0 128
2 1 155
3 2 346
4 1 121
4 2 132
2 2 199
3 0 47
3 1 76
0 0 247
0 3 239
2 1 124
2 0 134
4 1 146
5 2 125
5 0 119
4 0 172
0 2 423
4 2 158
3 2 457
5 1 151
2 2 223
4 2 66
4 0 85
4 1 101
3 0 74
3 1 118
5 0 75
3 2 157
5 1 95
5 2 121
0 0 50
0 3 64
0 2 88
2 1 94
4 2 109
2 0 334
2 2 356
4 1 166
4 0 174
5 3 112
3 1 141
5 2 111
5 0 100
3 0 149
3 2 182
2 1 114
0 1 128
3 1 96
2 2 3961
0 0 3975
3 2 190
0 2 4043
2 0 265
3 0 226
0 3 72
0 2 96
4 2 95
4 1 223
0 0 256
4 0 240
5 0 104
5 2 140
2 0 146
5 3 163
2 1 472
3 1 442
4 2 410
3 0 516
0 1 87
4 0 469
4 1 468
0 0 123
2 2 599
3 2 579
0 2 197
5 0 42
5 1 51
5 2 59
4 1 40
4 2 49
4 0 49
3 0 38
3 1 64
3 2 84
2 1 271
2 0 265
2 2 268
0 0 37
0 2 91
0 1 91
5 1 60
5 0 62
5 2 86
4 1 71
4 0 72
4 2 95
3 0 44
3 1 56
3 2 71
2 0 37
2 2 68
2 1 70
4 0 127
5 0 113
0 0 127
4 1 143
4 2 154
5 1 158
3 0 91
5 2 163
0 3 159
3 1 117
0 2 189
3 2 146
4 1 45
4 0 50
4 2 57
2 0 52
2 1 51
2 2 87
3 0 50
5 0 65
5 1 101
5 2 95
3 1 92
3 2 115
0 0 38
0 1 54
0 2 76
4 1 39
4 0 40
4 2 67
2 0 46
5 0 53
2 1 86
5 2 91
5 1 106
2 2 138
3 0 40
3 1 59
3 2 90
4 1 46
4 2 47
4 0 60
0 0 38
5 0 57
0 3 143
5 2 71
5 3 70
0 2 173
2 1 67
2 0 71
2 2 126
3 1 93
4 0 105
3 0 113
4 1 75
3 2 147
4 2 69
5 0 46
5 2 49
5 3 60
0 0 65
0 1 74
4 1 70
4 2 84
4 0 83
0 2 123
3 0 55
3 1 75
2 0 47
2 1 81
2 2 120
3 2 295
5 0 45
5 1 54
5 2 58
4 1 41
4 0 49
4 2 55
3 0 41
3 1 54
3 2 88
0 1 49
0 0 74
0 2 79
2 0 39
2 1 56
2 2 79
5 0 38
5 1 57
5 2 56
4 1 43
4 0 46
4 2 48
3 0 53
3 1 52
3 2 84
5 0 41
5 2 49
5 1 56
4 0 126
4 1 118
0 0 108
0 1 113
2 0 127
4 2 134
2 1 130
2 2 185
3 0 37
3 1 77
3 2 95
0 2 433
5 0 43
5 1 63
5 2 62
4 1 49
4 0 53
4 2 56
2 0 40
2 1 62
2 2 103
0 1 276
3 1 124
5 1 150
4 1 135
0 0 321
3 0 165
5 2 151
4 2 152
5 0 169
4 0 156
0 2 371
3 2 253
3 0 54
3 1 262
4 2 248
4 0 276
2 1 266
4 1 290
5 2 270
0 0 103
2 0 330
5 0 300
0 1 103
5 1 314
3 2 414
0 2 215
2 2 469
4 1 43
4 0 46
4 2 55
3 0 51
3 1 75
5 0 63
5 2 86
5 3 95
3 2 148
2 0 43
2 1 56
2 2 87
0 0 40
0 1 48
0 2 243
4 2 83
5 1 94
4 1 115
5 2 111
4 0 133
5 0 122
3 1 75
3 0 86
3 2 112
2 0 42
2 1 57
2 2 89
4 1 40
4 0 46
4 2 63
5 0 44
5 2 50
5 1 72
0 0 268
0 3 281
3 1 264
3 0 275
0 2 348
3 2 164
4 0 46
4 1 43
4 2 59
2 0 38
2 1 56
2 2 84
5 0 38
5 2 45
5 1 65
3 0 40
3 1 44
3 2 97
0 1 64
0 0 75
4 2 70
4 0 71
4 1 69
0 2 117
5 3 97
5 2 101
5 0 121
2 0 70
2 1 77
2 2 95
3 0 50
3 1 56
3 2 104
4 0 43
4 1 42
4 2 54
5 0 57
0 0 56
5 1 79
5 2 94
0 3 85
0 2 118
3 0 230
2 0 64
3 1 240
2 1 81
3 2 147
2 2 171
5 0 40
5 1 52
5 2 57
3 0 47
0 0 57
0 1 66
3 1 68
0 2 132
2 0 41
2 1 50
3 2 420
5 0 45
5 3 57
5 2 59
2 2 221
3 0 36
3 1 55
3 2 83
0 0 65
5 0 70
5 2 89
0 1 95
5 1 98
0 2 325
2 0 38
2 1 51
2 2 86
3 0 43
3 1 50
3 2 76
5 0 85
5 3 88
5 2 54
0 0 43
0 1 50
2 0 44
0 2 193
2 1 61
2 2 93
2 0 61
0 0 54
2 1 75
0 1 80
2 2 216
0 2 431
2 0 46
2 1 52
2 2 87
0 0 41
0 1 47
0 2 289
2 0 702
2 1 1868
0 3 1947
0 0 1961
2 0 46
2 1 54
2 2 2705
2 2 194
0 2 2160
0 1 46
0 0 50
0 2 91
2 0 41
2 1 52
2 2 81
0 0 43
0 3 57
0 2 83
2 0 42
2 1 53
2 2 80
0 0 51
0 3 57
0 2 80
2 0 45
2 1 74
2 2 79
