0 1 324
0 0 326
0 0 42
0 1 46
1 0 198
0 0 64
0 1 36
1 1 1137
1 2 105
1 3 110
0 1 118
0 0 122
1 0 78
1 1 162
0 1 41
0 0 39
2 1 40
2 0 47
1 0 87
1 1 153
0 0 38
0 1 39
2 1 35
2 0 38
1 0 143
1 1 212
0 0 37
0 1 37
2 1 34
2 0 34
1 0 63
1 2 64
2 0 106
2 1 105
1 0 210
0 0 195
0 1 183
1 1 268
1 0 54
1 1 101
2 1 70
2 0 73
0 1 41
0 0 42
1 0 111
1 1 168
2 1 40
2 0 43
0 1 37
0 0 40
1 0 64
1 1 284
2 1 60
2 0 61
0 0 40
0 1 39
1 0 62
1 1 192
2 1 38
2 0 42
0 0 41
0 1 38
1 1 77
1 0 77
2 0 38
2 1 39
3 0 101
1 0 109
0 0 43
0 1 43
1 1 313
3 1 322
2 0 37
2 1 37
3 0 67
1 0 67
3 1 175
1 1 151
0 0 76
0 1 72
2 1 36
2 0 43
3 0 73
3 1 94
1 2 54
1 3 65
0 1 61
0 0 59
3 0 61
3 1 176
2 1 41
2 0 44
1 3 51
1 0 51
3 0 58
3 1 174
0 0 180
0 1 174
2 1 54
1 0 55
2 0 59
1 1 104
4 0 176
3 0 181
4 1 180
3 1 227
2 1 42
2 0 51
0 0 59
0 1 58
1 0 64
1 1 100
4 0 33
4 1 49
3 0 60
3 1 99
1 0 96
2 1 53
2 0 55
4 0 64
4 1 66
1 1 166
0 1 39
0 0 37
3 3 39
3 1 81
4 0 42
4 3 47
1 2 67
1 0 67
2 1 74
2 0 77
3 0 73
3 2 96
0 1 74
0 0 74
4 0 43
4 1 62
1 0 63
3 0 65
1 1 116
3 1 117
2 1 40
2 0 40
4 0 42
4 1 55
0 1 36
0 0 42
3 0 41
1 0 66
4 0 53
4 3 55
3 1 190
1 1 124
2 1 38
2 0 38
0 1 35
0 0 36
4 0 43
4 1 64
3 0 69
3 1 104
1 0 57
1 1 84
2 1 33
2 0 37
4 0 41
4 3 55
3 0 66
3 1 88
0 1 48
1 0 48
0 0 49
1 1 85
4 0 33
2 0 36
4 1 69
2 1 38
3 0 54
3 1 79
1 0 60
1 2 66
0 0 55
0 1 55
4 0 55
4 1 60
2 0 36
2 1 39
3 0 57
3 2 55
4 0 46
1 3 69
1 0 75
4 3 81
3 0 83
3 2 91
0 0 124
5 1 92
2 1 127
2 0 135
0 1 154
5 0 146
4 0 69
4 3 100
1 0 52
1 1 80
5 0 183
4 0 55
5 1 206
4 3 78
2 1 49
3 0 116
2 0 62
3 1 128
0 1 40
0 0 40
1 1 69
1 0 71
4 0 40
4 3 55
5 0 42
5 1 65
3 0 57
3 2 68
2 0 40
2 1 35
4 1 80
0 0 87
1 0 97
1 2 109
0 1 94
4 0 93
5 0 61
5 1 91
3 0 52
3 1 83
4 0 45
2 0 48
2 1 51
4 1 80
1 0 69
1 1 97
5 0 38
5 1 52
0 0 37
0 1 37
3 0 60
3 1 104
4 0 39
4 3 58
5 0 51
5 1 56
1 0 68
2 0 38
2 1 41
1 1 112
3 2 57
3 0 61
4 0 33
4 3 57
0 1 44
0 0 49
5 0 38
5 1 52
1 1 74
1 0 83
2 0 39
2 1 34
4 0 37
4 1 63
3 0 69
3 1 100
5 0 33
5 1 52
0 1 35
0 0 37
1 2 57
1 0 62
4 0 37
4 3 77
3 0 72
2 1 40
3 1 103
2 0 48
5 0 38
5 1 55
4 0 197
4 1 213
1 2 95
0 0 83
0 1 88
1 0 109
3 3 143
3 1 163
5 0 37
5 1 66
2 0 158
2 1 163
4 0 35
4 3 56
1 0 57
3 2 70
1 1 114
3 0 67
5 1 54
5 0 53
2 1 67
2 0 67
0 1 81
0 0 81
4 0 49
4 3 55
3 0 59
3 2 72
5 0 43
1 0 89
5 1 76
1 1 139
4 0 43
4 1 46
0 0 39
0 1 47
2 0 39
2 1 42
5 0 161
5 1 198
3 2 103
3 0 105
1 0 93
1 2 151
4 0 47
4 1 64
2 1 37
2 0 38
5 0 42
5 1 55
0 1 52
0 0 52
3 0 61
3 2 62
4 0 41
4 3 57
1 1 69
1 0 311
5 0 47
5 1 54
4 0 46
4 3 62
3 0 62
2 1 41
2 0 41
3 1 133
1 0 54
0 0 46
0 1 44
1 1 86
5 0 35
5 1 54
4 0 38
4 1 51
3 0 42
3 1 83
2 1 35
2 0 36
1 0 165
1 1 183
0 1 50
0 0 50
5 0 52
4 0 50
5 1 77
4 1 60
3 0 53
3 1 98
2 1 33
2 0 40
4 0 36
4 3 57
5 0 54
5 1 52
0 0 53
0 1 55
3 3 59
3 0 82
4 0 33
4 3 57
5 0 52
2 1 52
2 0 52
5 1 61
3 2 60
3 0 63
4 0 36
4 3 63
0 1 42
0 0 42
5 0 37
5 1 53
2 1 34
2 0 35
3 1 83
3 0 87
4 0 43
4 3 53
5 0 36
5 1 67
0 0 38
0 1 40
4 0 44
3 0 68
4 3 79
2 1 41
2 0 45
5 0 43
3 1 287
5 1 50
4 0 31
4 3 53
0 1 49
3 0 66
3 2 67
0 0 68
5 0 166
2 1 47
2 0 46
5 1 70
4 0 40
4 3 55
3 0 68
3 1 68
5 0 35
5 1 50
0 0 37
0 1 37
2 1 44
4 0 49
2 0 50
4 1 57
3 0 86
5 0 43
3 1 111
5 1 63
4 0 33
4 3 46
5 0 43
5 1 68
3 0 65
3 1 93
4 0 34
4 3 59
5 0 37
5 1 54
3 1 73
3 0 80
5 0 32
5 1 50
5 0 35
5 1 48
5 0 35
5 1 49
5 0 38
5 1 49
5 0 32
5 1 55
5 0 33
5 1 47
5 0 39
5 1 50
5 0 37
5 1 53
5 0 36
5 1 53
5 0 32
5 1 54
5 0 32
5 1 50
5 0 40
5 1 49
5 0 41
5 1 45
