0 3 483
0 2 497
0 1 1015
0 0 241
0 2 250
0 3 304
1 1 261
1 2 279
1 0 293
0 3 223
0 2 249
0 0 289
1 2 346
1 3 380
1 1 372
0 1 347
0 0 385
0 2 414
1 2 259
1 0 265
1 1 282
0 3 319
0 2 324
0 1 382
1 2 367
1 3 363
1 0 383
0 0 283
0 1 363
0 2 420
1 0 210
1 2 261
1 1 275
0 0 277
0 1 301
0 2 351
1 2 248
1 3 249
1 1 788
0 3 299
0 0 333
0 2 370
1 3 231
1 2 254
1 1 305
2 1 409
2 2 494
2 0 561
0 2 477
0 0 558
0 1 1216
1 1 810
1 2 854
1 0 1122
2 0 700
0 0 701
2 3 834
2 2 1001
0 2 1048
1 2 581
1 0 686
1 3 712
2 2 384
2 3 708
1 3 309
0 0 665
0 2 683
1 2 454
0 3 837
2 2 225
2 3 267
0 2 525
0 3 565
0 0 778
0 1 3626
1 2 919
1 0 1277
2 3 838
2 1 3245
1 1 1551
2 0 1158
0 1 683
1 1 2903
2 2 1225
2 1 2336
0 3 839
0 2 1076
1 2 535
1 0 817
1 3 908
3 0 180
2 2 877
2 3 948
0 2 802
0 1 858
2 1 1435
3 1 1152
0 0 1269
1 2 843
3 2 1409
3 0 212
1 1 1209
1 3 1330
0 2 661
2 2 976
3 1 1210
2 3 1079
2 1 1158
3 2 1324
3 0 70
0 0 1138
1 3 876
0 3 1511
1 2 941
1 1 1068
3 2 871
3 1 895
3 0 72
2 1 1020
2 3 1018
0 2 1245
0 3 1257
2 2 1307
0 0 1348
1 2 895
1 3 950
1 0 950
3 2 917
3 1 918
2 2 475
2 0 715
3 0 104
2 1 1158
0 0 1027
0 1 1049
1 3 894
0 2 1319
3 2 1131
3 1 1207
1 1 1137
2 2 891
2 3 951
1 2 1392
2 0 1101
3 0 77
0 2 953
0 3 975
0 1 1000
1 3 616
3 1 950
3 0 69
1 2 1062
3 2 1278
1 1 1085
2 3 887
2 2 907
2 1 999
0 2 711
0 0 763
3 3 757
0 1 1026
3 2 822
3 0 67
2 1 752
1 0 1103
2 3 924
1 2 1165
1 1 1172
2 2 1053
3 3 725
0 2 1162
0 0 1191
0 1 1226
3 1 1048
3 0 75
1 0 1081
1 3 1098
2 1 1192
2 3 1206
2 2 1269
3 2 1003
1 2 1312
3 1 1073
0 3 999
0 0 999
0 2 1011
3 0 216
1 0 888
1 3 910
1 2 1205
2 0 970
3 3 1147
2 2 1211
0 2 938
2 3 1289
0 0 1080
0 1 1131
3 2 1411
3 0 85
1 0 818
1 2 1135
1 3 1297
0 0 620
3 1 906
2 1 876
3 3 989
0 3 716
2 0 990
2 2 988
3 0 243
0 2 1004
3 3 1145
1 0 1006
1 1 1021
2 0 1106
1 2 1183
3 2 1444
2 1 1172
3 0 68
2 2 1479
0 0 1199
0 1 1252
0 2 1256
1 1 1182
3 1 963
2 1 967
1 3 1367
3 0 70
2 2 1192
3 3 1305
1 2 1611
2 0 1668
0 3 1201
0 1 1234
0 2 1468
3 1 1262
3 0 63
1 0 993
3 2 1485
1 3 1055
2 3 1074
2 1 1097
2 2 1374
1 2 1629
3 2 880
0 1 1201
3 3 1036
0 2 1237
0 0 1357
3 0 73
2 2 650
1 1 873
1 3 1006
2 0 1049
2 3 1077
1 2 1251
3 2 871
3 1 1128
0 2 997
0 3 1017
0 0 1176
3 0 70
1 3 783
2 2 806
1 0 1109
3 2 772
2 3 1089
1 2 1326
2 0 1160
3 1 882
0 3 688
0 0 825
3 0 66
0 2 1379
1 2 961
3 3 880
1 1 1296
2 0 757
1 3 1294
3 1 1215
2 2 1020
3 0 88
2 1 1156
0 3 1013
0 2 1038
0 1 1069
3 2 576
3 3 1057
3 0 67
1 2 1052
1 1 1245
2 2 976
2 0 1103
1 3 1458
2 1 1182
0 1 1007
0 3 1010
3 3 896
3 2 951
0 2 1254
3 0 70
1 3 670
1 2 731
1 1 935
2 3 810
2 2 923
0 1 808
3 1 873
0 0 913
2 0 1223
3 2 916
3 0 248
0 2 1324
1 1 909
1 2 1056
2 2 746
0 2 959
3 1 1149
1 0 1216
2 0 834
3 3 1197
0 3 1214
3 0 85
0 0 1312
2 1 1122
3 3 746
3 1 920
1 1 1000
1 2 995
1 3 1052
3 0 71
2 0 891
2 2 907
2 3 1035
0 0 1191
0 1 1203
0 2 1255
3 1 985
3 3 1173
3 0 63
1 3 1249
1 0 1266
2 1 1030
1 2 1374
0 1 936
2 0 1115
0 2 941
0 0 1079
2 2 1470
3 1 900
3 0 63
3 2 1058
2 2 951
2 1 1047
0 0 728
2 3 1209
1 1 1083
0 2 1004
3 2 1018
1 3 1153
1 2 1196
3 3 1047
0 1 1086
3 0 75
2 1 528
2 2 593
2 0 991
1 3 909
0 3 1064
0 0 1070
0 2 1139
3 2 1139
1 2 1183
3 1 1283
2 2 703
1 1 1350
2 1 904
2 3 924
3 0 72
0 2 742
0 1 848
0 0 970
3 2 880
1 2 861
1 1 896
3 1 1262
2 0 900
1 3 991
3 0 70
2 2 988
2 3 1190
3 2 862
0 2 998
0 0 1142
1 0 932
3 0 86
1 2 950
0 3 1506
3 3 1466
2 0 1254
2 3 1274
1 1 1512
2 2 1411
0 2 608
3 3 1165
0 0 1120
1 2 768
3 1 1370
0 1 1286
1 1 983
1 3 1020
2 0 783
3 0 207
2 2 982
2 3 1065
3 2 908
0 1 913
0 3 946
3 0 87
0 2 1198
3 1 1380
1 0 1043
1 2 1052
2 0 831
1 3 1104
2 2 912
2 3 1036
3 2 555
3 1 570
3 0 62
1 0 550
1 1 673
1 2 809
2 0 630
2 3 639
3 2 564
3 1 587
2 2 806
3 0 67
1 0 430
1 3 577
2 0 654
3 3 622
2 2 827
1 2 877
3 1 845
2 3 874
3 0 202
2 3 352
2 0 393
3 3 552
3 1 583
2 2 447
3 0 66
3 2 168
3 3 332
2 2 235
2 0 265
2 3 314
3 0 64
3 1 178
3 3 178
2 3 257
2 0 263
2 2 413
3 0 63
3 3 169
3 1 214
2 3 238
2 1 247
2 2 268
3 0 63
3 3 265
3 2 279
3 0 60
2 1 293
2 2 338
2 3 480
3 1 408
3 2 469
