0 0 336
0 1 465
0 0 103
1 0 172
0 1 7977
1 3 297
0 2 9637
0 0 450
0 1 282
1 1 966
0 2 8807
1 0 36
1 1 309
0 0 40
0 2 112
0 3 121
0 2 1070
1 3 827
1 0 32
1 1 98
1 2 337
0 0 128
0 2 124
0 3 144
1 0 71913
2 1 70447
2 0 70184
0 0 6350
3 0 596
4 1 3104
4 0 3141
4 2 3149
5 0 5237
5 2 327
5 3 20918
5 0 36
5 1 4047
5 2 4075
5 0 91
5 2 100
5 1 940
5 0 80
5 2 109
5 1 24313
5 2 6396
5 0 5504
5 1 7246
5 0 57
5 2 65
5 1 338
5 1 96
5 0 104
5 2 149
5 0 111
5 1 230
5 2 273
5 2 69
5 0 6148
5 1 171
5 0 75
5 2 433
5 0 155
5 3 2371
5 1 226
5 2 205
5 0 78
5 1 65
5 2 116
5 0 66
5 1 82
5 2 143
5 0 134
5 1 144
5 2 183
5 2 325
5 1 285
5 0 526
5 0 49
5 2 56
5 3 105
5 0 48
5 2 53
5 3 161
5 0 156
5 1 997
5 2 1146
5 0 57
5 1 83
5 2 126
5 0 102
5 2 137
5 1 124
5 0 72
5 1 95
5 2 118
5 0 43
5 1 50
5 2 103
5 0 174
5 2 204
5 3 228
5 0 71
5 2 120
5 3 147
5 0 54
5 1 98
5 2 96
5 2 127
5 0 138
5 1 151
5 0 68
5 2 90
5 1 163
5 0 42
5 1 89
5 2 124
5 0 71
5 2 78
5 1 95
5 1 72
5 0 64
5 2 88
5 3 75
5 0 80
5 2 125
5 0 62
5 1 96
5 2 118
5 1 132
5 2 139
5 0 163
5 0 86
5 1 223
5 2 260
5 0 51
5 3 73
5 2 112
5 0 61
5 2 87
5 1 97
5 0 54
5 1 111
5 2 113
5 0 50
5 2 55
5 3 119
5 0 55
5 1 58
5 2 85
5 0 53
5 3 73
5 2 123
