0 0 746
0 1 749
0 0 41
0 1 37
0 0 50
0 1 53
0 0 46
0 1 43
0 1 51
0 0 38
0 0 39
0 1 48
1 0 373
0 1 208
1 1 383
0 0 265
1 3 82
1 2 119
0 0 39
0 1 34
1 0 65
1 1 79
0 1 37
0 0 33
1 0 150
1 1 175
0 1 34
0 0 34
1 0 55
1 1 80
1 0 54
1 2 72
0 0 57
0 1 71
1 0 87
1 1 126
0 1 79
0 0 79
1 0 185
1 1 209
0 1 33
0 0 38
1 0 48
1 1 111
1 0 58
0 1 449
0 0 453
1 1 102
0 0 81
0 1 154
2 1 48
2 0 63
1 0 161
1 1 175
1 0 47
1 1 80
2 0 45
2 1 38
0 0 51
0 1 61
1 0 50
1 1 78
2 0 34
2 1 33
0 1 35
0 0 35
1 0 53
1 1 272
2 1 37
2 0 35
0 0 34
0 1 36
1 2 47
1 3 59
2 1 33
2 0 34
0 1 35
0 0 37
1 0 47
1 3 46
2 1 32
2 0 33
1 0 43
1 1 70
0 1 34
0 0 35
2 0 33
2 1 32
1 0 106
1 1 137
0 0 37
0 1 38
2 0 34
2 1 33
1 0 61
1 1 74
0 0 35
0 1 36
1 0 60
1 2 64
2 1 37
2 0 39
3 0 45
3 1 75
0 1 36
0 0 47
1 0 52
1 1 128
2 1 38
2 0 40
3 0 38
3 1 83
1 0 52
0 1 37
0 0 37
1 1 75
2 1 31
2 0 31
3 0 59
3 1 274
1 0 50
1 1 72
2 0 685
2 1 686
0 1 688
0 0 697
3 0 86
1 0 118
1 1 126
3 1 156
3 0 66
2 0 43
2 1 43
3 1 79
0 0 41
0 1 43
4 0 40
4 1 48
1 0 43
1 2 45
3 0 43
3 1 76
4 0 42
4 1 50
2 0 33
2 1 33
0 0 33
0 1 33
1 3 40
1 0 48
4 0 45
4 1 54
3 0 75
3 1 98
2 0 33
2 1 34
0 0 36
0 1 36
4 0 35
4 3 60
1 0 57
1 1 81
3 3 60
3 1 64
4 0 60
2 1 72
2 0 87
1 0 80
4 1 104
0 0 53
1 1 121
0 1 63
3 0 55
3 2 56
4 0 38
4 1 55
2 0 37
2 1 39
1 0 46
1 2 53
3 0 217
3 1 246
0 1 56
0 0 58
4 0 59
4 3 78
2 1 35
2 0 35
1 0 59
3 0 63
1 1 116
3 1 115
4 0 39
4 1 55
0 1 36
0 0 36
4 0 55
4 3 78
3 0 207
2 0 208
2 1 200
1 0 223
3 1 330
1 1 282
4 0 39
4 1 50
0 0 38
0 1 38
3 0 71
3 1 98
1 0 69
1 1 73
2 0 41
2 1 42
4 0 38
4 1 47
3 0 46
3 1 66
1 0 52
1 2 62
0 0 44
0 1 52
2 1 64
2 0 65
4 0 35
4 3 54
3 2 60
3 0 60
1 2 58
1 0 60
4 0 54
4 3 57
0 1 98
2 1 93
2 0 97
0 0 119
3 2 53
3 0 54
4 0 48
4 3 59
1 0 88
5 0 67
5 1 73
1 1 117
2 0 41
2 1 44
0 1 37
0 0 39
3 0 69
3 1 73
4 0 37
4 3 54
5 0 47
5 1 60
1 0 58
1 1 84
4 0 65
4 1 79
3 2 91
2 1 82
2 0 84
3 0 96
0 1 44
0 0 54
5 0 35
5 1 51
1 2 54
1 0 73
4 0 48
4 1 63
3 0 52
3 1 80
2 1 34
2 0 35
5 0 46
5 1 68
0 1 37
0 0 38
4 0 42
4 3 64
1 0 81
3 0 55
3 1 99
1 1 298
5 0 34
5 1 50
4 0 38
4 3 59
2 0 42
2 1 43
0 1 36
0 0 36
1 0 91
3 2 83
3 0 89
1 1 125
5 0 52
4 0 45
5 1 59
4 1 60
2 1 36
2 0 38
3 0 56
3 1 92
1 0 71
1 1 101
5 0 39
5 1 59
0 1 50
0 0 67
4 0 47
4 3 69
2 0 37
2 1 42
3 1 69
3 0 81
5 0 194
5 1 200
4 0 42
4 1 55
0 1 37
0 0 38
3 3 72
4 0 56
5 0 50
3 1 106
4 3 80
5 1 73
2 1 46
2 0 50
4 0 32
4 3 41
5 1 70
5 0 70
3 2 73
3 0 81
2 1 36
2 0 41
4 0 32
4 1 51
5 0 33
5 1 60
3 0 51
3 2 54
2 0 42
2 1 41
4 0 43
4 1 55
5 0 35
5 1 52
3 0 47
3 2 51
4 0 36
4 3 51
5 0 39
2 1 41
2 0 47
5 1 63
3 2 49
3 0 58
4 0 42
4 3 44
5 0 35
5 1 57
3 0 73
3 1 75
2 1 42
2 0 51
4 0 34
4 1 59
5 0 46
5 1 59
3 0 127
4 0 110
3 1 146
4 1 124
2 1 36
2 0 38
5 0 35
5 1 55
4 0 34
4 3 53
3 1 75
3 0 77
5 0 37
5 1 57
2 0 42
2 1 39
4 0 36
4 3 57
3 3 52
3 0 53
5 0 36
5 1 53
4 0 57
2 0 48
4 3 58
2 1 54
3 2 50
3 0 55
5 0 47
5 1 49
4 0 35
4 3 53
2 1 36
2 0 39
3 1 72
3 0 80
5 0 36
5 1 50
4 0 39
4 3 51
3 1 65
3 0 69
5 1 54
5 0 57
2 0 72
2 1 71
4 0 43
4 3 56
3 2 61
3 0 70
4 0 47
5 0 59
5 1 62
4 3 76
2 1 35
2 0 35
4 0 37
4 1 51
5 0 52
5 1 90
3 0 83
3 1 100
2 0 46
2 1 52
4 0 39
4 3 51
5 0 44
5 1 57
3 0 61
3 1 78
4 0 31
4 3 66
5 0 36
5 1 64
3 0 53
3 1 80
5 0 39
5 1 59
3 0 56
3 1 73
5 0 35
5 1 52
5 0 37
5 1 56
5 0 35
5 1 53
5 0 34
5 1 49
5 0 46
5 1 61
5 0 32
5 1 49
5 0 38
5 1 62
5 0 41
5 1 62
5 0 37
5 1 51
5 0 32
5 1 50
5 0 34
5 1 50
5 0 36
5 1 56
5 0 46
5 1 53
5 0 35
5 1 49
