0 3 391
0 0 404
1 3 59
1 1 261
0 2 8460
0 3 105
0 0 114
2 0 80
2 3 176
2 1 181
2 3 75
2 0 78
2 1 231
1 2 5094
0 2 1877
1 0 140
1 1 216
1 3 218
0 3 197
0 0 225
2 0 64
2 3 68
1 3 50
0 2 3827
2 2 3415
1 2 2836
0 2 98
2 0 81
0 3 139
2 3 100
3 1 51
3 0 57
4 2 33
4 1 36
4 0 46
3 3 829
3 1 27
3 0 31
3 3 46
4 2 24
4 0 28
4 1 28
3 1 27
3 0 29
3 3 32
4 2 25
4 1 26
4 0 28
3 0 23
3 1 25
4 2 23
4 0 24
4 1 25
4 0 24
4 2 25
4 1 32
3 3 1539
3 1 26
3 0 29
3 3 33
4 0 25
4 2 26
4 1 29
3 1 25
3 0 31
3 3 31
4 2 25
4 0 24
4 1 26
1 1 11045
3 0 31
3 1 36
3 3 43
1 2 39
1 0 66
1 1 151
0 1 8522
2 1 8472
4 2 37
4 0 36
4 1 50
2 2 46
0 1 169
2 3 135
0 0 181
0 3 153
2 1 161
3 1 26
3 0 31
3 3 47
1 2 54
1 0 76
4 2 27
4 0 34
1 3 87
4 1 34
3 0 40
3 1 46
5 0 34
5 1 38
2 1 141
0 3 132
2 0 162
0 0 156
4 0 23
4 2 27
4 1 29
1 0 174
1 3 171
4 0 24
4 2 23
4 1 24
4 0 24
4 2 29
4 1 29
4 1 24
4 2 24
4 0 29
4 1 26
4 2 25
4 0 27
2 2 4096
2 3 67
2 1 72
4 1 25
4 0 23
4 2 25
3 3 5074
0 2 5127
2 2 1015
5 3 5101
1 2 4513
3 1 45
3 0 49
3 3 83
4 0 65
4 2 66
4 1 75
5 0 79
5 1 82
2 1 267
2 0 264
1 0 262
1 3 185
0 1 196
0 3 202
3 1 22
3 0 24
4 2 23
4 1 25
4 0 25
4 2 22
4 1 23
4 0 24
4 1 26
4 2 23
4 0 29
4 2 22
4 1 24
4 0 25
2 2 4251
4 2 24
4 0 27
4 1 29
2 0 64
2 1 77
4 1 22
4 0 23
4 2 25
3 3 4770
0 2 5477
5 3 5465
1 2 5561
2 2 1205
2 2 70
5 0 78
5 1 80
5 3 90
2 1 210
3 1 32
2 3 348
3 0 38
3 3 51
0 1 246
1 3 361
1 1 370
1 0 378
0 0 277
4 1 93
4 0 104
4 2 56
0 3 313
5 1 29
5 3 29
5 0 130
3 1 120
3 0 39
3 3 57
2 2 61
2 3 111
2 0 131
4 1 34
4 2 30
4 0 33
1 3 167
0 2 69
1 0 191
1 1 200
0 0 116
0 3 120
5 1 38
3 0 35
5 0 42
5 3 41
3 1 40
3 3 46
2 2 37
2 3 67
2 1 69
4 0 27
4 1 25
4 2 30
1 3 65
1 1 85
1 0 93
0 2 38
0 3 88
0 1 98
5 3 46
5 0 47
5 1 55
3 3 53
3 1 54
3 0 57
4 0 24
4 2 24
4 1 25
2 2 31
2 0 54
2 1 84
1 2 32
1 3 119
5 0 56
5 1 59
3 0 59
5 3 61
3 1 62
3 3 66
1 0 172
0 3 80
0 1 149
4 0 24
4 1 24
4 2 23
2 3 79
2 1 102
2 0 106
5 3 140
0 2 905
5 0 145
3 1 55
3 3 50
5 1 151
3 0 61
4 2 42
4 0 69
4 1 51
1 2 97
1 0 130
1 3 139
0 2 41
0 3 91
0 0 91
2 2 39
2 1 67
2 0 74
5 0 34
5 1 33
3 0 38
3 1 40
5 3 45
3 3 48
4 0 25
4 2 30
4 1 34
1 1 100
0 2 37
1 0 120
1 3 122
0 3 102
0 0 106
5 0 85
3 1 39
5 1 94
3 0 51
5 3 75
2 2 79
3 3 73
2 3 124
2 0 128
4 0 25
4 2 24
4 1 25
5 0 29
5 1 30
5 3 46
1 0 152
3 1 66
3 0 40
3 3 94
1 3 189
0 2 61
1 1 215
2 2 56
4 2 39
4 0 36
4 1 36
0 3 254
0 1 279
2 0 206
2 3 219
5 0 24
5 1 28
5 3 33
3 0 26
3 1 26
3 3 34
1 2 44
4 0 34
4 2 37
4 1 44
1 0 124
1 1 130
0 2 41
2 0 138
2 3 142
0 3 138
0 0 151
2 1 163
5 1 23
5 3 24
5 0 27
3 1 22
3 0 30
3 3 34
4 0 21
4 1 22
4 2 23
2 2 76
1 2 45
2 3 152
2 0 172
0 2 34
1 0 152
1 3 168
0 1 90
0 3 119
5 1 36
5 3 43
3 1 40
5 0 53
3 0 45
3 3 59
4 0 25
4 2 24
4 1 26
2 3 57
2 0 62
1 0 67
5 0 27
1 3 72
5 1 30
3 1 27
3 0 34
0 0 120
0 3 118
4 0 24
4 1 25
4 2 25
4 0 21
4 2 23
4 1 23
4 2 22
4 0 23
4 1 27
4 1 22
4 0 23
4 2 22
1 2 3215
3 3 3039
0 2 3110
2 2 3350
5 3 3219
3 0 59
3 1 55
3 3 131
5 0 38
5 1 39
1 2 137
0 2 170
2 2 155
5 3 86
4 0 43
4 1 45
4 2 59
1 0 266
0 3 297
1 3 321
0 1 322
2 3 327
2 0 328
3 0 24
3 3 32
3 1 32
5 1 30
5 0 32
5 3 41
4 2 29
4 1 29
4 0 44
2 2 46
1 2 50
2 0 118
0 2 50
2 1 131
1 3 130
0 0 135
0 1 184
1 0 210
3 1 22
3 0 25
3 3 26
5 1 21
5 0 26
5 3 58
2 2 29
2 3 69
2 0 86
1 2 42
0 2 47
1 1 104
1 3 106
0 1 124
0 3 142
3 1 26
3 0 30
3 3 53
5 0 39
5 1 37
5 3 38
2 2 32
2 3 69
2 0 79
3 0 58
5 0 52
1 2 140
3 1 69
5 1 63
0 2 136
3 3 105
5 3 89
1 3 221
0 3 221
1 0 244
0 0 229
2 3 76
2 0 88
2 1 94
3 3 26
3 1 28
3 0 28
5 1 25
5 0 30
5 3 36
0 2 36
1 0 124
1 3 125
1 1 129
0 3 140
0 1 152
3 1 28
3 0 29
2 2 44
3 3 54
5 0 36
5 1 38
5 3 41
2 1 110
2 3 114
1 2 36
0 2 42
1 1 106
1 3 108
0 3 122
0 0 126
3 1 23
3 0 28
3 3 34
5 0 24
5 1 26
5 3 35
2 0 90
2 1 95
2 3 94
1 2 84
3 1 43
3 0 46
5 1 41
5 0 50
5 3 64
3 3 69
1 3 195
0 0 231
1 1 274
0 1 267
0 3 275
2 0 104
2 3 117
2 1 117
3 1 21
3 0 22
5 1 24
5 0 31
1 0 90
1 3 121
0 3 121
0 1 124
5 3 504
0 2 264
3 3 551
2 3 102
2 0 112
3 1 23
3 0 24
5 1 20
5 0 22
3 3 74
5 3 53
1 2 1075
2 2 898
0 2 43
0 0 82
0 1 97
1 2 127
3 1 31
3 0 33
3 3 33
5 0 37
5 1 44
2 0 228
5 3 50
2 1 237
2 3 254
1 3 272
1 0 344
3 1 72
3 3 74
3 0 74
5 0 40
5 1 40
0 2 123
5 3 73
2 2 119
1 2 49
2 0 212
0 3 234
0 1 247
1 0 166
1 1 167
2 3 284
3 1 34
3 0 39
5 0 32
5 3 39
3 3 53
5 1 42
2 2 58
2 0 110
0 2 36
2 3 134
0 3 85
0 1 92
1 2 36
1 0 76
1 1 80
3 1 32
3 0 33
5 1 31
5 0 33
3 3 38
5 3 42
2 2 40
2 3 66
2 1 72
0 0 77
0 1 94
0 3 95
1 2 34
1 1 74
1 3 75
3 3 36
3 0 48
5 1 41
5 3 42
3 1 51
5 0 49
2 2 32
2 3 62
2 1 71
0 2 33
0 3 68
0 0 72
5 1 28
5 0 29
5 3 34
1 2 42
1 0 78
1 3 86
2 0 63
2 1 66
5 1 21
5 0 22
5 3 57
2 2 482
0 3 79
0 0 83
1 3 60
1 0 62
2 3 57
2 0 60
5 1 21
5 0 22
0 2 1443
1 2 1310
2 2 884
5 3 780
5 1 41
5 0 49
5 3 59
1 2 75
0 3 203
2 0 236
0 0 283
2 1 263
2 3 275
0 1 334
1 3 361
1 1 362
5 1 23
5 0 24
5 3 28
1 2 52
2 2 65
2 3 195
0 0 186
0 1 196
1 0 208
0 3 208
2 1 231
1 3 229
5 1 21
5 0 25
5 3 38
2 3 75
2 1 86
2 0 89
0 2 36
0 3 120
0 0 148
1 1 149
1 0 150
1 3 169
5 0 25
5 1 26
5 3 37
2 2 34
2 0 68
2 3 69
5 1 30
5 0 31
0 2 74
5 3 68
1 2 121
1 0 173
1 3 188
0 3 169
0 0 215
5 0 22
5 1 26
5 3 33
1 2 36
0 3 98
0 0 114
1 0 116
0 1 388
1 1 423
0 2 48
1 2 53
0 1 121
1 0 122
1 3 131
0 0 150
1 2 34
1 1 150
0 3 153
0 0 163
1 0 173
0 1 173
1 2 49
0 2 55
1 0 125
0 3 121
1 3 140
0 0 147
0 3 87
0 0 105
1 1 118
1 0 119
1 2 826
0 2 827
