0 0 314
0 2 448
0 3 763
0 0 56
0 2 88
0 3 437
0 0 40
0 2 97
0 3 434
0 0 34
0 2 55
0 3 461
0 0 56
0 2 84
0 3 514
0 0 83
0 2 92
0 3 470
0 0 78
0 2 88
0 3 501
0 0 32
0 2 99
0 3 483
0 0 44
0 2 58
0 3 460
1 0 37
1 2 101
0 0 59
0 2 81
1 3 910
0 3 749
1 0 42
1 2 107
0 0 47
0 2 87
1 3 794
0 3 732
1 0 42
1 2 95
0 0 32
0 2 58
1 3 783
0 3 744
1 0 30
1 2 89
0 0 45
0 2 59
1 3 732
2 0 37
2 2 105
0 3 806
1 0 33
1 2 53
0 0 36
0 2 57
2 0 42
2 2 64
2 3 1330
1 0 33
1 2 49
1 3 1428
0 0 120
0 2 135
0 3 1242
2 0 40
2 2 58
1 0 35
1 2 54
0 0 38
0 3 1110
0 2 52
2 0 35
2 2 53
1 0 34
1 2 56
0 0 35
0 2 51
1 3 2741
2 0 130
2 2 146
2 3 3653
1 0 32
1 2 65
2 3 2886
0 0 62
2 0 84
0 2 97
2 2 137
1 0 33
1 2 63
2 0 86
0 0 45
2 2 154
0 2 94
1 0 32
1 2 52
2 0 53
0 0 52
1 3 4743
2 2 126
0 2 138
1 3 1621
2 3 4437
2 3 3630
0 3 5078
0 3 4072
2 0 38
1 0 36
1 2 73
2 2 112
0 0 45
0 2 95
2 0 43
2 2 50
1 3 5603
1 0 35
1 2 52
0 0 40
0 2 65
2 0 41
2 2 59
1 0 32
1 2 51
0 0 46
0 2 88
2 0 46
2 2 70
1 0 57
0 0 41
1 2 124
0 3 11562
1 3 11852
2 3 10545
2 3 11542
0 2 4694
2 0 4217
2 2 3028
1 0 40
1 2 70
0 0 35
0 2 68
1 3 10266
0 3 11481
0 3 10784
1 0 44
0 0 38
0 2 116
1 2 129
2 3 11143
0 3 7718
1 0 31
1 2 48
0 0 36
2 3 11254
0 2 61
0 3 10246
0 3 11627
1 0 32
1 2 48
1 3 11006
2 3 11580
1 3 12459
0 0 34
0 2 55
2 3 11031
1 2 63
1 0 62
0 0 37
0 2 54
1 3 9893
2 3 10832
0 3 10157
1 3 11927
1 0 31
1 2 48
0 0 35
0 2 47
1 0 42
1 2 59
1 3 6861
0 0 38
0 2 69
0 3 6000
1 0 205
1 2 227
0 0 48
0 2 70
0 3 5659
0 3 8250
1 3 6343
1 0 31
1 2 48
1 3 7750
1 3 5699
0 0 33
0 2 49
0 3 5600
1 0 46
1 2 48
0 0 33
0 2 50
1 3 5932
0 3 5951
1 2 51
1 0 51
1 3 5765
0 0 35
0 2 48
0 3 5633
0 3 4715
1 3 5158
1 0 46
1 2 66
0 0 35
0 2 56
1 3 5033
0 3 4899
1 0 45
1 2 47
1 3 4635
0 0 38
0 2 65
0 3 5005
1 0 29
1 2 49
1 3 3403
0 3 4460
0 0 32
0 2 49
0 3 3883
1 3 5278
1 0 32
1 2 51
1 3 3524
0 0 33
0 2 75
0 3 3955
0 3 2942
1 0 31
1 2 49
0 0 38
0 2 60
1 3 3952
1 0 31
1 2 57
0 3 3212
1 3 3518
0 3 2799
1 3 3038
1 3 2075
0 3 1973
1 0 32
1 2 51
1 3 1642
1 3 660
1 0 32
1 2 50
1 3 471
1 0 30
1 2 91
1 3 430
1 0 31
1 2 49
1 3 460
1 0 29
1 2 66
1 3 432
1 0 34
1 2 50
1 3 459
1 0 38
1 2 63
1 3 430
1 0 44
1 2 53
1 3 459
