0 4 534
0 3 582
0 1 612
0 5 607
0 0 655
0 2 664
0 6 663
0 0 377
0 2 378
0 1 373
0 3 385
0 6 380
0 5 375
0 4 383
0 2 384
0 1 385
0 0 385
0 3 387
0 5 385
0 6 378
0 4 387
0 0 190
0 2 196
0 4 196
0 1 434
0 3 441
0 6 457
0 5 465
0 6 301
0 1 325
0 5 342
0 0 361
0 2 378
0 3 389
0 4 476
0 5 213
0 6 253
0 4 259
0 0 314
0 1 319
0 3 357
0 2 376
0 1 187
0 2 201
0 6 182
0 3 384
0 0 408
0 5 393
0 4 406
0 1 258
0 2 282
0 3 297
0 5 316
0 0 342
0 4 351
0 6 427
0 3 258
0 5 298
0 6 325
0 2 361
0 0 365
0 1 387
0 4 387
0 6 228
0 3 231
0 0 267
0 2 263
0 4 316
0 1 362
0 5 351
0 6 99
0 5 440
0 1 485
0 3 476
0 2 520
0 4 490
0 0 682
0 3 217
0 4 244
0 2 279
0 0 325
0 5 343
0 1 351
0 6 363
0 4 250
0 6 316
0 5 321
0 1 322
0 2 344
0 3 341
0 0 367
0 4 239
0 2 282
0 1 286
0 0 329
0 6 336
0 3 361
0 5 364
0 6 279
0 4 288
0 5 294
0 0 336
0 3 324
0 1 338
0 2 361
0 0 313
0 4 327
0 3 334
0 1 350
0 6 347
0 2 367
0 5 379
0 3 386
0 5 417
0 0 445
0 1 455
0 4 446
0 6 463
0 2 464
0 2 244
0 1 267
0 3 301
0 5 300
0 6 316
0 4 414
0 0 438
0 1 140
0 0 287
0 5 330
0 3 340
0 4 365
0 2 377
0 6 385
0 1 209
0 4 257
0 3 268
0 6 272
0 0 287
0 5 351
0 2 365
0 1 272
0 2 272
0 4 273
0 5 333
0 3 340
0 6 334
0 0 383
0 2 295
0 5 333
0 0 343
0 1 345
0 6 336
0 3 339
0 4 338
0 0 352
0 6 343
0 5 343
0 1 361
0 4 344
0 2 344
0 3 345
0 0 259
0 6 323
0 2 339
0 3 357
0 5 359
0 4 361
0 1 394
0 2 362
0 6 346
0 5 381
0 3 391
0 0 425
0 4 397
0 1 430
0 4 311
0 6 321
0 2 354
0 0 397
0 3 384
0 5 383
0 1 426
0 0 304
0 6 294
0 3 322
0 4 320
0 5 331
0 2 354
0 1 370
