0 0 319
0 1 456
0 2 665
0 0 30
0 5 114
1 0 43
1 2 414
2 0 32
2 4 123
2 1 132
2 0 33
2 4 69
2 5 82
2 5 180
2 4 183
3 0 30
3 2 592
4 5 143
4 4 149
5 4 94
5 5 109
0 3 17965
0 0 44
0 1 52
0 4 79
1 3 12026
1 0 35
1 4 156
1 5 150
0 0 25
0 4 58
0 5 67
1 0 23
1 2 54
0 5 100
0 4 117
2 3 16863
1 3 6184
2 0 36
1 4 222
2 1 88
1 5 250
2 2 127
3 3 16871
5 3 10144
0 3 6902
1 3 1018
2 0 73
5 0 29
2 5 344
3 4 561
0 0 35
3 5 592
4 3 12420
5 3 236
3 3 694
2 3 504
0 1 179
5 2 571
1 3 358
1 4 362
1 5 369
4 0 42
4 1 253
2 0 64
5 0 50
3 3 216
2 1 210
3 4 226
5 4 219
2 4 260
5 5 243
4 2 519
3 5 408
0 2 1223
0 0 39
1 0 38
4 0 31
3 0 28
0 5 188
0 3 199
1 2 218
4 5 188
3 2 129
1 3 244
5 0 48
2 0 37
3 3 358
4 3 460
5 2 191
5 3 209
2 5 197
2 4 215
4 0 24
4 1 69
4 4 94
3 0 36
0 0 42
1 0 36
3 4 279
3 5 278
0 1 142
5 3 170
5 4 202
0 4 210
1 4 234
5 5 248
1 5 310
2 3 168
2 5 164
4 0 26
2 4 365
3 0 33
4 5 94
3 3 106
4 4 183
3 2 145
5 3 96
5 5 100
5 4 104
0 0 29
0 5 68
0 4 105
1 0 44
2 0 41
2 1 170
1 3 196
1 2 219
4 3 159
3 4 130
2 2 336
3 3 170
3 5 176
4 5 230
4 4 236
5 0 36
5 2 92
5 3 132
0 4 91
0 5 102
0 3 158
4 0 28
2 0 36
4 1 151
1 5 239
1 4 243
4 2 232
3 5 212
3 4 223
5 0 29
2 5 263
1 3 369
2 3 329
5 4 143
5 5 140
3 3 348
4 0 26
3 0 27
4 5 79
4 3 81
3 2 90
0 0 33
3 3 120
0 1 99
0 2 111
2 0 31
5 0 41
2 1 138
5 3 191
2 4 249
1 3 232
5 2 242
1 5 264
1 4 276
4 0 24
4 4 69
3 0 26
4 1 80
3 4 86
3 5 91
5 5 119
5 4 125
0 0 29
2 0 44
5 3 201
0 3 108
2 5 125
0 5 129
1 0 31
2 4 178
1 2 81
1 3 89
4 0 38
3 0 34
4 5 108
4 4 124
3 3 92
3 2 276
5 3 109
5 4 121
5 5 138
2 5 101
2 4 112
2 3 139
0 0 25
0 1 137
0 4 145
1 0 31
1 5 212
1 4 222
4 3 215
4 4 224
4 5 248
5 0 27
3 3 298
3 5 303
5 2 132
3 4 345
5 3 145
2 0 25
2 1 66
2 2 184
4 0 25
0 0 29
4 1 115
3 3 155
3 4 170
5 0 31
1 0 30
4 2 293
1 3 170
5 5 241
0 5 377
3 5 438
1 2 253
0 4 393
5 4 262
2 0 123
3 0 31
4 0 51
2 3 213
5 0 24
3 2 190
2 5 303
3 3 241
4 5 236
4 3 253
5 2 154
0 5 85
0 4 91
1 4 107
1 5 109
3 0 27
4 0 28
4 1 121
2 0 32
3 5 211
4 4 219
3 4 240
2 1 104
2 4 154
0 3 1002
5 3 1163
1 3 930
5 5 91
5 3 138
0 0 23
5 4 176
4 0 30
3 0 37
0 1 133
0 2 341
4 5 300
1 3 518
4 4 524
3 3 537
3 2 543
1 5 539
1 4 561
2 0 52
2 5 92
2 4 100
5 5 106
5 4 126
5 3 128
4 3 131
3 5 187
4 5 191
3 4 204
3 3 208
4 4 325
0 0 33
1 0 34
1 3 124
0 3 141
1 2 173
0 5 194
2 3 137
2 4 141
2 5 152
5 0 26
5 3 70
5 2 76
4 0 28
3 3 168
4 1 164
3 5 187
3 4 195
4 2 197
0 0 30
0 4 91
0 1 94
1 0 24
2 0 29
5 0 33
1 5 143
2 1 107
5 4 165
1 4 232
5 5 188
4 0 27
3 0 28
2 2 267
4 5 128
3 3 305
3 2 332
4 3 382
5 0 25
5 2 50
5 3 93
0 0 26
2 0 47
3 0 46
4 0 40
1 0 30
4 1 178
0 5 267
2 3 239
1 3 198
1 2 198
4 4 268
0 4 337
3 4 299
3 5 328
2 5 336
5 5 85
5 4 91
5 3 96
4 0 23
3 0 32
2 0 26
3 3 117
4 5 304
4 4 383
0 3 167
2 1 352
1 3 227
3 2 464
0 4 246
2 4 410
1 4 251
1 5 272
0 5 287
5 3 310
5 5 317
5 4 339
4 3 289
3 3 195
4 4 425
2 0 28
4 5 457
3 4 407
0 0 51
3 5 571
5 0 31
2 4 407
0 1 444
4 0 29
2 5 562
5 3 417
1 3 532
1 4 553
3 3 225
4 1 345
1 5 575
0 2 904
5 2 736
3 4 454
2 3 102
3 5 470
2 4 152
4 2 608
2 5 169
0 0 56
4 0 46
1 0 139
5 0 37
0 3 321
3 0 25
0 5 388
1 3 371
4 5 422
1 2 383
4 3 439
5 4 319
3 3 222
5 5 351
3 2 251
2 0 23
2 2 70
2 1 72
4 0 22
4 1 63
5 0 24
4 4 81
5 2 91
5 3 166
0 0 23
3 0 25
1 0 23
0 1 199
0 4 220
3 5 232
1 5 108
3 4 250
1 4 142
4 0 27
2 0 23
5 3 129
4 5 167
5 5 170
2 3 133
5 4 189
4 4 220
2 5 276
3 0 27
3 2 93
3 3 129
0 0 26
1 0 27
1 3 144
0 5 166
0 4 183
1 2 161
4 5 151
2 0 23
4 3 176
5 3 206
5 4 226
2 1 91
4 4 287
5 5 295
2 4 175
3 4 126
3 5 135
3 3 148
4 0 63
5 0 23
4 1 190
5 3 152
0 4 315
0 3 327
0 5 337
1 3 277
1 5 292
1 4 302
4 2 510
2 0 33
5 2 441
3 3 199
2 5 229
3 4 242
2 4 252
3 5 248
4 0 173
5 0 28
4 3 281
0 0 28
4 5 386
5 4 287
5 5 297
0 1 210
3 0 27
1 3 203
0 2 302
1 4 345
1 5 378
3 3 256
3 2 285
2 4 129
2 5 134
4 0 24
2 3 161
4 4 114
4 1 122
5 0 27
5 3 83
5 2 139
3 0 21
0 0 21
3 5 109
3 4 113
0 3 180
1 0 24
1 3 71
1 2 76
0 5 276
4 0 28
2 0 39
4 5 141
2 1 136
2 2 155
4 4 239
5 3 114
5 4 147
5 5 196
3 0 21
3 3 53
3 2 74
0 0 175
1 0 40
0 1 253
2 0 30
4 3 201
5 3 215
4 5 351
2 3 276
0 4 572
4 4 446
5 4 422
5 5 428
3 3 130
2 5 424
1 4 503
3 4 188
1 5 541
3 5 454
0 0 135
0 4 179
0 5 185
2 0 292
5 0 80
1 0 131
4 0 172
2 4 483
3 5 159
4 1 322
2 1 561
5 3 337
3 4 239
3 3 328
1 3 377
2 0 35
3 0 36
0 5 146
2 5 250
0 3 269
3 3 182
2 4 280
0 4 298
1 2 1490
5 2 1562
4 2 1577
3 2 690
4 0 47
4 5 181
0 0 41
5 0 37
3 0 35
4 3 475
0 2 430
0 1 575
2 3 377
1 5 591
1 3 626
5 4 468
4 0 34
1 4 716
5 5 601
2 5 608
4 1 160
3 5 581
2 4 621
4 4 201
3 4 733
0 0 49
0 5 89
5 0 36
2 0 29
4 0 98
3 0 39
2 1 211
4 5 203
1 5 288
1 4 301
4 4 243
0 3 623
1 3 396
5 3 622
0 0 31
3 3 726
0 1 78
0 4 101
1 0 35
4 3 199
4 5 205
4 4 232
1 3 160
4 0 29
4 1 39
5 2 2193
0 0 33
3 2 1854
2 2 2051
1 2 1130
2 0 103
0 4 423
1 0 36
4 2 705
2 3 340
3 3 230
0 5 570
2 5 604
4 0 30
5 3 673
3 4 526
3 5 565
5 5 748
5 4 759
4 3 292
1 4 668
1 5 686
4 5 425
2 0 129
0 5 323
2 1 262
0 3 392
1 0 32
0 4 654
4 0 30
2 4 630
4 1 187
1 3 358
5 3 565
3 5 634
3 3 647
3 4 683
5 5 625
5 4 652
4 4 411
1 2 495
2 0 55
0 0 57
0 2 193
0 1 426
2 5 416
4 0 38
2 4 489
3 0 83
5 0 95
1 5 316
1 3 362
5 2 378
5 3 379
3 3 396
4 4 461
4 5 464
3 2 421
1 4 443
0 0 58
2 3 385
2 4 391
2 5 407
3 0 47
5 0 119
0 5 278
0 3 630
3 5 527
4 3 450
2 0 35
3 4 572
5 5 653
5 4 670
4 4 513
4 5 652
2 1 276
1 3 376
1 4 419
1 5 421
2 2 534
3 0 63
0 0 62
5 0 40
0 1 290
4 0 33
3 2 348
3 3 365
5 2 324
5 3 340
0 4 397
4 2 179
4 1 416
2 0 242
1 0 64
1 2 180
2 5 491
1 3 306
2 3 608
4 0 44
0 0 32
5 3 301
3 5 435
3 3 448
5 4 357
3 4 497
5 5 496
4 3 364
4 5 385
0 4 340
2 0 31
0 5 405
2 1 369
1 0 48
2 4 390
4 0 46
1 5 338
1 4 403
5 4 358
3 3 475
5 3 430
2 0 34
4 1 535
3 4 614
0 3 217
0 5 272
3 5 686
2 5 216
5 5 677
4 4 778
2 4 312
0 4 416
1 0 279
4 0 58
1 2 441
3 0 41
1 3 456
5 0 41
0 0 231
5 3 404
4 4 658
4 5 670
5 2 502
3 2 595
2 5 317
0 2 539
0 1 543
2 3 343
3 3 640
2 4 346
1 5 125
5 0 118
3 0 34
1 4 317
1 3 343
2 0 31
4 3 348
0 0 38
3 5 570
2 1 428
5 4 746
4 4 828
5 5 785
0 3 246
4 5 891
2 2 612
3 4 777
0 5 288
1 3 142
5 0 43
1 5 182
1 4 337
2 0 60
3 0 232
4 0 47
0 0 36
5 3 692
5 2 697
3 2 532
3 3 530
2 5 575
0 1 325
4 1 353
2 3 640
0 4 433
4 2 469
1 0 27
4 0 33
2 0 30
5 4 316
5 5 429
2 1 187
4 5 296
1 2 428
2 4 234
3 5 326
3 4 350
0 0 28
0 5 87
0 4 112
5 3 1051
1 3 1045
3 3 951
4 3 1027
2 0 49
1 0 118
2 4 235
2 5 245
1 5 178
4 0 211
4 1 419
0 3 273
5 4 519
3 3 325
3 5 328
5 3 545
1 4 728
5 5 607
0 4 443
0 5 450
4 4 659
3 4 477
2 3 299
2 4 302
2 5 312
4 0 296
1 0 36
5 0 181
3 0 41
0 0 52
4 4 565
4 5 655
2 0 31
0 1 320
1 2 541
1 3 631
5 3 600
5 2 606
3 2 480
2 1 266
0 2 508
3 3 507
2 2 329
5 0 29
3 0 29
5 5 106
3 4 129
3 5 190
5 4 260
0 0 27
1 4 152
1 5 155
1 3 185
0 5 354
2 0 38
0 3 379
2 5 84
2 3 153
5 0 31
5 2 86
0 0 25
1 4 175
0 1 96
0 4 121
1 5 281
5 3 733
1 3 353
5 3 93
5 4 219
5 5 227
1 0 25
0 0 137
1 3 206
1 2 211
0 5 79
0 4 206
1 0 29
1 5 158
1 4 192
0 3 90
0 5 124
0 4 131
1 0 31
1 2 72
1 3 66
1 3 64
1 5 88
1 4 124
1 3 97
1 5 123
1 4 125
