0 5 397
0 4 395
0 2 473
0 3 1598
0 0 1603
0 1 1607
0 6 1604
0 3 39
0 0 71
0 1 70
0 4 86
0 5 96
0 2 1466
0 6 1469
0 2 101
0 1 105
0 0 109
0 3 54
0 6 56
0 5 62
0 4 62
0 6 54
0 2 64
0 1 66
0 3 67
0 5 65
0 0 75
0 4 74
0 3 57
0 0 61
0 1 100
0 5 100
0 2 66
0 4 69
0 6 70
0 4 49
0 5 56
0 0 62
0 2 65
0 3 66
0 6 65
0 1 67
0 0 58
0 5 57
0 4 61
0 2 62
0 1 71
0 6 62
0 3 70
0 0 48
0 1 51
0 5 56
0 2 57
0 6 53
0 3 55
0 4 62
0 4 50
0 3 50
0 1 60
0 2 54
0 6 55
0 0 64
0 5 50
0 1 51
0 5 50
0 3 56
0 2 61
0 0 60
0 4 57
0 6 58
0 6 41
0 5 47
0 3 49
0 4 55
0 2 55
0 0 55
0 1 55
0 2 46
0 5 44
0 1 47
0 6 50
0 4 52
0 0 54
0 3 54
0 6 46
0 0 95
0 5 101
0 2 103
0 1 103
0 4 102
0 3 60
0 1 48
0 3 46
0 0 50
0 4 56
0 5 55
0 6 53
0 2 58
0 5 45
0 6 47
0 4 48
0 0 53
0 1 55
0 3 55
0 2 55
0 2 41
0 6 43
0 1 45
0 0 49
0 4 50
0 3 52
0 5 52
0 5 44
0 3 46
0 1 51
0 6 48
0 0 54
0 4 51
0 2 57
0 1 46
0 4 44
0 5 45
0 3 55
0 6 55
0 2 57
0 0 58
0 5 49
0 2 50
0 1 53
0 6 54
0 0 57
0 4 56
0 3 58
0 5 48
0 3 50
0 1 56
0 6 52
0 0 62
0 4 58
0 2 60
0 6 47
0 2 50
0 5 51
0 1 56
0 4 56
0 3 57
0 0 58
0 0 42
0 6 41
0 4 45
0 1 50
0 2 51
0 3 53
0 5 53
0 0 45
0 4 46
0 3 45
0 5 52
0 1 53
0 2 54
0 6 53
0 4 48
0 6 48
0 0 53
0 3 70
0 2 73
0 1 72
0 5 52
0 5 40
0 4 40
0 6 42
0 0 50
0 1 49
0 2 48
0 3 48
0 4 45
0 2 45
0 0 49
0 3 52
0 1 54
0 6 54
0 5 54
0 1 45
0 6 45
0 3 47
0 5 55
0 0 55
0 4 55
0 2 55
