0 0 349
0 3 574
0 1 588
0 0 61
0 1 226
0 3 245
0 0 75
0 1 188
0 3 206
0 0 61
0 1 176
0 3 372
0 0 63
0 1 177
0 3 244
0 0 57
0 1 178
0 3 367
0 0 60
0 1 163
0 3 252
0 0 84
0 1 242
0 3 321
1 0 159
0 0 154
1 2 216
1 3 451
0 3 373
0 1 575
0 0 262
1 0 375
1 2 301
1 3 610
0 3 424
0 1 685
1 0 82
1 2 120
0 0 116
1 3 491
0 1 552
0 3 632
0 0 252
1 0 377
1 2 384
1 3 601
0 1 581
0 3 502
1 0 192
0 0 95
1 2 229
0 1 293
0 3 306
1 3 410
1 0 56
1 2 245
0 0 73
0 1 229
0 3 211
1 3 516
1 0 89
0 0 86
1 2 129
0 3 364
0 1 370
1 3 528
1 0 72
0 0 64
0 1 144
1 1 469
1 3 453
0 3 448
1 0 295
2 0 136
0 0 124
1 2 337
2 1 236
0 1 393
1 3 628
2 3 463
0 3 497
1 0 76
2 0 84
1 2 109
0 0 96
2 2 725
1 3 779
2 3 784
0 3 470
0 1 614
1 2 124
1 0 395
1 3 472
2 0 61
2 2 254
0 0 70
2 3 287
0 3 363
0 1 378
1 0 89
1 2 123
1 3 171
2 0 53
2 3 314
0 0 55
2 2 515
0 1 241
0 3 237
1 0 71
1 2 112
1 3 144
2 0 54
2 3 223
2 2 230
0 0 63
0 3 178
0 1 554
1 0 55
2 0 59
1 2 140
1 3 258
2 2 214
2 3 361
0 0 54
0 1 166
0 3 208
1 0 72
2 0 49
1 3 215
2 3 245
1 1 389
2 2 421
0 0 55
0 3 140
0 1 334
3 0 199
2 0 81
1 0 117
1 2 128
3 1 423
2 3 365
1 3 411
3 3 619
2 2 485
0 0 54
3 0 63
2 0 52
1 0 65
1 2 107
0 3 549
0 1 606
2 2 378
3 3 740
1 3 633
2 3 741
3 1 917
0 0 58
2 0 61
3 0 76
0 1 383
1 0 79
1 2 115
0 3 605
1 3 300
3 3 415
2 2 613
3 1 628
2 3 677
3 0 180
0 0 58
2 0 57
3 1 431
2 1 136
1 0 96
1 2 130
0 1 511
0 3 565
3 3 763
1 3 348
2 3 543
3 0 63
3 3 210
3 1 243
0 0 60
0 1 223
2 0 51
0 3 287
1 0 67
1 2 110
2 3 511
2 2 521
3 0 266
1 3 361
3 1 480
3 3 531
0 0 53
2 0 49
3 0 49
1 0 71
1 2 104
0 1 530
2 2 647
4 1 100
4 0 102
3 1 699
1 3 669
3 3 864
3 0 85
0 0 332
2 0 102
4 1 88
1 0 90
1 2 107
0 3 1717
4 0 334
2 3 1699
1 3 607
2 2 736
3 1 1306
4 1 67
4 0 96
0 1 1368
3 0 72
4 3 1761
3 3 1705
1 0 71
2 3 1389
0 0 288
1 2 123
0 3 1992
2 0 222
4 0 63
4 1 71
1 3 822
3 1 1220
4 3 2187
3 3 1253
1 0 187
3 0 64
2 2 1014
0 1 1379
1 2 240
0 0 87
4 1 87
4 0 113
4 3 2161
2 0 51
2 3 1916
0 3 2590
1 3 1485
1 2 384
1 0 373
4 0 91
4 1 96
4 3 2115
3 1 1501
3 0 53
0 1 1743
4 1 63
4 0 65
2 2 1197
0 0 1757
1 0 784
4 1 110
1 2 821
4 3 3985
1 3 3223
5 0 108
0 3 4352
2 0 63
5 2 155
0 1 2723
3 1 3229
0 0 904
2 3 5298
3 3 6179
4 3 5209
5 0 72
5 2 157
3 3 4992
5 3 2498
2 2 2436
0 1 2060
5 0 67
3 1 1435
4 3 5511
0 0 73
5 2 121
5 3 999
0 3 5572
2 0 55
2 3 3175
3 3 1842
0 3 2859
0 1 712
5 3 765
4 3 4361
5 2 106
5 0 87
2 3 742
0 3 1013
5 3 300
2 2 849
0 0 70
2 0 57
0 3 224
5 0 55
5 2 106
0 1 474
2 2 388
2 3 483
5 3 389
0 0 144
2 0 80
5 0 77
5 2 114
0 1 442
5 3 434
0 3 630
2 3 481
2 2 498
5 0 101
2 0 79
0 0 75
5 2 117
0 1 406
5 3 505
2 3 499
0 3 513
2 2 570
5 0 54
5 2 103
5 3 170
2 0 62
0 0 56
2 3 173
0 1 256
0 3 307
2 2 477
5 0 54
5 2 113
5 3 145
2 0 50
2 3 220
2 2 227
0 0 56
5 0 65
5 2 104
0 1 430
0 3 461
5 3 220
2 0 49
2 3 169
5 0 88
0 0 73
5 2 110
2 2 656
0 3 320
0 1 378
5 3 434
2 0 131
5 0 60
5 2 106
2 3 362
2 2 361
5 3 316
5 3 103
5 0 106
5 2 114
2 0 71
2 1 102
2 3 150
5 0 48
5 2 102
5 3 107
2 0 48
2 3 165
2 2 199
5 0 51
5 2 103
5 3 140
2 0 48
2 3 134
2 2 320
5 0 52
5 2 103
5 3 121
2 0 48
2 3 234
2 2 256
5 0 61
5 2 105
5 3 183
2 0 66
5 0 58
5 2 102
2 3 254
5 3 251
2 2 366
5 0 52
2 0 52
5 2 123
5 3 228
2 3 222
2 2 390
5 0 54
5 2 111
5 3 135
2 0 55
2 3 222
2 2 237
5 0 46
5 2 104
5 3 140
2 0 52
2 1 100
2 3 136
5 0 51
5 2 104
5 3 135
2 0 47
2 3 294
2 2 330
5 0 87
5 2 131
5 3 168
2 0 178
5 0 183
5 2 218
2 3 318
2 2 375
5 3 376
5 0 55
5 2 196
2 0 58
5 3 276
2 3 206
2 2 235
5 0 131
5 2 179
5 3 218
2 0 63
2 3 178
2 2 194
5 0 51
5 2 125
5 3 138
2 0 52
2 3 160
2 2 385
5 0 58
5 2 105
5 3 258
2 0 52
2 3 291
5 0 81
5 2 109
2 2 386
5 3 172
5 0 72
2 0 80
5 2 108
2 3 245
5 3 451
2 2 500
5 0 63
5 2 105
5 3 125
5 0 49
5 2 105
5 3 126
5 0 69
5 2 101
5 3 180
5 0 56
5 2 103
5 3 133
5 0 50
5 2 103
5 3 146
5 0 67
5 2 106
5 3 140
5 0 54
5 2 103
5 3 233
5 0 46
5 2 102
5 3 121
5 0 52
5 2 97
5 3 126
5 0 80
5 2 101
5 3 120
