0 0 307
0 1 368
0 2 415
0 0 30
0 1 71
0 2 153
0 0 29
0 1 63
1 2 212
0 2 271
1 1 287
1 3 519
2 0 133
2 1 143
0 1 44
0 0 57
1 2 174
1 3 167
2 2 375
1 1 317
0 2 380
2 0 71
2 1 73
1 2 159
1 3 159
0 0 41
0 1 37
1 1 380
2 2 406
0 2 215
2 0 29
2 1 44
1 2 204
1 3 207
1 1 296
2 2 303
0 0 28
0 1 35
0 2 148
1 3 147
1 2 156
2 0 28
1 1 167
2 1 53
2 2 171
0 0 32
0 1 31
0 2 144
1 3 144
1 2 146
1 1 147
2 0 36
2 1 116
2 2 222
0 0 30
0 1 35
1 2 148
1 3 146
0 2 239
1 1 244
2 0 39
2 1 49
2 2 154
1 3 143
1 2 144
1 1 147
0 0 26
0 1 35
0 2 145
2 0 23
2 1 36
2 2 146
3 2 190
3 1 284
1 1 287
1 2 290
0 0 32
0 1 44
0 2 150
2 0 30
2 1 39
3 3 662
2 2 147
1 3 750
3 3 199
3 1 208
3 2 217
1 3 200
1 2 232
1 1 232
0 0 29
0 1 45
2 0 28
2 1 44
0 2 301
3 3 144
3 2 153
2 2 362
1 2 144
1 3 144
3 1 357
1 1 255
2 0 39
0 0 45
0 1 49
2 1 56
3 2 152
3 3 157
1 2 145
1 3 144
3 1 465
0 2 529
2 2 543
1 1 426
3 3 144
3 1 146
3 2 145
2 0 31
2 1 41
0 0 33
0 1 36
1 2 147
1 3 149
2 2 355
1 1 397
0 2 372
3 2 145
3 1 144
3 3 146
2 0 27
2 1 31
1 3 239
1 2 239
0 0 25
0 1 35
4 0 30
4 1 33
1 1 410
2 2 423
3 2 280
3 3 281
0 2 585
4 2 562
3 1 521
2 0 26
1 3 270
1 2 273
2 1 472
4 1 350
4 0 350
0 0 43
0 1 51
1 1 788
3 2 240
3 3 243
0 2 387
1 2 146
1 3 148
2 2 1003
4 2 897
2 0 29
2 1 47
4 0 30
4 1 31
3 1 802
1 1 525
2 2 703
4 2 669
0 0 36
0 1 49
4 0 29
4 1 46
3 2 237
3 3 238
1 2 229
1 3 234
2 0 23
2 1 32
3 1 562
0 2 587
4 2 566
1 1 641
2 2 471
4 0 222
3 2 339
3 3 352
4 1 262
0 0 33
1 2 192
0 1 86
1 3 189
3 1 609
2 0 24
2 1 36
4 2 646
4 0 22
4 1 35
3 3 143
3 2 145
1 1 658
0 2 620
2 2 564
4 2 385
1 2 144
1 3 144
3 1 529
1 1 228
4 0 41
4 1 46
0 0 32
0 1 35
2 0 24
2 1 29
3 2 145
3 3 144
4 2 410
0 2 468
2 2 583
3 1 440
4 0 26
4 1 33
1 3 194
1 2 204
1 1 343
4 2 257
3 2 144
3 3 144
2 0 25
2 1 39
3 1 174
0 0 27
0 1 32
2 2 284
0 2 276
4 1 29
4 0 30
4 2 214
1 2 145
1 3 145
1 1 215
3 1 146
3 2 144
3 3 148
2 0 32
2 1 31
4 0 21
4 1 33
0 0 31
0 1 38
2 2 292
4 2 372
1 3 144
1 2 144
0 2 366
1 1 350
3 3 143
3 2 144
3 1 205
4 0 35
4 1 48
4 2 146
2 0 23
2 1 29
2 2 144
0 0 24
0 1 35
1 3 143
1 2 144
4 0 27
4 1 31
1 1 381
3 3 146
3 2 147
0 2 491
4 2 391
3 1 407
2 0 26
2 1 36
2 2 158
4 0 25
4 1 37
1 2 196
1 3 209
0 0 23
0 1 34
3 2 198
3 3 208
1 1 330
4 2 443
3 1 451
0 2 358
4 0 27
4 1 33
2 0 28
2 1 43
4 2 275
1 3 307
1 2 319
3 3 278
3 2 292
5 3 246
0 0 63
5 2 292
0 1 82
3 1 548
2 2 656
4 1 32
4 0 34
1 1 728
5 1 553
2 0 28
2 1 44
0 2 574
4 2 483
3 3 255
3 2 280
1 3 324
1 2 336
5 3 291
5 2 303
4 1 160
4 0 165
3 1 636
0 0 26
0 1 44
5 1 662
1 1 846
2 2 859
3 2 169
3 3 173
2 0 24
2 1 33
4 2 599
5 3 243
5 2 244
4 0 24
4 1 35
1 3 215
1 2 217
0 2 625
3 1 670
5 1 737
4 2 564
3 2 143
3 3 144
1 1 759
0 0 48
0 1 38
2 2 763
4 0 30
4 1 33
2 0 37
2 1 40
3 1 553
5 2 225
5 3 229
1 2 224
1 3 225
0 2 673
3 3 142
3 2 145
5 1 591
4 2 717
4 0 25
4 1 34
1 1 701
2 2 767
0 0 27
0 1 40
5 2 145
5 3 144
3 1 570
2 0 32
2 1 33
1 2 258
1 3 258
3 3 142
3 2 144
4 2 794
5 1 780
4 0 26
4 1 37
1 1 766
0 2 931
5 3 146
5 2 145
2 2 708
3 1 667
0 0 29
0 1 54
1 2 149
1 3 144
2 0 29
2 1 34
3 2 143
3 3 143
5 1 694
4 2 826
4 0 25
4 1 36
1 1 736
0 2 723
5 3 166
5 2 168
3 1 825
1 3 165
1 2 166
2 2 977
2 0 33
2 1 46
0 0 34
0 1 44
3 3 144
3 2 149
5 1 554
4 2 817
4 0 23
4 1 34
1 1 760
5 3 143
5 2 165
1 3 143
2 2 815
3 1 833
1 2 146
0 2 814
5 1 663
4 2 813
2 0 32
2 1 42
4 0 41
4 1 53
0 0 45
0 1 55
3 3 144
3 2 159
5 3 142
5 2 143
1 1 726
3 1 596
1 3 144
1 2 149
2 2 763
4 2 783
4 0 24
4 1 36
0 2 868
5 1 778
3 3 146
3 2 150
2 0 29
2 1 36
1 1 683
0 0 30
0 1 50
5 3 144
5 2 158
3 1 677
1 3 143
1 2 143
4 2 755
4 0 29
4 1 38
3 2 146
3 3 143
2 2 844
2 0 23
1 1 608
2 1 47
5 1 869
0 2 868
3 1 623
4 2 647
0 0 32
5 3 150
0 1 54
5 2 324
4 0 34
4 1 40
1 3 300
1 2 328
2 2 685
3 3 175
3 2 186
2 0 29
2 1 31
5 1 835
1 1 757
3 1 596
0 2 857
4 2 772
4 0 25
4 1 38
5 3 202
5 2 206
0 1 53
0 0 56
1 3 283
1 2 287
3 3 190
3 2 227
2 2 668
5 1 607
1 1 644
3 1 664
2 0 30
2 1 35
4 2 863
4 0 30
5 3 180
5 2 182
4 1 37
0 2 907
1 2 283
1 3 284
3 2 250
3 3 252
0 0 23
0 1 35
2 2 597
5 1 677
1 1 730
4 2 748
3 1 730
5 2 147
5 3 145
4 0 27
4 1 66
2 0 240
2 1 243
0 2 909
1 2 235
1 3 244
3 2 232
3 3 245
5 1 727
0 0 26
0 1 39
5 3 143
5 2 144
4 2 887
4 0 21
4 1 34
3 1 611
2 2 978
2 0 24
2 1 37
1 1 843
0 2 657
3 3 186
3 2 195
1 3 189
1 2 194
5 1 861
4 2 706
4 0 29
4 1 40
2 2 768
0 0 34
0 1 39
1 1 666
3 1 815
5 3 147
5 2 153
2 0 26
2 1 32
3 3 229
3 2 233
4 2 724
1 2 236
1 3 236
4 0 24
4 1 31
0 2 709
5 1 749
3 1 624
2 2 781
5 3 144
5 2 144
1 1 751
4 2 556
0 0 32
0 1 37
2 0 41
3 2 272
3 3 279
4 0 48
4 1 55
2 1 64
5 1 654
1 3 145
1 2 146
5 2 144
5 3 148
3 1 756
0 2 862
4 2 648
4 0 23
4 1 32
3 3 145
3 2 147
2 2 898
1 1 843
0 0 25
0 1 45
2 0 24
5 1 709
2 1 32
1 3 282
1 2 285
4 2 699
5 3 147
5 2 150
4 0 28
4 1 35
3 1 843
3 3 145
3 2 144
0 2 923
1 1 873
2 2 917
0 1 38
0 0 40
4 2 593
2 1 43
2 0 44
5 1 823
4 0 28
4 1 35
1 3 146
1 2 146
3 1 716
5 3 180
5 2 186
3 2 147
3 3 143
1 1 721
2 2 827
0 2 891
4 2 821
2 0 30
5 1 753
2 1 36
4 0 25
4 1 39
0 1 29
0 0 43
3 1 579
5 2 145
5 3 180
4 2 433
3 2 144
3 3 146
2 2 575
0 2 607
4 0 28
4 1 32
5 1 598
3 1 460
4 2 193
2 0 25
2 1 31
5 3 144
5 2 150
5 1 229
0 0 27
0 1 45
2 2 423
3 2 149
3 3 151
4 0 28
4 1 29
3 1 412
0 2 423
4 2 384
5 3 143
5 2 144
5 1 214
2 0 22
2 1 36
2 2 165
4 0 24
4 1 30
3 3 184
3 2 185
0 0 23
0 1 33
3 1 338
4 2 366
5 3 142
5 2 142
0 2 321
5 1 280
4 0 20
4 1 26
2 0 24
2 1 35
4 2 205
3 2 145
3 3 142
3 1 343
2 2 343
5 3 142
5 2 145
5 1 208
0 0 28
0 1 37
4 0 22
4 1 33
0 2 222
4 2 229
3 3 143
3 2 144
3 1 152
5 3 143
5 2 143
5 1 147
0 0 27
0 1 37
0 2 176
5 3 143
5 2 143
5 1 173
5 1 144
5 2 144
5 3 142
5 3 143
5 2 146
5 1 145
5 1 147
5 2 152
5 3 153
5 3 142
5 2 144
5 1 144
5 3 142
5 1 146
5 2 146
5 3 143
5 2 145
5 1 150
5 3 143
5 1 148
5 2 149
5 3 145
5 1 146
5 2 143
5 3 142
5 2 145
5 1 146
5 1 144
5 3 143
5 2 145
5 3 144
5 1 144
5 2 151
5 3 142
5 2 144
5 1 145
5 3 143
5 2 144
5 1 144
5 1 147
5 3 143
5 2 145
5 3 143
5 2 144
5 1 146
