0 5 582
0 4 605
0 3 616
0 6 624
0 2 632
0 1 632
0 0 646
0 5 278
0 3 293
0 0 308
0 2 332
0 4 344
0 6 354
0 1 368
0 4 266
0 3 282
0 0 299
0 2 305
0 6 307
0 1 312
0 5 321
0 1 263
0 5 264
0 2 263
0 4 270
0 0 280
0 6 272
0 3 277
0 2 261
0 3 270
0 0 298
0 6 288
0 4 291
0 5 321
0 1 324
0 5 244
0 6 233
0 4 265
0 0 303
0 3 307
0 2 317
0 1 318
0 4 243
0 1 286
0 6 241
0 5 255
0 2 258
0 3 271
0 0 334
0 4 220
0 2 275
0 5 292
0 1 296
0 6 290
0 0 301
0 3 298
0 6 191
0 3 204
0 4 240
0 5 249
0 2 265
0 0 299
0 1 302
0 2 242
0 1 257
0 0 258
0 5 274
0 6 279
0 4 290
0 3 283
0 3 196
0 2 206
0 0 335
0 1 335
0 5 278
0 4 289
0 6 286
0 6 197
0 1 219
0 0 236
0 4 250
0 3 262
0 5 267
0 2 281
0 5 233
0 4 249
0 0 251
0 3 269
0 1 271
0 6 278
0 2 277
0 3 190
0 1 192
0 5 229
0 0 247
0 4 248
0 6 261
0 2 266
0 4 201
0 3 241
0 6 243
0 5 245
0 2 269
0 0 276
0 1 280
0 3 252
0 2 257
0 4 250
0 0 285
0 5 284
0 6 285
0 1 287
0 2 220
0 1 240
0 6 237
0 0 261
0 5 250
0 3 266
0 4 274
0 3 227
0 6 238
0 4 243
0 0 259
0 2 266
0 1 263
0 5 265
0 5 185
0 0 235
0 6 261
0 2 277
0 1 281
0 4 284
0 3 289
0 6 163
0 5 207
0 3 234
0 4 241
0 0 277
0 2 278
0 1 282
0 6 224
0 5 264
0 3 278
0 0 288
0 2 291
0 1 295
0 4 295
0 2 232
0 5 233
0 1 240
0 4 244
0 0 250
0 3 252
0 6 260
0 0 184
0 1 230
0 5 264
0 6 264
0 2 278
0 3 291
0 4 291
0 3 201
0 4 251
0 2 249
0 5 267
0 1 277
0 0 280
0 6 286
0 0 195
0 4 196
0 5 266
0 2 284
0 6 282
0 1 292
0 3 299
0 6 212
0 3 215
0 2 251
0 1 266
0 0 269
0 4 262
0 5 269
0 2 238
0 6 243
0 4 264
0 5 263
0 3 276
0 1 279
0 0 282
