0 4 684
0 1 744
0 5 758
0 0 771
0 2 770
0 6 781
0 3 811
0 3 451
0 4 509
0 2 501
0 1 505
0 6 515
0 0 531
0 5 532
0 5 415
0 2 462
0 3 463
0 1 466
0 0 519
0 4 499
0 6 508
0 3 419
0 2 478
0 1 505
0 6 488
0 0 511
0 4 501
0 5 509
0 2 407
0 4 460
0 6 468
0 5 479
0 3 504
0 0 506
0 1 524
0 6 325
0 2 335
0 3 389
0 5 422
0 4 425
0 1 444
0 0 449
0 6 394
0 4 398
0 1 402
0 5 461
0 2 481
0 0 518
0 3 509
0 4 389
0 1 390
0 0 415
0 3 416
0 2 468
0 5 474
0 6 480
0 4 416
0 3 431
0 5 452
0 1 498
0 0 518
0 2 520
0 6 516
0 4 421
0 2 432
0 0 455
0 5 452
0 3 487
0 6 484
0 1 499
0 4 365
0 5 466
0 3 466
0 6 500
0 0 529
0 1 539
0 2 557
0 4 372
0 5 389
0 3 413
0 6 443
0 2 463
0 0 469
0 1 486
0 5 422
0 1 466
0 3 457
0 2 514
0 0 556
0 6 522
0 4 524
0 1 355
0 0 409
0 6 412
0 3 427
0 2 466
0 4 448
0 5 450
0 5 330
0 2 384
0 4 408
0 3 430
0 1 445
0 6 446
0 0 471
0 5 423
0 4 434
0 2 436
0 3 418
0 0 439
0 6 439
0 1 442
0 2 436
0 0 443
0 1 446
0 3 452
0 5 455
0 4 468
0 6 470
0 5 347
0 1 386
0 4 405
0 2 423
0 6 429
0 3 454
0 0 474
0 5 399
0 3 398
0 2 416
0 6 416
0 0 448
0 1 444
0 4 448
0 2 471
0 1 477
0 4 389
0 0 517
0 3 434
0 6 455
0 5 459
0 1 436
0 6 450
0 2 470
0 5 458
0 0 480
0 4 474
0 3 474
0 3 341
0 1 397
0 0 400
0 2 422
0 6 413
0 4 425
0 5 431
0 6 330
0 2 385
0 3 403
0 4 432
0 1 445
0 5 449
0 0 475
0 1 380
0 2 402
0 6 397
0 4 413
0 0 461
0 5 457
0 3 465
0 4 392
0 5 392
0 2 420
0 3 475
0 0 482
0 1 482
0 6 468
0 4 336
0 2 364
0 6 381
0 0 400
0 1 453
0 5 466
0 3 472
0 3 298
0 4 413
0 5 422
0 6 438
0 2 443
0 1 469
0 0 470
