0 0 328
0 1 449
0 2 481
0 0 72
0 2 206
0 1 246
0 0 63
0 2 179
0 1 215
0 0 77
0 2 195
0 3 211
0 0 167
0 3 277
0 2 183
0 0 77
0 3 184
0 2 185
0 0 77
0 1 184
0 2 217
1 0 100
1 3 147
1 1 342
0 0 66
0 2 177
0 3 217
1 0 113
1 1 231
1 3 461
1 0 78
0 0 86
1 2 295
1 1 351
0 1 310
0 2 364
1 0 79
1 1 201
1 2 238
0 0 60
0 2 170
0 3 192
1 0 60
1 1 172
1 2 196
0 0 69
0 2 170
0 3 194
1 0 73
1 3 187
1 1 219
0 0 56
0 2 169
0 1 189
1 0 68
1 1 182
1 3 237
0 0 62
1 0 56
0 1 200
0 2 288
1 2 236
1 1 249
1 0 74
0 0 91
1 3 306
0 3 298
1 1 322
0 2 355
1 0 56
1 2 176
1 1 178
0 0 71
2 0 70
0 3 254
0 2 368
2 1 374
2 2 406
1 0 81
1 3 205
1 1 197
0 0 75
2 0 67
0 1 262
2 2 486
1 0 75
0 2 583
2 1 563
1 2 205
1 1 264
2 0 61
0 0 81
0 3 361
1 0 62
2 1 513
2 2 570
1 2 235
0 2 632
1 1 353
2 0 62
2 1 362
2 2 367
1 0 93
0 0 83
1 3 299
1 1 366
0 2 397
0 1 412
2 0 67
1 0 66
0 0 69
2 2 469
1 3 307
2 1 541
1 1 443
0 1 381
0 2 455
1 0 69
2 0 80
1 3 195
0 0 92
3 0 71
2 2 491
2 1 684
1 1 724
0 3 498
1 0 87
2 0 75
1 2 434
3 2 881
1 1 724
0 2 1230
0 0 67
1 0 89
3 1 1415
3 0 69
2 1 901
2 2 913
2 0 64
0 1 649
1 2 589
0 2 882
3 2 703
0 0 68
1 0 63
1 1 1038
2 2 702
3 0 79
3 1 1222
2 1 991
0 3 827
2 0 84
0 2 893
3 2 612
1 2 917
1 1 906
3 1 723
2 1 578
2 2 614
0 0 79
3 0 69
1 0 74
0 1 336
0 2 400
1 2 378
2 0 63
3 2 580
3 1 677
2 2 380
1 1 757
2 1 426
0 0 187
3 0 81
1 0 69
2 0 62
0 2 695
3 1 542
0 1 749
3 2 581
1 2 618
1 1 951
3 0 80
2 2 815
0 0 65
2 1 824
1 0 65
3 2 590
2 0 67
3 1 808
0 2 778
0 1 788
1 2 695
1 1 752
3 0 71
2 1 605
0 0 70
3 2 504
1 0 66
2 2 890
2 0 70
3 1 687
3 0 66
0 1 646
1 2 618
0 2 896
3 2 461
2 2 817
1 0 79
0 0 100
3 1 660
1 1 1101
3 0 105
2 1 1413
4 0 141
4 1 141
2 0 103
0 1 803
1 3 853
0 2 1073
1 1 1172
4 1 84
4 0 85
0 0 112
2 1 877
3 2 975
1 0 91
4 2 1241
2 0 65
4 1 71
4 0 73
2 2 1458
3 0 66
3 1 1665
4 2 1064
0 2 1154
0 1 1345
1 1 1121
1 3 1279
1 0 88
4 1 78
4 0 80
4 2 799
2 1 1126
2 2 1128
3 2 863
0 0 69
2 0 77
3 1 1264
1 3 669
3 0 105
4 1 89
4 0 108
4 2 1168
0 3 1056
1 0 64
1 1 1293
4 1 74
2 2 1084
4 0 83
4 2 1084
0 0 69
2 1 1453
3 2 1298
2 0 69
3 1 1424
0 2 2193
4 0 77
4 1 78
3 0 63
1 2 1396
1 1 1529
0 2 966
4 2 1395
4 1 82
4 0 89
1 0 71
0 1 1433
2 2 1191
0 0 74
4 2 981
2 1 1444
3 1 1002
3 2 1133
2 0 83
4 1 87
4 0 93
3 0 84
4 2 946
5 0 87
4 1 63
4 0 71
1 3 1512
1 1 1589
0 3 1403
2 1 1203
4 2 1203
0 2 1891
2 2 1481
2 0 150
4 0 118
4 1 121
0 0 90
1 0 127
5 2 1101
3 2 1853
3 1 1881
5 3 1608
4 2 1977
4 0 294
5 0 95
4 1 333
3 0 85
4 0 69
4 1 68
0 2 1862
2 1 1936
2 0 1372
4 2 3635
1 3 3851
1 1 4019
0 0 71
5 2 3239
3 2 3587
2 2 4849
1 0 77
5 1 3727
0 1 4890
4 2 3374
3 1 3920
5 0 67
4 2 4265
3 0 68
2 2 2531
0 2 1493
1 1 947
2 1 3556
0 0 91
0 1 2033
1 0 78
2 0 93
1 3 1462
5 1 1120
5 2 1247
5 0 62
3 1 1252
3 2 1258
0 1 593
3 0 64
1 3 922
0 0 85
0 2 1236
1 1 1228
5 2 858
2 1 1280
2 2 1484
5 1 1132
1 0 252
2 0 87
5 0 63
0 1 832
3 2 1075
1 3 776
0 2 1171
0 0 70
3 1 1538
3 0 73
1 1 1225
2 2 1012
2 1 1094
1 0 66
5 1 943
5 2 962
0 1 653
5 0 61
2 0 65
3 2 879
0 0 65
1 2 854
5 2 831
1 1 1345
3 1 1577
3 0 394
0 2 1900
5 1 1237
2 1 1074
0 3 1122
1 0 263
2 0 99
5 0 69
2 2 1495
0 2 1364
0 0 67
1 3 812
5 1 671
3 2 1199
3 1 1727
5 2 914
5 0 64
2 1 1110
1 0 62
1 1 1367
0 1 1032
2 2 1392
2 0 194
3 0 77
0 2 1169
0 0 64
5 1 756
5 0 63
5 2 980
0 3 668
1 3 1063
2 1 1058
2 2 1285
1 1 1436
2 0 71
3 1 1210
5 2 999
3 2 1451
0 0 251
1 0 264
3 0 100
5 1 1273
0 2 1638
5 0 62
0 3 829
2 1 1023
2 0 65
1 3 1287
2 2 1455
1 1 1405
5 2 943
3 1 1298
0 2 1519
5 3 1007
3 2 1349
2 2 551
3 0 207
1 0 202
2 1 751
5 0 74
2 0 68
1 3 568
5 2 438
3 2 886
1 1 1006
3 1 1071
5 1 784
1 0 89
2 1 716
2 2 750
5 0 61
1 1 329
3 0 63
2 0 66
1 3 655
5 1 526
5 2 580
2 2 407
3 2 648
1 0 76
5 0 71
3 1 767
2 1 597
2 0 69
3 0 65
1 2 617
1 1 698
5 1 647
5 2 731
5 0 63
1 0 68
2 1 593
3 1 820
3 2 865
2 2 919
5 1 608
5 2 639
3 0 71
1 3 516
2 0 189
5 0 64
1 1 1002
5 1 358
5 2 453
3 2 783
2 2 724
3 1 828
2 1 756
5 0 77
3 0 177
2 0 72
5 2 373
5 3 475
3 2 555
2 2 429
2 1 529
3 1 683
5 0 101
5 2 419
3 0 76
2 0 80
5 3 564
3 2 399
2 2 396
5 0 224
2 1 691
5 2 456
3 1 824
5 1 505
3 0 69
2 0 70
3 1 285
3 2 293
5 0 60
2 1 462
2 2 553
5 1 266
5 2 273
3 0 56
3 2 202
3 1 234
5 0 67
2 0 73
2 2 488
5 1 562
5 2 562
2 1 574
3 0 65
3 1 233
5 0 61
3 2 288
5 2 215
5 1 229
2 0 63
2 2 193
2 1 224
3 0 59
5 0 67
3 2 222
3 1 227
5 1 232
5 2 231
2 0 58
3 0 69
5 0 73
2 2 331
2 1 359
5 2 204
3 2 370
3 1 663
5 3 593
2 0 67
5 0 69
3 0 72
5 2 244
2 2 541
2 1 611
3 2 571
5 3 622
3 1 654
5 0 58
3 0 149
2 0 63
5 2 415
5 1 428
3 2 513
2 2 423
2 1 464
3 1 605
5 0 67
5 2 376
5 1 391
3 0 60
2 0 59
3 2 382
2 2 337
3 1 639
5 0 84
2 1 630
5 1 296
5 2 280
3 0 63
3 2 215
3 1 223
5 0 57
5 1 255
5 2 268
3 0 60
3 2 230
5 0 57
3 1 263
5 1 198
5 2 252
3 0 55
5 0 60
3 1 359
3 2 379
5 1 174
5 2 215
3 0 53
5 0 56
3 1 235
5 2 175
3 2 323
5 3 289
3 0 185
5 0 57
3 2 440
3 1 485
5 1 295
5 2 304
3 0 87
5 0 76
3 2 307
5 2 315
5 1 496
3 1 559
5 0 72
5 1 169
5 2 178
5 0 55
5 2 165
5 3 185
5 0 57
5 1 174
5 2 183
5 0 54
5 1 177
5 2 177
5 0 68
5 3 177
5 2 176
5 0 56
5 1 173
5 2 173
5 0 75
5 2 172
5 3 174
