1 0 376
0 0 352
1 2 659
1 1 650
0 3 644
0 2 655
1 0 85
0 0 83
1 1 358
0 2 337
0 3 372
1 2 395
1 0 60
1 1 188
1 2 189
0 0 63
0 1 176
0 3 211
1 0 68
1 1 175
1 2 178
0 0 73
0 3 153
0 2 383
1 0 80
1 3 185
1 2 241
0 0 64
0 1 165
0 3 210
1 0 65
1 2 170
1 3 205
0 0 72
1 0 79
0 3 360
0 1 387
1 2 308
1 1 363
1 0 63
0 0 62
1 2 341
1 1 381
0 1 241
0 3 296
1 0 60
1 1 204
1 2 259
0 0 66
0 2 175
0 3 189
1 0 71
1 1 186
1 2 219
0 0 59
0 1 163
0 3 219
1 0 55
1 1 161
1 2 203
2 0 68
2 3 181
2 1 203
0 0 340
1 0 87
0 1 564
0 3 651
1 2 329
1 1 399
2 0 77
2 1 181
2 3 209
0 0 67
1 0 74
0 3 294
0 1 333
1 2 341
1 1 374
2 0 100
2 3 232
2 1 266
1 0 67
0 0 80
1 2 408
1 1 452
0 3 485
0 2 508
2 0 81
2 1 235
2 3 266
1 0 61
1 3 169
1 2 197
0 0 66
0 3 172
0 2 203
2 0 65
2 3 165
2 1 198
1 0 81
1 1 190
1 2 193
0 0 64
0 1 142
0 3 175
2 0 74
2 1 174
2 3 175
1 0 71
1 1 328
1 2 185
0 0 56
2 0 58
0 1 182
1 0 61
0 3 331
2 1 311
1 3 292
2 3 414
1 2 352
0 0 88
2 0 86
1 0 92
1 2 409
0 3 464
2 1 514
2 3 522
1 3 556
0 1 582
1 0 89
2 0 68
0 0 72
1 3 354
1 2 439
2 1 451
2 3 451
0 2 479
0 3 490
3 0 77
1 0 78
3 2 232
3 3 260
2 0 98
0 0 106
4 0 86
4 1 109
1 3 810
3 0 91
1 2 1078
4 2 736
2 1 832
2 3 892
4 1 256
4 0 278
1 0 233
2 0 82
0 1 1180
0 3 1311
0 0 64
4 1 73
4 0 74
1 1 831
1 0 77
3 2 1304
2 1 844
1 2 2532
4 2 2871
2 0 1525
3 3 3125
2 3 2671
4 1 376
4 0 378
5 0 270
0 3 2715
3 0 103
4 1 106
4 0 111
4 2 2815
0 0 67
0 1 3283
2 1 2767
4 1 74
4 0 75
2 3 2809
1 2 3293
2 0 76
3 2 1192
4 2 1841
1 3 3485
4 2 1347
3 3 1591
1 0 78
4 0 79
4 1 81
3 0 88
0 3 1379
2 1 1018
0 2 1646
4 3 1449
2 0 109
4 0 103
0 0 86
4 1 116
2 3 1535
1 2 1117
3 3 983
4 2 1384
1 3 1524
4 1 78
4 0 84
1 0 67
3 2 1758
3 0 59
0 1 1163
2 1 1225
0 3 1296
2 0 65
0 0 113
4 3 1587
4 0 71
4 1 74
2 3 1720
4 2 1328
3 3 1029
3 2 1143
4 0 84
4 1 81
2 1 1105
1 2 1808
0 1 1351
1 1 1838
2 0 107
3 0 110
0 0 79
2 3 1513
0 3 1846
4 0 72
4 1 72
1 0 64
4 2 1317
4 2 1867
4 1 67
4 0 86
2 1 1216
3 2 1265
3 3 1276
2 0 68
0 3 1396
0 2 1441
4 3 1150
2 3 1638
3 0 216
4 1 74
4 0 92
0 0 65
4 2 1057
1 2 1571
1 3 1632
2 1 959
2 0 283
2 3 1323
4 0 84
4 1 83
3 3 1140
1 0 65
3 2 1293
4 2 1181
0 2 1080
0 3 1292
4 0 89
4 1 92
3 0 80
2 1 1072
2 0 222
0 0 80
1 1 1082
2 3 1526
4 0 95
4 1 96
1 0 84
1 2 1347
4 3 1715
4 2 1083
0 3 918
2 1 936
3 3 1220
2 3 1187
3 2 1464
2 0 99
4 1 93
4 0 104
4 2 1100
0 1 1422
0 0 184
1 2 1261
1 3 1281
3 0 78
4 1 83
4 0 91
1 0 63
4 2 877
2 3 959
2 1 1184
3 2 894
0 2 1065
0 3 1124
3 3 1056
4 0 113
4 1 111
2 0 103
4 2 1207
1 2 1114
3 0 79
0 0 67
1 1 1235
4 0 66
4 1 66
1 0 61
2 3 1077
2 1 1219
4 2 1403
4 0 87
4 1 87
0 1 1047
2 0 105
0 0 67
4 2 981
3 2 1275
0 3 1396
3 3 1533
1 2 1008
4 1 86
4 0 98
1 3 1241
3 0 77
4 2 1018
2 3 1035
1 0 67
2 1 1174
0 3 1136
0 1 1241
2 0 100
4 0 91
4 1 88
1 1 812
0 0 72
1 2 840
3 2 1152
4 2 1252
3 3 1233
1 0 76
4 1 80
4 0 85
3 0 66
4 2 1124
2 1 1170
2 3 1178
2 0 80
0 1 998
4 0 83
0 0 78
4 1 79
4 2 873
0 3 1224
1 2 1139
3 3 689
1 3 1334
1 0 90
3 0 103
3 2 1261
4 1 86
4 0 91
2 1 1113
0 3 1108
2 0 67
2 3 1439
4 2 1224
0 1 1258
4 1 84
4 0 85
0 0 75
3 3 1155
4 2 1260
1 2 1303
1 3 1357
2 3 926
3 2 1372
2 1 992
0 1 751
4 0 116
4 1 130
0 3 836
4 2 1067
3 0 84
1 0 81
2 0 72
0 0 105
4 1 67
4 0 77
3 3 740
4 2 1208
1 2 886
3 2 971
0 2 964
1 3 1369
0 3 1333
2 3 1322
3 0 333
4 0 125
4 1 111
4 2 1054
2 1 1397
1 0 76
0 0 224
4 0 81
4 1 88
2 0 77
4 2 870
1 2 772
1 1 864
3 3 1059
3 2 1656
4 1 90
0 3 1172
4 0 102
1 0 93
4 2 1043
3 0 68
2 1 1103
2 0 79
2 3 1430
4 0 97
0 0 82
4 1 104
0 1 1772
1 2 1001
4 2 1198
1 3 1451
3 3 1330
4 1 92
4 2 982
4 0 98
0 2 1042
1 0 70
3 2 1532
2 1 1469
0 3 1427
3 0 216
2 3 1542
4 1 81
4 0 93
2 0 71
0 0 71
4 2 937
1 1 1036
4 0 77
4 1 83
1 2 1320
1 0 74
4 2 1017
0 3 928
3 2 1250
0 1 1108
3 3 1377
2 1 1146
2 3 1253
2 0 212
3 0 92
1 3 768
4 1 96
4 0 115
0 0 118
4 2 1085
1 0 67
4 1 72
4 0 77
1 2 1478
2 3 1222
3 2 1050
2 1 1287
4 2 1148
3 3 1185
0 3 1152
0 1 1215
1 3 699
1 2 934
2 0 145
4 2 936
4 0 123
4 1 128
3 0 102
0 0 190
1 0 69
2 1 760
4 2 825
2 3 851
2 0 65
3 2 829
3 3 986
0 3 801
0 2 830
1 2 737
1 1 755
2 1 572
2 3 580
3 0 75
0 0 62
3 2 291
3 3 330
0 2 317
0 3 337
2 0 64
3 0 66
2 1 403
2 3 490
3 2 265
3 3 272
0 0 55
0 3 335
2 0 73
0 1 380
3 0 68
3 2 388
2 1 520
2 3 513
3 3 521
0 0 220
3 0 92
2 0 72
0 2 550
0 3 564
3 2 448
2 1 499
2 3 510
3 3 529
3 0 56
3 3 170
3 2 338
2 0 61
2 1 171
2 3 195
3 0 63
3 2 174
3 3 181
2 0 73
2 1 174
2 3 176
3 0 68
3 3 178
3 2 182
2 0 68
2 1 201
2 3 223
3 0 60
3 3 192
3 2 309
2 0 68
3 0 71
2 3 287
2 1 351
3 2 365
3 3 376
3 0 92
2 0 55
3 3 249
3 2 276
2 1 293
2 3 294
3 0 61
3 2 174
3 3 170
3 0 54
3 2 174
3 3 175
3 0 74
3 2 171
3 3 191
3 0 68
3 3 171
3 2 176
3 0 59
3 2 171
3 3 175
3 0 55
3 3 160
3 2 265
3 0 55
3 3 167
3 2 189
3 0 54
3 3 168
3 2 176
3 0 56
3 3 172
3 2 182
3 0 56
3 3 169
3 2 179
3 0 77
3 3 179
3 2 210
