0 0 331
0 2 396
0 1 413
0 0 52
0 3 84
0 5 322
0 0 42
0 1 46
0 4 291
0 0 39
0 2 56
0 5 297
0 0 35
0 2 57
0 4 290
0 0 26
0 1 57
0 2 65
1 0 25
1 3 55
1 2 66
0 0 37
0 3 59
0 5 296
1 0 27
1 4 455
0 0 28
0 1 54
1 5 694
0 4 381
1 0 30
1 2 70
1 3 71
0 0 31
0 2 52
0 5 289
1 0 28
1 3 46
1 4 290
0 0 58
0 2 60
0 4 296
1 0 27
1 1 38
1 5 298
0 0 41
2 0 43
0 2 89
0 1 95
2 1 137
2 4 349
3 0 25
1 0 27
3 2 68
3 3 81
1 2 223
4 0 26
1 3 256
4 2 74
2 0 23
2 2 38
0 0 29
0 3 43
4 4 508
3 0 160
3 3 198
4 0 48
4 2 70
4 1 82
1 0 38
2 5 748
2 0 21
2 2 36
4 0 25
4 3 41
0 5 1505
1 5 918
0 0 24
0 1 143
1 4 1184
3 4 1585
1 0 26
1 3 72
1 2 76
3 0 31
3 1 45
0 4 860
2 4 1634
2 0 31
2 1 62
2 2 65
0 0 27
0 2 39
3 5 753
4 5 1517
3 0 27
1 0 33
1 3 100
4 0 25
3 2 125
3 3 148
4 1 75
5 0 25
5 1 41
0 5 615
2 0 21
2 3 47
0 0 22
0 2 190
3 0 24
1 4 1291
5 5 1116
4 4 1402
5 0 29
1 0 33
5 3 119
5 2 121
1 1 124
4 0 26
4 2 38
3 5 1240
2 5 1695
5 0 23
2 0 28
2 1 38
4 5 1407
0 4 2347
3 4 2201
1 5 1905
4 0 24
4 2 64
0 0 30
5 4 1176
3 0 29
0 2 125
1 0 29
0 1 139
3 3 141
3 2 158
1 3 114
1 2 134
5 5 1488
5 0 24
5 2 62
5 3 62
4 4 727
2 4 1695
3 0 37
4 0 35
3 3 138
2 0 26
4 2 140
4 1 145
0 0 24
2 2 98
0 3 63
1 0 22
5 0 28
5 3 43
3 4 734
4 0 24
4 3 64
3 0 23
3 1 37
2 5 1633
1 5 1501
2 0 25
2 2 36
0 5 1783
0 0 23
0 1 40
1 4 2129
5 4 2100
4 5 1698
1 0 26
3 5 1742
1 3 97
1 2 106
5 0 41
4 0 46
3 0 35
5 1 116
3 2 105
3 3 111
4 1 174
2 4 1208
2 0 22
2 2 57
2 1 65
0 4 1222
0 0 30
3 0 24
0 2 49
1 0 23
1 3 49
5 5 1061
4 4 1154
5 0 27
5 3 74
5 2 81
4 0 24
4 2 41
2 0 23
2 3 35
5 0 23
4 5 1323
3 5 1886
3 4 2012
4 0 33
4 2 43
0 5 2125
3 0 25
1 4 2138
3 3 73
3 2 87
0 0 34
0 2 69
5 4 1223
1 0 23
1 1 43
2 5 2176
3 0 24
3 3 54
2 0 28
2 1 40
5 5 1993
5 0 29
5 2 74
5 3 65
0 4 1265
1 5 1110
4 4 1630
0 0 24
0 1 99
1 0 28
4 0 26
0 2 168
1 3 153
1 2 165
4 1 106
4 2 121
3 4 1010
2 4 975
5 0 34
3 0 24
2 0 26
5 3 96
3 1 75
2 2 67
4 0 21
4 3 44
0 0 31
0 3 36
1 0 22
5 4 1258
3 5 1446
5 0 21
5 1 42
3 0 25
3 2 61
3 3 62
2 5 1721
1 5 1166
2 0 22
2 2 39
1 4 1609
3 0 139
1 0 30
1 2 64
1 3 64
0 5 2057
4 5 2265
0 0 31
0 1 40
4 0 22
4 1 34
2 4 1364
5 5 1830
2 0 30
5 0 26
2 1 78
5 3 115
2 2 143
5 2 137
1 0 23
1 3 36
3 5 1328
3 4 1497
0 4 1277
3 0 32
5 0 27
4 4 1352
3 3 87
3 2 102
2 0 30
0 0 47
2 3 96
4 0 33
0 2 109
4 2 69
1 4 1316
3 0 25
3 3 50
1 0 22
1 1 38
5 5 1355
5 4 1597
0 5 1577
5 0 26
5 3 82
0 0 30
5 2 114
0 2 72
2 5 1936
4 5 1970
3 4 1582
2 0 30
2 1 54
4 0 22
4 2 39
3 0 22
1 5 1665
3 1 45
1 0 23
5 0 23
1 2 86
1 3 102
5 3 92
2 4 1307
3 5 1137
0 4 1849
1 0 43
4 4 1549
3 0 33
2 0 37
0 0 27
4 0 29
2 2 174
0 1 188
3 3 227
4 1 184
0 2 234
3 2 269
5 4 1623
4 2 222
5 0 22
5 1 37
1 4 794
3 0 23
4 0 23
4 3 40
1 5 1144
0 0 23
0 3 42
2 5 1204
1 0 40
2 0 25
1 3 70
1 2 105
2 2 73
5 5 1732
0 5 1157
5 0 26
3 4 1535
1 0 31
5 3 95
5 2 104
1 3 87
0 0 29
0 1 42
4 5 1868
2 4 1549
3 5 2053
4 0 23
2 0 24
4 1 71
3 0 29
5 0 40
2 1 107
2 2 114
3 3 103
3 2 107
0 4 1109
1 4 1276
0 0 23
0 2 43
1 0 29
1 1 59
3 0 22
3 3 47
2 0 33
2 3 58
5 4 1370
4 4 1828
5 5 1755
4 0 23
4 2 45
5 0 20
5 3 58
5 2 61
1 5 1299
1 0 20
1 3 60
1 2 61
2 5 1328
0 5 1912
3 4 1632
0 0 30
0 2 164
2 0 63
3 0 34
5 0 38
5 3 89
3 1 109
2 1 142
4 5 1007
4 0 22
4 2 37
1 0 20
1 4 1275
0 4 2017
1 5 1372
3 5 1935
5 4 1944
2 4 2002
4 4 1788
0 0 39
0 2 91
1 0 171
3 0 37
2 0 29
5 0 33
4 0 30
0 1 393
1 2 327
3 3 202
1 3 390
4 2 166
2 2 242
5 1 214
4 1 210
3 2 317
5 5 512
2 5 646
3 0 24
0 0 21
0 3 48
5 0 29
1 0 31
4 0 31
5 2 79
5 3 116
1 3 237
2 0 24
4 3 259
2 2 51
5 0 20
3 4 1345
3 5 1630
2 4 1225
3 0 23
2 0 27
3 2 107
3 3 139
2 1 140
2 2 147
5 4 1203
0 5 2169
4 5 2148
1 4 2182
5 5 1365
0 0 174
0 1 204
3 0 41
4 0 46
1 0 26
5 0 26
2 0 23
3 3 155
1 1 152
4 1 206
5 3 160
5 2 165
2 3 109
5 0 28
5 3 46
2 5 988
2 0 21
2 1 53
0 4 1543
4 4 1375
0 0 38
4 0 24
4 2 53
0 2 86
3 4 1760
3 0 22
3 1 39
5 4 1358
1 5 2326
5 0 24
5 1 55
1 0 21
1 3 65
1 2 69
2 4 1325
2 0 20
2 2 43
0 5 1232
0 0 22
0 2 37
4 5 1672
3 5 1449
4 0 22
4 2 40
3 0 30
1 0 23
3 3 69
3 2 69
5 5 1552
5 0 26
5 3 69
5 2 69
2 5 1571
3 0 23
2 0 29
2 2 45
0 4 1656
0 0 23
0 1 66
0 2 66
5 0 22
1 4 1685
1 5 2070
4 4 2323
0 0 33
1 0 26
0 3 89
1 2 98
1 3 115
4 0 29
4 1 65
4 2 82
5 5 1340
3 5 1834
2 4 1991
3 4 2043
5 4 1643
0 5 843
2 0 34
3 0 28
5 0 170
4 0 35
2 1 311
1 0 33
2 2 365
3 2 368
0 0 27
5 3 200
3 3 395
0 1 136
5 2 315
4 3 302
1 3 190
3 0 23
3 3 41
4 5 693
5 0 22
5 3 36
2 0 31
2 3 48
4 0 22
4 1 44
0 4 1225
1 4 1535
0 0 25
0 2 50
1 0 21
1 1 68
2 5 1199
4 4 1210
2 0 27
4 0 22
2 1 64
4 2 50
5 4 1814
3 4 1897
5 0 23
5 1 63
3 0 22
3 1 49
1 5 1498
2 4 1302
1 0 31
4 5 1512
0 5 2074
1 3 96
1 2 101
2 0 34
2 2 80
4 0 32
5 5 1243
0 0 28
4 2 65
0 2 80
5 0 24
5 3 56
5 2 71
3 5 1776
3 0 23
1 0 26
3 2 74
3 3 79
2 5 1005
5 0 38
2 0 24
2 2 43
4 4 1245
0 4 1365
4 0 29
4 2 86
4 1 100
0 0 26
0 1 60
0 2 61
3 0 24
4 0 23
4 3 50
0 0 22
0 3 35
1 5 2076
3 5 1315
5 5 1904
1 4 2312
1 0 25
1 3 62
1 2 67
2 4 2191
5 4 2254
3 4 2017
2 0 25
2 1 86
4 5 1511
5 0 43
2 2 110
5 2 97
5 3 108
3 0 28
0 5 1233
3 2 73
3 3 85
4 1 45
4 0 43
0 0 23
0 1 72
4 4 359
1 0 47
5 0 25
1 3 75
5 3 63
2 0 22
3 0 28
2 3 62
3 3 61
4 2 34
4 0 35
0 4 719
0 0 21
0 2 36
1 4 1311
3 4 1310
1 0 22
1 1 40
3 0 21
3 1 33
4 5 1674
5 4 1910
2 5 1995
4 0 22
4 2 49
5 0 24
5 1 37
2 0 22
2 1 42
0 5 1721
0 0 21
0 2 57
3 5 1317
3 0 24
3 2 57
3 3 65
1 5 1700
1 0 21
1 3 50
1 2 65
2 4 1135
2 0 32
2 2 37
4 4 1656
5 5 1600
3 0 24
0 4 1410
4 0 24
5 0 26
4 1 115
4 2 128
0 0 27
5 3 136
5 2 162
0 1 70
0 2 118
1 0 20
4 0 21
4 3 44
2 5 1101
5 0 20
3 4 1042
2 0 33
2 2 52
0 0 21
0 3 51
3 5 1926
1 4 1457
3 0 21
3 3 58
3 2 62
4 5 1543
5 4 1616
4 0 26
4 1 39
1 5 2269
3 0 21
3 3 52
1 0 20
1 2 50
1 3 73
2 4 1867
5 5 2205
2 0 38
0 5 2019
2 2 117
2 1 124
5 0 24
5 2 62
5 3 82
4 4 903
0 1 43
0 0 50
4 0 29
4 2 65
3 4 946
3 0 23
3 1 39
1 0 22
1 3 42
0 4 674
2 3 38
2 0 43
5 0 32
5 3 54
0 0 22
0 2 33
4 5 1240
4 0 32
4 2 34
3 5 1716
2 5 1673
5 4 1426
3 0 28
1 4 1819
3 2 108
3 3 110
5 0 39
2 0 30
5 1 198
0 5 1617
2 1 207
1 0 50
1 1 60
0 2 32
0 0 38
4 4 1409
4 0 22
4 2 62
4 1 63
3 0 24
4 0 21
4 3 41
3 4 1247
3 5 1250
5 5 1926
2 4 1928
5 0 33
3 0 45
2 0 26
5 3 117
0 4 1866
1 5 1999
3 3 273
2 2 274
5 2 322
3 2 319
4 5 1096
1 0 27
1 3 82
1 2 89
4 0 24
2 5 584
4 1 55
5 0 22
3 0 22
3 3 52
4 4 434
2 0 23
2 2 64
4 0 21
4 2 45
1 0 33
5 4 1198
3 4 1499
2 4 1315
3 0 33
2 0 31
2 2 75
2 1 81
3 1 107
1 5 1318
5 5 2153
1 4 1449
5 0 21
4 5 1764
5 3 83
5 2 99
1 0 27
3 5 819
1 3 73
4 0 34
1 2 98
4 2 66
2 0 45
3 0 22
2 3 77
3 2 73
3 3 77
4 4 508
5 0 20
5 3 40
2 5 488
4 0 23
4 2 68
4 1 79
5 4 384
1 0 31
1 3 43
3 0 21
2 0 21
2 1 40
5 0 28
5 1 39
1 4 705
4 0 25
4 3 40
1 0 28
1 1 34
3 4 1496
3 5 1519
2 4 1716
4 5 1289
5 5 1579
2 0 24
2 2 57
1 5 1051
5 0 33
4 0 31
5 3 94
5 2 101
4 1 82
2 5 492
4 4 510
5 0 22
4 0 29
4 2 44
2 0 35
2 2 36
5 4 938
5 5 941
4 5 1012
5 0 22
2 4 1042
5 2 79
5 3 88
2 0 27
2 2 63
2 1 73
5 0 22
5 3 39
5 4 291
2 0 24
2 3 57
2 5 289
