0 0 274
0 2 439
0 1 452
0 0 71
0 2 188
0 1 198
0 0 83
0 2 187
0 1 196
0 0 80
0 2 200
0 1 201
0 0 86
0 2 174
0 1 223
1 0 78
1 1 77
1 2 207
0 0 79
0 1 264
0 2 312
1 1 64
1 0 66
1 2 208
0 0 67
0 2 219
0 1 256
1 0 137
1 1 146
1 2 256
0 0 63
0 2 249
1 1 69
1 0 86
0 1 327
1 2 169
1 1 96
0 0 78
1 0 127
1 2 327
0 2 331
0 1 429
1 0 119
1 1 125
1 2 229
0 0 125
0 2 240
0 1 285
1 1 118
1 0 122
1 2 184
0 0 59
0 1 246
0 2 290
1 1 75
1 0 105
1 2 129
0 0 77
0 2 222
0 1 335
1 1 71
1 0 147
1 2 124
0 0 177
1 0 78
1 1 78
1 2 211
0 2 386
0 1 388
2 0 80
2 3 195
2 1 202
1 0 211
1 1 214
0 0 81
1 2 400
0 2 300
0 1 301
2 0 72
1 1 120
2 3 372
1 0 129
2 1 433
1 2 237
0 0 77
0 2 178
0 1 195
2 0 66
1 1 306
1 0 311
3 0 126
3 1 123
2 1 650
2 3 664
0 0 69
3 3 330
1 2 654
0 1 254
0 2 264
2 0 64
3 1 78
1 1 80
1 0 84
3 0 112
2 1 375
2 3 387
1 2 274
3 3 296
0 0 93
3 1 89
2 0 86
3 0 101
1 0 66
1 1 75
0 1 600
0 2 644
2 1 656
1 2 447
3 3 685
2 3 680
3 1 59
3 0 64
3 3 108
0 0 183
2 0 84
1 1 67
1 0 75
2 3 358
0 2 792
4 0 95
3 1 95
3 0 110
0 1 881
2 1 779
1 2 854
2 0 87
1 0 84
1 1 93
0 0 62
3 0 82
3 1 83
3 3 1005
4 1 1023
4 0 70
4 2 1230
1 1 98
1 0 104
3 1 85
3 0 104
1 2 1319
5 3 1100
2 1 1465
2 3 1505
0 2 1728
2 0 68
1 0 90
1 1 91
3 3 3244
5 0 3452
0 1 3729
1 1 95
1 0 319
5 1 3807
4 1 3562
0 0 1305
1 1 886
1 0 1062
3 3 4520
4 2 5121
2 1 4223
2 3 4325
2 0 61
1 2 4982
0 1 2248
1 2 4579
4 2 1350
5 0 952
0 0 65
0 2 2503
5 1 1093
5 3 1095
2 1 724
1 2 3089
2 3 1016
0 1 503
2 0 65
0 2 694
5 0 468
5 3 500
5 1 604
2 1 465
2 3 473
0 0 70
0 2 243
0 1 265
5 0 253
5 3 268
2 0 66
5 1 576
2 1 254
2 3 254
0 0 64
5 0 431
5 3 436
5 1 475
0 2 268
0 1 279
2 0 222
2 3 503
2 1 580
5 0 398
5 1 425
0 0 70
5 3 454
0 2 204
2 0 63
0 1 484
5 0 366
2 3 418
2 1 439
5 1 476
5 3 521
0 0 63
2 0 58
0 2 422
5 1 498
5 3 575
5 0 588
0 1 575
2 3 463
2 1 664
0 0 75
2 0 68
5 3 506
5 0 653
2 3 405
5 1 672
0 1 603
0 2 660
2 1 523
5 0 390
2 0 70
5 3 423
0 0 69
5 1 486
0 2 358
2 3 426
0 1 754
2 1 783
2 0 65
5 3 662
5 1 675
5 0 682
0 0 62
2 3 420
0 2 383
2 1 595
0 1 488
5 0 246
5 3 285
5 1 384
2 0 64
2 1 290
2 3 289
0 0 70
0 2 366
0 1 440
5 1 393
5 3 405
5 0 423
2 0 64
2 1 245
2 3 301
0 0 63
5 0 428
5 3 486
0 1 319
0 2 336
5 1 538
2 0 57
5 3 327
5 0 331
5 1 332
2 1 388
2 3 443
0 0 64
0 2 266
0 1 327
5 3 206
5 0 236
2 0 64
5 1 378
2 1 215
2 3 224
0 0 60
0 1 296
0 2 412
5 0 478
2 0 54
5 3 497
5 1 515
2 3 196
2 1 222
0 0 61
5 0 307
5 3 379
0 2 354
5 1 614
0 1 470
2 0 162
2 1 341
2 3 347
5 0 240
5 3 240
5 1 307
0 0 63
0 2 185
0 1 293
2 0 59
2 3 313
2 1 335
5 1 347
5 3 377
5 0 385
0 0 66
2 0 56
0 1 508
0 2 564
5 3 567
5 0 579
2 3 539
5 1 606
2 1 565
0 0 77
2 0 59
0 1 407
5 1 484
5 0 509
2 1 507
5 3 549
2 3 572
0 2 649
2 0 64
0 0 63
5 0 353
5 3 387
5 1 480
2 3 423
0 2 564
0 1 588
2 1 624
5 0 310
5 1 378
2 0 78
5 3 394
0 0 58
2 1 377
2 3 416
0 1 325
0 2 312
5 0 295
5 3 298
5 1 316
2 0 63
2 1 169
2 3 185
0 0 64
5 0 483
5 3 521
0 2 391
5 1 529
0 1 440
2 0 214
0 0 62
2 3 543
2 1 642
5 1 527
5 3 525
5 0 560
0 2 406
0 1 444
2 0 66
5 1 365
2 3 393
2 1 440
5 0 416
5 3 466
2 0 59
5 3 309
5 1 334
5 0 451
2 3 428
2 1 440
5 0 224
5 3 234
5 1 294
2 0 64
2 3 207
2 1 342
5 1 220
5 3 272
5 0 289
2 0 56
2 3 164
2 1 298
5 3 239
5 1 256
5 0 315
2 0 57
5 3 383
5 1 388
5 0 394
2 3 388
2 1 537
5 0 199
2 0 63
5 3 297
5 1 300
2 1 192
2 3 223
5 0 218
5 3 217
5 1 278
2 0 57
2 1 180
2 3 183
5 1 230
5 3 249
5 0 267
2 0 57
2 3 365
5 1 405
2 1 422
5 3 438
5 0 441
2 0 63
5 1 391
2 1 374
5 0 442
5 3 429
2 3 394
5 3 228
5 0 250
5 1 270
2 0 58
2 1 315
2 3 318
5 3 227
5 1 252
5 0 273
