0 2 351
0 6 332
0 1 378
0 3 338
0 4 387
0 0 405
0 5 390
0 6 91
0 5 94
0 1 104
0 2 107
0 4 108
0 0 115
0 3 114
0 5 70
0 6 92
0 1 141
0 4 92
0 3 94
0 0 106
0 2 155
0 5 82
0 6 82
0 1 87
0 3 98
0 0 98
0 2 101
0 4 105
0 0 133
0 5 110
0 3 112
0 6 114
0 2 109
0 1 117
0 4 108
0 0 86
0 5 92
0 3 103
0 2 107
0 6 104
0 4 104
0 1 108
0 6 80
0 5 85
0 4 96
0 1 99
0 3 99
0 0 105
0 2 103
0 6 80
0 5 85
0 3 89
0 4 88
0 1 98
0 2 99
0 0 101
0 3 91
0 4 93
0 5 103
0 2 109
0 0 112
0 6 110
0 1 112
0 5 85
0 4 88
0 3 91
0 0 108
0 1 115
0 2 118
0 6 100
0 6 71
0 2 80
0 1 88
0 3 90
0 4 93
0 5 97
0 0 101
0 6 73
0 5 85
0 0 96
0 1 96
0 4 101
0 2 103
0 3 104
0 5 66
0 1 76
0 6 78
0 4 86
0 3 89
0 0 94
0 2 95
0 3 78
0 1 85
0 2 96
0 4 97
0 5 97
0 6 99
0 0 107
0 6 71
0 0 83
0 2 94
0 4 98
0 1 99
0 5 104
0 3 109
0 6 67
0 3 89
0 0 88
0 4 86
0 2 98
0 1 99
0 5 102
0 6 63
0 4 88
0 1 93
0 2 94
0 3 94
0 0 99
0 5 98
0 4 64
0 3 85
0 0 87
0 6 92
0 1 94
0 2 102
0 5 101
0 5 127
0 2 137
0 0 141
0 6 146
0 3 148
0 1 145
0 4 148
0 4 82
0 6 84
0 3 94
0 0 97
0 1 101
0 5 102
0 2 99
0 3 81
0 5 80
0 4 90
0 2 91
0 6 93
0 1 95
0 0 98
0 1 80
0 0 81
0 5 82
0 3 83
0 4 94
0 6 93
0 2 96
0 2 95
0 4 95
0 3 98
0 0 98
0 6 94
0 5 95
0 1 105
0 4 78
0 5 81
0 1 83
0 3 89
0 6 87
0 2 92
0 0 92
0 6 76
0 5 80
0 1 89
0 2 95
0 3 94
0 0 101
0 4 97
0 5 69
0 3 83
0 4 83
0 1 90
0 2 90
0 6 92
0 0 97
0 1 78
0 6 90
0 0 94
0 3 99
0 2 102
0 4 105
0 5 105
