0 1 549
0 5 549
0 6 648
0 3 682
0 4 683
0 0 696
0 2 722
0 2 327
0 5 373
0 1 398
0 0 416
0 3 428
0 4 431
0 6 445
0 5 366
0 4 311
0 2 376
0 0 461
0 1 392
0 3 409
0 6 395
0 4 236
0 2 289
0 0 382
0 6 342
0 3 359
0 5 361
0 1 406
0 0 371
0 5 405
0 2 395
0 1 420
0 4 429
0 6 441
0 3 444
0 0 248
0 1 256
0 2 349
0 4 359
0 5 380
0 6 381
0 3 390
0 6 283
0 2 307
0 5 341
0 1 341
0 0 346
0 3 372
0 4 379
0 3 267
0 6 325
0 0 339
0 4 347
0 2 349
0 5 349
0 1 350
0 4 327
0 5 343
0 2 354
0 1 363
0 0 376
0 6 389
0 3 383
0 6 319
0 0 351
0 4 356
0 5 369
0 3 378
0 1 392
0 2 392
0 1 290
0 2 291
0 3 314
0 4 325
0 5 334
0 6 359
0 0 361
0 4 260
0 3 304
0 0 349
0 2 351
0 6 370
0 5 379
0 1 386
0 6 263
0 1 338
0 3 343
0 4 358
0 2 368
0 0 369
0 5 375
0 2 246
0 5 337
0 1 353
0 0 356
0 4 357
0 3 371
0 6 380
0 3 295
0 2 311
0 4 327
0 0 355
0 5 355
0 6 363
0 1 396
0 0 306
0 2 311
0 4 320
0 5 339
0 3 366
0 6 372
0 1 388
0 2 309
0 4 307
0 3 343
0 1 346
0 6 346
0 5 364
0 0 364
0 6 213
0 3 268
0 4 314
0 0 332
0 2 337
0 1 366
0 5 371
0 0 224
0 6 238
0 3 311
0 4 315
0 5 335
0 2 373
0 1 377
0 0 213
0 6 339
0 3 347
0 5 353
0 2 360
0 1 378
0 4 399
0 0 259
0 3 316
0 6 331
0 5 334
0 1 368
0 2 367
0 4 374
0 1 293
0 4 312
0 6 320
0 5 333
0 2 345
0 3 345
0 0 369
0 5 326
0 2 329
0 4 342
0 3 364
0 6 381
0 0 385
0 1 394
0 5 313
0 3 327
0 4 327
0 2 342
0 6 342
0 1 354
0 0 357
0 4 305
0 0 317
0 2 346
0 6 348
0 1 373
0 5 373
0 3 381
0 1 313
0 5 343
0 3 395
0 4 415
0 6 433
0 0 458
0 2 452
0 0 295
0 2 324
0 1 326
0 6 353
0 3 370
0 5 363
0 4 373
