0 1 375
0 5 344
0 0 393
0 4 397
0 6 353
0 2 402
0 3 402
0 4 95
0 1 100
0 3 144
0 2 106
0 0 152
0 6 105
0 5 108
0 0 118
0 3 125
0 4 80
0 5 85
0 1 128
0 6 90
0 2 141
0 2 92
0 1 99
0 0 98
0 6 94
0 5 109
0 4 110
0 3 106
0 1 95
0 4 98
0 3 98
0 5 108
0 0 111
0 6 115
0 2 116
0 3 87
0 4 103
0 0 111
0 5 106
0 1 111
0 6 104
0 2 115
0 0 84
0 5 82
0 1 85
0 4 96
0 2 100
0 3 105
0 6 102
0 2 71
0 1 76
0 6 79
0 5 93
0 4 96
0 3 98
0 0 99
0 3 86
0 2 91
0 0 106
0 6 101
0 4 102
0 5 103
0 1 111
0 4 98
0 5 94
0 6 99
0 2 102
0 0 106
0 3 107
0 1 115
0 4 74
0 2 78
0 3 87
0 6 87
0 0 93
0 5 92
0 1 96
0 6 72
0 4 79
0 0 83
0 1 91
0 3 96
0 5 99
0 2 105
0 5 76
0 6 76
0 0 84
0 3 88
0 2 97
0 4 99
0 1 103
0 6 65
0 4 77
0 5 85
0 0 97
0 3 99
0 1 103
0 2 103
0 6 60
0 3 75
0 4 79
0 1 80
0 0 88
0 2 91
0 5 94
0 4 86
0 6 87
0 2 93
0 5 96
0 1 101
0 0 105
0 3 106
0 4 74
0 5 81
0 1 85
0 6 84
0 2 95
0 3 96
0 0 97
0 6 81
0 5 84
0 1 98
0 4 102
0 2 95
0 3 103
0 0 102
0 4 95
0 2 101
0 3 105
0 0 110
0 5 108
0 6 114
0 1 114
0 3 72
0 5 93
0 6 98
0 0 103
0 2 101
0 4 101
0 1 109
0 6 84
0 2 89
0 3 91
0 1 96
0 4 95
0 0 104
0 5 101
0 6 72
0 2 73
0 0 86
0 4 88
0 1 96
0 5 92
0 3 96
0 2 95
0 5 90
0 4 93
0 6 93
0 0 102
0 3 99
0 1 103
0 5 86
0 4 86
0 1 144
0 0 145
0 6 93
0 3 149
0 2 149
0 4 86
0 3 90
0 5 91
0 0 97
0 1 96
0 6 95
0 2 98
0 2 79
0 5 89
0 4 89
0 6 97
0 0 100
0 1 99
0 3 102
0 4 92
0 5 97
0 2 109
0 1 109
0 6 106
0 3 107
0 0 110
