0 3 519
0 1 541
0 6 541
0 4 553
0 0 587
0 2 562
0 5 574
0 6 133
0 3 153
0 4 158
0 5 180
0 1 202
0 0 202
0 2 213
0 3 149
0 6 184
0 5 184
0 4 187
0 2 200
0 1 205
0 0 217
0 6 166
0 0 194
0 2 202
0 4 205
0 5 205
0 1 209
0 3 208
0 5 160
0 6 168
0 4 167
0 3 178
0 2 283
0 1 202
0 0 301
0 4 143
0 3 146
0 5 154
0 2 169
0 6 179
0 0 186
0 1 194
0 6 137
0 3 156
0 0 208
0 5 176
0 4 185
0 2 205
0 1 232
0 5 142
0 1 169
0 2 181
0 4 183
0 6 181
0 3 195
0 0 196
0 2 151
0 4 149
0 5 172
0 3 189
0 6 194
0 1 206
0 0 206
0 1 148
0 6 164
0 5 179
0 0 192
0 2 186
0 4 186
0 3 190
0 5 138
0 2 152
0 4 159
0 6 178
0 1 176
0 0 177
0 3 177
0 1 141
0 5 145
0 3 152
0 6 152
0 0 161
0 2 174
0 4 180
0 4 138
0 0 156
0 2 151
0 5 155
0 6 178
0 1 182
0 3 187
0 4 133
0 6 164
0 0 173
0 2 172
0 3 177
0 5 181
0 1 189
0 4 140
0 3 143
0 1 158
0 5 174
0 6 183
0 2 190
0 0 198
0 0 155
0 6 146
0 5 159
0 3 209
0 1 212
0 4 186
0 2 216
0 3 144
0 2 163
0 4 171
0 1 190
0 0 191
0 6 190
0 5 193
0 0 163
0 2 177
0 3 181
0 1 202
0 5 188
0 4 194
0 6 199
0 1 170
0 0 176
0 6 216
0 3 221
0 2 224
0 5 230
0 4 229
0 1 144
0 6 158
0 2 163
0 5 171
0 3 190
0 4 191
0 0 194
0 6 135
0 3 153
0 0 174
0 5 181
0 2 183
0 4 184
0 1 193
0 4 155
0 1 161
0 2 174
0 5 173
0 6 177
0 0 202
0 3 203
0 6 156
0 1 172
0 4 175
0 2 181
0 3 192
0 0 201
0 5 201
0 3 162
0 4 171
0 5 181
0 0 185
0 6 188
0 2 187
0 1 195
0 5 150
0 2 152
0 1 161
0 4 179
0 3 186
0 0 188
0 6 191
0 0 166
0 3 177
0 6 177
0 4 187
0 2 199
0 1 204
0 5 197
0 1 149
0 5 157
0 4 175
0 0 176
0 3 198
0 6 199
0 2 209
