0 1 374
0 2 372
0 0 397
1 0 98
1 1 111
1 2 120
0 2 131
0 0 129
0 1 136
1 2 92
1 0 95
1 1 100
0 1 75
0 0 85
0 2 89
1 1 77
1 2 95
1 0 120
0 0 82
0 1 82
0 2 82
1 0 93
1 1 93
1 2 88
0 0 152
0 2 151
0 1 156
1 1 70
1 2 97
1 0 100
0 2 137
0 1 146
0 0 149
3 2 141
3 0 179
3 1 200
1 0 88
1 2 89
1 1 90
3 1 89
3 2 88
3 0 91
0 0 76
0 2 82
0 1 97
3 2 93
3 1 96
3 0 97
1 2 129
1 1 132
1 0 130
0 1 83
0 0 88
0 2 89
3 0 89
3 2 89
3 1 89
1 0 88
1 1 90
1 2 90
0 0 115
0 2 133
0 1 141
3 0 114
3 1 140
3 2 146
1 0 85
1 2 88
1 1 91
3 0 88
3 1 88
3 2 94
0 2 70
0 1 90
0 0 96
3 2 94
3 0 94
3 1 94
1 2 86
1 0 89
1 1 88
0 2 84
0 1 93
0 0 95
3 1 82
3 0 86
3 2 84
1 0 88
1 1 121
1 2 163
0 0 88
0 2 89
0 1 89
3 2 90
3 1 88
3 0 89
1 2 145
1 0 147
1 1 154
3 0 189
3 1 189
3 2 194
0 1 100
0 0 101
0 2 102
3 1 81
3 2 87
3 0 95
1 0 104
1 1 105
1 2 105
0 0 89
0 1 89
0 2 89
3 1 84
3 0 86
3 2 86
1 1 93
1 0 93
1 2 93
3 0 94
3 1 89
3 2 88
2 1 10870
2 0 10873
2 2 10867
2 0 46
2 2 45
2 1 44
3 1 90
3 2 90
3 0 91
2 1 41
2 0 41
2 2 40
2 1 38
2 0 42
2 2 41
2 1 39
2 0 41
2 2 38
2 0 42
2 2 45
2 1 45
2 1 37
2 0 38
2 2 40
2 0 41
2 2 39
2 1 44
2 2 46
2 1 47
2 0 49
2 2 42
2 0 44
2 1 44
2 2 48
2 1 49
2 0 52
2 1 43
2 0 45
2 2 49
2 0 51
2 1 50
2 2 49
2 2 51
2 0 52
2 1 48
