0 5 415
0 4 444
0 0 476
0 6 468
0 2 496
0 3 513
0 1 525
0 3 205
0 1 218
0 2 214
0 6 215
0 5 215
0 4 226
0 0 238
0 1 170
0 0 182
0 4 179
0 3 197
0 5 210
0 6 211
0 2 222
0 6 154
0 5 166
0 4 170
0 1 177
0 3 179
0 2 190
0 0 198
0 5 149
0 4 163
0 3 171
0 6 180
0 2 275
0 0 289
0 1 282
0 5 140
0 6 175
0 2 180
0 1 186
0 4 192
0 3 193
0 0 200
0 4 136
0 2 146
0 3 186
0 1 172
0 5 202
0 6 207
0 0 215
0 3 153
0 2 161
0 1 181
0 0 185
0 5 191
0 6 192
0 4 195
0 2 156
0 6 167
0 4 167
0 0 185
0 1 195
0 5 192
0 3 194
0 4 131
0 2 134
0 5 144
0 3 157
0 0 182
0 6 173
0 1 192
0 4 140
0 6 144
0 1 174
0 5 172
0 2 197
0 3 192
0 0 201
0 5 153
0 6 157
0 0 170
0 4 171
0 2 173
0 1 175
0 3 175
0 3 124
0 0 175
0 1 176
0 2 188
0 5 187
0 6 187
0 4 194
0 3 113
0 6 142
0 1 191
0 5 185
0 0 207
0 4 189
0 2 195
0 5 148
0 6 165
0 2 182
0 4 184
0 1 193
0 0 193
0 3 197
0 0 181
0 2 182
0 5 177
0 4 185
0 1 196
0 6 190
0 3 206
0 6 147
0 4 181
0 1 195
0 0 198
0 3 199
0 5 196
0 2 194
0 0 166
0 4 167
0 2 166
0 1 196
0 3 169
0 5 176
0 6 199
0 3 131
0 1 163
0 4 166
0 0 188
0 2 183
0 5 189
0 6 190
0 0 131
0 5 150
0 6 153
0 4 171
0 1 177
0 2 182
0 3 184
0 3 163
0 2 171
0 5 177
0 0 201
0 1 205
0 4 205
0 6 205
0 4 134
0 1 164
0 0 176
0 5 179
0 6 186
0 3 190
0 2 198
0 3 124
0 1 164
0 0 172
0 2 194
0 4 188
0 5 190
0 6 191
0 4 129
0 6 145
0 3 149
0 1 165
0 2 186
0 0 186
0 5 181
0 3 159
0 0 160
0 5 162
0 4 177
0 6 184
0 2 188
0 1 191
0 2 162
0 5 180
0 3 182
0 1 192
0 4 194
0 6 199
0 0 201
0 0 162
0 6 155
0 5 162
0 2 164
0 4 182
0 1 201
0 3 188
