0 0 403
0 3 475
0 1 674
0 1 164
0 0 230
1 0 143
1 3 210
1 2 263
0 3 431
0 0 137
1 0 77
1 2 111
0 3 375
0 1 461
1 3 382
0 0 90
1 0 130
1 2 179
0 1 572
1 3 565
2 0 130
0 3 700
2 1 172
2 3 302
0 0 53
1 0 163
0 3 304
1 2 225
0 1 401
1 3 269
2 0 125
2 3 264
2 2 436
0 0 135
1 0 68
1 2 97
0 1 291
0 3 348
1 3 409
2 0 215
2 3 291
2 2 532
0 0 86
0 1 108
1 0 67
1 2 166
2 0 61
1 3 316
0 3 533
2 3 229
2 2 362
0 0 60
1 0 58
0 1 292
2 0 61
1 2 190
2 3 291
2 2 348
0 3 816
1 3 643
0 0 83
3 0 69
2 0 90
1 0 86
3 3 679
0 3 893
0 1 960
3 1 1041
2 2 859
1 1 954
1 3 1284
2 3 1472
0 0 342
3 0 509
1 2 295
4 1 143
1 0 347
4 0 229
2 0 71
4 0 72
4 1 102
1 0 88
1 2 102
3 3 5019
3 1 5176
0 1 5038
0 3 5043
1 3 5050
0 0 84
4 3 5209
1 0 60
1 2 223
2 2 5176
3 0 145
1 3 5011
2 3 5561
2 0 50
0 1 1127
4 3 5445
0 0 68
0 3 1411
1 0 60
3 1 985
1 2 94
1 3 1363
3 0 52
3 3 1537
2 2 1020
2 3 1312
2 0 138
1 0 143
1 2 107
0 1 1417
3 3 1103
1 3 1422
0 0 224
0 3 1852
3 1 1717
5 0 62
5 2 114
3 0 181
1 0 82
1 2 116
1 3 1204
0 1 1168
2 3 1477
0 3 1256
0 0 86
5 0 91
2 2 1839
5 2 153
1 0 538
2 0 58
3 1 2596
5 3 2676
5 0 71
3 0 73
5 2 120
3 3 3396
1 3 3239
0 1 2699
0 0 66
0 3 3103
5 0 66
5 3 3007
2 3 1332
5 2 213
2 2 1904
3 1 1573
2 0 70
3 3 1627
2 1 123
5 3 1700
3 0 81
0 1 1018
5 0 58
5 2 178
5 3 1111
0 3 1185
0 0 88
2 3 728
3 1 677
3 3 732
0 1 517
2 0 199
3 0 185
5 3 895
5 0 55
5 2 87
2 2 521
0 3 1160
0 0 68
3 1 768
2 3 810
3 0 144
5 0 145
5 2 188
5 3 1020
2 0 61
0 1 897
3 3 1635
5 3 680
3 1 746
2 2 552
3 0 233
0 0 235
5 0 235
5 2 127
0 3 1588
3 3 1368
2 0 175
3 1 755
2 3 1636
3 0 63
5 0 67
5 2 88
2 2 614
3 3 1068
5 3 1325
2 3 1045
3 1 640
5 3 642
2 0 53
0 1 1894
5 0 182
3 0 195
3 3 1069
5 2 233
0 0 65
2 3 609
0 3 2289
5 3 609
3 1 819
2 0 162
2 2 1217
5 0 60
3 0 63
5 2 115
0 3 913
3 3 1511
0 1 1600
2 2 1013
0 0 195
3 1 890
5 0 76
2 3 1066
5 2 131
3 3 1111
3 0 55
5 3 1350
2 0 65
5 0 52
5 2 92
5 3 884
0 1 1121
0 3 1324
0 0 56
3 1 967
3 3 1185
5 3 780
3 0 53
5 0 57
2 3 1116
5 2 92
2 2 1144
0 3 779
0 1 890
5 3 536
3 1 644
3 3 834
2 0 166
3 0 58
5 0 53
5 2 108
0 0 68
2 2 816
2 3 851
5 3 563
3 1 782
3 0 52
5 0 56
5 2 97
2 0 59
3 1 415
3 3 1556
3 3 737
0 1 1272
5 3 616
2 2 562
3 0 114
5 0 102
0 0 126
5 2 119
0 3 1779
2 0 51
2 3 1252
5 0 55
0 1 1027
5 2 94
0 0 63
0 3 1239
3 3 1426
2 2 983
3 1 1460
5 3 527
5 3 1458
2 3 1038
0 1 480
0 3 706
5 0 56
5 2 128
2 0 172
3 0 58
5 3 365
0 0 62
5 0 53
3 1 544
5 2 88
2 2 735
3 0 60
2 3 1015
2 0 54
0 1 908
5 3 771
0 0 66
5 0 66
5 2 96
0 3 1359
3 1 996
3 3 2076
3 0 251
5 0 66
5 2 93
3 3 1487
2 2 1126
0 1 931
0 0 63
5 3 1059
3 1 842
2 3 1531
3 0 66
2 0 59
5 0 52
5 2 95
5 3 236
0 1 891
5 3 1352
3 3 1722
0 3 1000
2 2 705
0 3 2050
3 1 786
0 0 195
3 0 203
5 0 81
5 2 108
2 3 1221
2 0 54
5 3 514
3 3 1638
2 3 401
5 0 160
2 2 536
0 3 912
5 2 193
0 1 1055
3 3 1151
3 1 1162
5 3 583
2 0 56
0 0 58
5 0 57
5 2 231
3 0 51
2 2 570
2 3 665
0 1 800
2 0 166
5 0 171
0 0 71
3 3 903
2 1 234
5 2 292
5 3 1280
3 1 1118
0 3 1644
3 0 53
5 0 167
2 0 54
5 2 222
5 3 1059
0 1 957
0 3 955
2 3 1162
0 0 63
3 3 805
3 1 832
2 2 667
5 3 991
5 0 58
5 2 120
0 1 658
0 3 665
3 0 81
2 3 1234
2 0 161
0 0 62
5 3 698
5 0 46
3 3 655
2 2 415
2 3 566
5 2 326
3 1 1082
0 1 604
3 0 55
5 3 868
0 3 985
0 0 65
5 0 139
5 2 196
2 0 62
3 1 648
3 0 54
0 3 761
3 3 1147
5 0 53
5 2 102
0 1 1120
2 3 1054
0 0 60
5 3 1227
2 2 1097
5 3 585
0 1 324
3 3 967
0 3 510
5 0 66
3 1 1241
5 2 111
2 0 199
3 0 64
2 3 472
2 2 495
5 3 682
0 0 63
3 1 404
3 3 458
5 0 51
5 2 107
2 0 51
2 3 159
3 0 192
0 3 891
2 2 579
5 3 880
5 0 62
0 1 1237
3 3 706
5 2 308
3 1 787
5 3 378
0 0 177
2 0 62
3 0 56
5 0 57
5 2 96
0 1 655
2 2 529
2 3 570
0 3 835
5 3 432
3 3 757
3 1 783
0 0 81
2 0 70
2 1 91
5 0 58
5 2 94
0 1 511
3 0 53
3 1 656
5 0 239
2 0 93
5 2 272
0 0 442
3 0 402
2 3 1780
0 3 1876
5 3 1649
5 0 61
5 2 91
0 3 1105
5 3 1308
2 2 1242
3 3 1878
0 1 1247
5 3 401
3 1 1394
3 3 1428
2 3 1530
3 0 148
0 0 156
5 0 56
5 2 126
2 0 61
0 1 672
2 2 455
3 1 748
5 3 707
3 0 47
2 3 731
3 3 214
0 3 1080
3 3 1200
0 0 70
2 0 68
3 1 516
0 1 276
2 2 309
0 3 521
3 0 53
3 1 147
2 3 825
3 3 391
2 0 47
2 2 115
3 0 68
3 1 217
2 3 391
3 3 326
2 0 57
3 0 52
2 2 296
2 3 380
3 1 377
3 3 427
3 0 56
2 0 51
2 2 198
3 3 314
3 1 393
2 3 382
3 0 48
2 0 47
3 1 237
2 3 212
3 3 432
2 2 385
