0 0 382
0 2 417
0 1 422
0 0 136
0 2 64
0 1 67
0 0 34
0 1 47
0 2 53
0 0 31
0 2 45
0 1 56
0 0 116
0 1 61
0 2 65
1 1 89
1 2 111
1 3 124
0 0 96
0 1 125
0 2 130
1 2 158
1 3 155
1 1 181
1 2 60
1 1 66
1 3 76
0 0 75
0 2 75
0 1 93
1 1 160
1 2 164
1 3 191
0 1 44
0 0 44
0 2 54
1 1 51
1 2 54
1 3 77
0 0 38
0 1 43
0 2 48
1 1 49
1 2 51
1 3 65
0 0 36
0 1 39
0 2 49
1 1 51
1 2 54
1 3 77
1 1 47
1 2 59
1 3 63
0 0 37
0 1 51
0 2 51
1 2 47
1 1 53
1 3 68
0 0 54
0 1 65
0 2 61
1 1 46
1 2 45
1 3 63
0 0 30
0 1 35
0 2 47
1 1 43
1 2 44
1 3 81
2 0 48
2 1 47
2 2 53
3 2 45
3 1 46
3 3 63
0 0 39
0 1 47
0 2 43
1 2 50
1 1 50
1 3 69
2 0 257
2 1 281
2 2 63
3 2 71
3 1 77
3 3 87
0 0 49
0 2 73
1 2 83
1 1 84
0 1 84
1 3 104
2 0 31
2 2 33
2 1 45
3 1 41
3 2 44
3 3 68
1 1 56
1 2 56
1 3 72
0 0 34
0 1 59
0 2 73
3 2 81
3 1 83
3 3 92
2 0 42
2 1 44
2 2 47
1 2 52
1 1 53
1 3 68
3 1 49
3 2 64
0 0 37
0 2 45
3 3 93
0 1 57
2 0 34
2 1 39
2 2 48
1 1 51
1 2 55
1 3 69
3 1 46
3 2 47
3 3 58
0 0 31
0 2 35
0 1 44
2 0 29
2 1 38
2 2 42
1 1 47
1 2 47
1 3 60
3 1 41
3 2 50
3 3 65
0 1 81
0 2 84
0 0 98
2 2 78
2 0 133
2 1 118
1 1 51
1 2 184
3 1 53
3 2 62
3 3 83
1 3 391
2 0 39
2 2 71
1 1 78
2 1 89
1 2 91
1 3 154
0 0 60
3 2 107
0 2 84
4 0 57
0 1 105
3 3 167
4 2 97
3 1 210
4 1 116
5 1 68
5 2 87
5 3 77
4 0 95
2 0 96
4 2 135
5 1 137
5 2 141
4 1 146
1 2 158
1 1 181
2 1 173
0 0 43
0 2 65
5 3 233
0 1 75
1 3 243
3 2 277
3 1 283
2 2 291
3 3 314
4 0 36
4 1 36
4 2 45
5 1 43
5 2 50
5 3 71
3 1 46
3 2 52
3 3 376
2 0 47
1 1 348
2 1 105
1 2 375
4 0 65
2 2 150
0 0 65
4 2 125
0 1 87
0 2 101
1 3 243
4 1 216
5 1 55
5 2 55
5 3 80
3 2 49
3 1 54
3 3 75
1 2 66
1 1 73
1 3 84
4 0 40
4 1 56
4 2 56
2 0 35
2 1 48
2 2 49
5 2 48
5 1 52
5 3 72
0 2 37
0 0 46
0 1 56
3 2 47
3 1 49
3 3 72
4 0 35
4 1 43
4 2 47
1 2 46
1 1 48
1 3 70
5 1 43
5 2 41
2 0 35
2 2 38
2 1 48
5 3 274
3 2 50
3 1 74
4 2 42
4 0 59
4 1 67
3 3 112
0 0 36
0 2 43
0 1 48
1 1 55
1 2 51
1 3 79
5 1 41
5 2 42
5 3 61
4 0 26
4 2 40
4 1 40
2 0 33
2 2 65
3 2 70
2 1 80
3 1 78
3 3 94
1 1 37
1 2 38
1 3 59
5 1 44
5 2 47
5 3 63
0 0 70
4 0 71
0 2 88
4 2 74
4 1 79
0 1 97
3 1 38
3 2 39
3 3 60
2 2 34
2 0 39
2 1 39
5 1 39
5 2 39
5 3 60
1 1 44
1 2 46
1 3 72
4 0 53
4 1 59
4 2 83
0 0 33
0 2 44
0 1 50
3 1 51
3 2 51
3 3 72
2 0 33
5 1 78
5 2 82
2 1 86
2 2 87
4 0 38
4 1 89
5 3 146
4 2 97
1 1 57
1 2 69
1 3 109
3 2 36
3 1 36
3 3 59
0 0 38
0 2 59
0 1 63
5 2 61
5 1 68
5 3 82
4 0 33
4 2 42
4 1 43
2 0 143
2 1 159
2 2 163
1 1 67
1 2 58
3 1 38
3 2 40
3 3 57
1 3 290
5 2 41
5 1 47
4 0 44
5 3 93
4 1 67
4 2 63
0 0 34
0 1 38
0 2 48
1 2 37
1 1 35
1 3 60
2 0 34
2 2 47
2 1 46
3 1 41
3 2 42
3 3 65
4 0 39
5 2 73
4 2 79
4 1 81
5 1 83
5 3 115
1 2 38
1 1 41
1 3 73
0 2 43
0 1 47
0 0 61
4 0 49
3 2 101
3 1 112
4 2 99
4 1 114
2 0 40
5 1 111
5 2 114
2 1 96
2 2 99
3 3 196
5 3 153
4 0 32
4 1 35
4 2 40
5 1 120
1 1 118
1 2 120
5 2 125
3 1 116
3 2 120
0 0 47
2 0 46
1 3 210
3 3 220
0 2 75
0 1 85
2 1 83
2 2 79
5 3 402
4 0 32
4 1 40
4 2 41
5 1 37
5 2 39
5 3 66
3 2 43
3 1 43
3 3 90
1 1 46
1 2 47
1 3 76
0 0 76
2 1 82
2 0 85
2 2 87
4 0 85
4 1 90
4 2 94
0 2 102
5 2 56
5 1 58
0 1 160
5 3 89
3 2 45
3 1 45
3 3 62
1 1 42
1 2 42
1 3 64
4 1 36
4 0 35
4 2 37
2 0 31
2 1 38
2 2 41
5 1 38
5 2 39
5 3 62
3 2 49
0 0 40
3 1 63
0 2 71
0 1 71
3 3 95
1 1 42
1 2 49
1 3 61
4 0 29
4 1 42
4 2 40
5 1 38
5 2 46
5 3 53
2 0 29
2 1 42
2 2 45
3 1 34
3 2 41
3 3 62
4 0 28
4 2 42
4 1 51
1 2 48
1 1 53
1 3 73
0 0 35
0 1 74
0 2 72
5 2 68
5 1 74
5 3 108
3 2 41
3 1 45
3 3 58
2 0 33
2 1 49
2 2 55
4 0 37
4 1 46
4 2 49
1 1 38
1 2 39
1 3 61
5 1 54
5 2 54
5 3 70
0 0 39
0 2 40
0 1 40
3 1 163
3 2 163
4 0 155
3 3 207
4 1 52
4 2 47
2 0 32
2 2 42
2 1 70
5 1 42
5 2 42
5 3 65
1 1 46
1 2 47
1 3 68
4 0 29
4 1 38
4 2 42
3 2 45
3 1 44
3 3 64
0 0 32
0 2 42
0 1 41
5 1 46
5 2 46
2 0 33
2 1 43
2 2 50
5 3 318
4 0 56
1 1 180
1 2 183
4 2 76
4 1 80
1 3 111
3 2 43
3 1 44
3 3 72
5 2 37
5 1 41
5 3 58
0 0 36
0 1 45
0 2 40
4 0 29
4 2 39
4 1 38
2 0 38
2 1 52
2 2 54
1 2 59
1 1 56
1 3 80
3 1 41
3 2 41
3 3 64
5 2 46
5 1 55
5 3 64
4 0 36
4 1 37
4 2 38
0 0 35
0 1 65
0 2 69
1 2 66
1 1 71
1 3 95
2 0 33
2 2 46
2 1 51
3 1 55
3 2 50
3 3 67
5 2 40
5 1 42
5 3 67
4 0 32
4 2 37
4 1 41
1 1 77
1 2 83
2 0 45
3 1 110
0 0 59
3 2 173
4 0 42
5 2 164
5 1 169
2 2 146
2 1 160
0 2 139
4 2 114
0 1 169
4 1 125
5 3 251
1 3 298
3 3 287
5 1 95
4 0 47
1 1 104
1 2 116
5 2 132
3 2 109
3 1 108
4 1 108
4 2 98
1 3 218
3 3 192
2 1 45
2 0 53
2 2 62
0 0 41
5 3 457
0 2 58
0 1 68
4 0 32
4 2 63
4 1 65
5 2 67
5 1 69
5 3 91
3 2 45
3 1 44
1 2 51
1 1 59
3 3 108
1 3 87
2 0 36
2 2 40
2 1 39
4 0 27
4 2 153
4 1 154
0 0 42
0 1 89
5 2 80
0 2 91
5 1 82
3 1 59
3 2 65
5 3 155
3 3 97
4 0 29
4 2 37
4 1 47
2 0 27
2 2 50
2 1 54
5 2 50
5 1 63
5 3 74
3 1 48
3 2 51
3 3 71
0 0 39
0 1 45
0 2 46
4 0 27
4 2 38
4 1 42
5 1 41
5 2 42
5 3 64
2 0 43
2 2 73
2 1 77
3 2 75
3 1 78
3 3 96
4 0 28
4 2 39
4 1 40
0 0 37
0 1 38
0 2 35
5 2 45
5 1 48
5 3 61
3 2 45
3 1 52
3 3 62
4 0 37
4 1 62
4 2 63
2 0 41
2 1 58
2 2 57
5 2 47
5 1 48
0 2 45
0 1 55
0 0 59
5 3 88
3 1 54
4 0 39
3 2 60
4 1 61
4 2 57
3 3 90
2 0 29
2 1 36
2 2 44
5 1 42
5 2 46
5 3 60
4 0 30
4 1 37
4 2 45
3 1 47
3 2 46
3 3 69
5 1 41
5 2 46
2 0 69
2 1 72
2 2 81
4 0 29
4 2 41
4 1 43
5 3 283
3 1 44
3 2 48
3 3 61
5 2 38
5 1 38
5 3 64
4 0 27
4 1 38
4 2 45
2 0 34
2 1 37
2 2 50
3 1 40
3 2 46
3 3 68
5 1 42
5 2 43
5 3 63
4 0 35
4 1 37
4 2 58
2 0 36
2 2 40
2 1 46
5 1 39
5 2 41
5 3 62
4 0 39
4 2 42
4 1 45
5 2 52
5 1 56
2 0 29
5 3 88
2 1 47
2 2 52
5 1 47
5 2 48
5 3 60
2 0 33
2 1 38
2 2 51
5 1 44
5 2 41
5 3 62
2 0 30
2 1 36
2 2 42
2 0 53
2 1 55
2 2 75
2 0 33
2 1 37
2 2 40
2 0 39
2 2 42
2 1 49
