0 0 396
0 1 398
0 2 393
0 0 49
0 2 30
0 1 34
1 2 194
1 1 195
1 0 224
0 0 92
1 2 183
0 2 105
1 3 188
0 1 107
1 1 197
1 3 37
1 0 77
1 1 83
0 2 26
0 1 31
0 0 33
1 0 46
1 1 61
1 2 73
0 1 38
0 2 37
0 0 43
1 0 43
1 1 52
1 2 70
0 2 30
0 0 36
0 1 37
1 0 46
1 1 50
1 2 66
0 0 42
0 1 36
0 2 37
1 0 50
1 1 54
1 2 74
1 0 43
1 1 43
1 2 61
0 2 28
0 0 32
0 1 34
1 1 93
1 3 96
1 2 112
0 0 39
0 1 40
0 2 32
2 1 33
2 0 35
2 2 41
1 1 55
1 3 56
1 2 71
0 1 33
0 0 35
0 2 31
2 2 176
2 1 179
2 0 191
1 0 61
1 2 86
1 1 94
0 2 35
0 0 44
0 1 45
3 3 57
3 1 66
3 2 78
1 3 61
2 0 59
2 1 59
1 0 68
1 1 85
2 2 76
3 0 113
3 1 113
3 2 149
0 2 49
1 0 51
1 1 62
0 1 56
0 0 61
1 2 89
2 1 31
2 0 33
2 2 42
3 0 47
3 1 49
3 2 67
1 0 48
1 3 52
1 1 66
0 1 36
0 2 37
0 0 42
2 1 33
2 0 39
2 2 49
3 3 51
3 1 62
3 2 80
1 0 47
1 1 48
1 2 76
0 0 57
0 1 57
0 2 81
2 1 88
2 0 92
2 2 95
3 0 71
3 1 103
3 2 107
1 1 53
1 0 57
1 2 78
3 0 50
3 1 55
3 2 72
2 1 36
2 2 39
2 0 43
0 1 33
0 2 33
0 0 34
1 0 54
1 1 55
1 2 67
3 1 53
3 0 55
3 2 85
2 1 28
2 0 36
2 2 44
0 2 28
0 0 30
0 1 33
1 1 45
1 0 47
1 2 80
3 1 47
3 3 49
3 2 65
2 0 31
2 1 34
2 2 42
1 0 194
1 1 202
1 2 245
3 0 57
0 1 82
0 0 97
0 2 102
3 1 100
4 0 65
4 2 70
4 1 65
3 2 180
2 0 33
2 1 35
2 2 40
1 3 55
1 1 56
4 0 32
1 2 83
4 1 47
4 2 64
3 3 64
3 1 74
3 2 71
0 2 31
0 1 32
0 0 34
4 0 33
4 1 38
4 2 47
2 0 107
2 2 106
2 1 116
1 3 88
1 1 100
3 0 94
1 2 124
3 2 119
3 1 131
4 1 192
4 0 196
4 2 196
0 2 191
0 1 195
0 0 43
3 0 56
3 1 78
1 3 79
1 1 82
3 2 124
2 0 42
2 1 41
1 2 113
2 2 56
4 1 36
4 0 36
4 2 37
0 0 32
0 1 43
0 2 39
3 0 37
3 1 47
3 2 60
1 0 49
1 1 50
1 2 68
2 0 52
2 1 50
2 2 52
4 1 53
4 0 58
4 2 55
5 0 34
5 1 42
5 2 42
3 0 54
3 1 51
3 2 82
4 0 35
4 2 53
4 1 71
1 0 66
1 1 330
1 2 355
0 0 60
2 2 49
0 1 62
0 2 63
2 1 53
2 0 56
5 2 35
5 0 38
5 3 42
3 0 109
3 1 147
4 0 41
3 2 173
4 1 72
4 2 74
1 3 51
1 0 55
1 1 50
0 2 74
0 1 76
0 0 76
5 0 41
5 2 41
5 1 43
2 1 30
2 0 40
2 2 41
4 0 33
4 1 42
4 2 42
3 0 41
3 1 41
3 2 62
1 3 46
1 1 48
1 2 61
5 0 44
5 1 46
5 2 51
4 0 34
4 1 44
4 2 43
0 1 69
0 0 79
2 1 55
0 2 76
2 2 67
2 0 67
3 1 74
3 0 79
3 2 91
1 0 100
1 1 99
5 0 77
4 0 34
1 2 158
5 2 67
5 1 77
4 2 61
4 1 64
3 1 53
3 0 54
0 0 42
0 2 40
3 2 67
0 1 46
2 1 87
5 1 107
5 0 115
5 2 107
4 1 111
2 0 112
4 0 126
4 2 124
2 2 123
1 2 109
1 3 142
1 1 135
3 3 53
3 1 54
3 2 71
5 0 45
4 0 45
5 1 79
5 2 82
4 1 79
4 2 69
1 1 67
1 0 67
2 1 78
0 1 83
2 2 71
2 0 79
0 2 90
0 0 97
1 2 102
4 0 27
4 1 38
4 2 104
5 0 56
3 1 73
3 0 76
5 2 80
3 2 111
5 1 107
1 0 52
1 1 45
1 2 66
0 1 115
0 2 121
0 0 122
2 2 64
2 0 69
2 1 65
4 1 54
4 2 65
4 0 68
5 2 41
5 0 35
5 3 43
3 3 49
3 1 49
3 2 69
4 0 37
4 2 46
4 1 54
1 1 57
1 0 66
1 2 79
5 1 80
5 0 84
2 0 42
5 2 57
2 2 52
2 1 44
3 1 58
3 0 68
0 1 59
0 0 57
0 2 58
3 2 85
4 0 32
4 2 33
4 1 41
5 0 34
5 3 81
1 3 74
5 2 79
1 1 78
1 2 114
3 3 239
3 1 241
2 1 38
2 0 41
2 2 52
3 2 287
0 2 68
0 0 86
4 2 57
0 1 90
4 1 63
4 0 70
5 0 27
5 2 37
5 1 44
1 3 47
1 0 51
1 1 50
3 1 42
3 0 45
3 2 69
4 2 38
4 0 42
4 1 44
2 1 28
2 0 28
2 2 40
5 0 32
5 3 36
5 2 43
0 1 34
0 0 37
0 2 30
1 1 49
1 0 52
3 0 55
3 1 54
4 0 29
1 2 139
4 2 48
4 1 50
3 2 138
5 0 45
5 1 45
2 1 44
2 0 50
2 2 54
5 2 65
4 0 30
4 1 44
4 2 40
3 0 132
3 1 139
0 2 69
0 0 87
0 1 82
1 0 84
1 1 83
3 2 191
1 2 137
5 3 37
5 0 41
5 2 41
4 0 33
4 1 37
4 2 43
2 0 32
2 1 32
2 2 42
3 1 46
3 0 59
3 2 85
1 3 46
1 1 48
1 2 68
0 1 60
0 0 61
5 3 60
0 2 63
5 0 64
5 2 60
4 0 34
4 1 42
4 2 44
2 1 39
2 0 41
3 1 60
3 0 60
2 2 55
1 0 49
1 3 53
1 1 53
5 0 28
3 2 290
5 2 50
5 1 75
4 0 35
4 1 59
4 2 55
0 2 26
0 0 29
0 1 34
3 0 42
3 1 49
3 2 67
2 0 88
2 1 89
5 0 102
4 0 87
5 3 133
5 2 133
1 0 127
2 2 131
1 1 132
4 2 122
4 1 132
1 2 162
3 1 46
3 3 51
0 2 37
0 0 42
0 1 40
3 2 73
5 0 86
5 2 97
4 0 41
5 1 103
4 2 60
4 1 61
1 1 36
1 0 44
1 2 62
2 1 29
2 0 34
2 2 38
3 0 100
3 1 119
4 0 39
5 0 42
4 1 69
4 2 71
5 1 64
5 2 72
3 2 191
0 0 33
0 1 33
0 2 31
1 1 44
1 0 44
1 2 138
2 1 27
2 0 37
2 2 40
4 0 34
4 1 39
4 2 53
3 0 46
3 1 47
5 0 38
5 3 45
5 2 55
3 2 163
0 2 28
0 0 29
0 1 28
4 2 34
4 0 35
4 1 35
2 1 165
2 0 175
5 0 60
2 2 184
5 3 97
5 2 95
3 1 86
3 0 92
3 3 94
4 0 34
4 2 33
4 1 38
5 0 37
5 1 41
5 2 40
0 2 27
0 0 30
0 1 29
3 1 33
3 0 46
2 1 25
2 2 40
2 0 44
3 2 107
4 0 32
4 1 40
4 2 43
5 0 31
5 2 39
5 1 42
3 0 41
3 1 40
3 2 73
0 2 132
4 1 57
0 1 141
2 0 82
0 0 143
2 2 80
2 1 85
4 2 78
4 0 91
5 0 30
5 2 42
5 1 47
3 0 39
3 1 40
3 2 58
4 0 33
4 2 40
4 1 44
2 1 27
2 0 33
2 2 52
5 1 44
5 0 56
0 1 49
5 2 61
0 2 44
0 0 57
4 0 36
3 0 63
3 1 67
4 2 67
4 1 70
3 2 101
5 0 29
5 2 38
5 1 48
2 1 36
2 2 36
2 0 36
4 2 42
4 1 49
0 2 58
0 0 67
4 0 57
0 1 61
3 0 51
3 1 51
3 2 83
5 0 32
5 2 33
5 1 45
4 0 56
4 2 51
2 0 57
2 1 57
4 1 57
2 2 56
3 1 43
3 3 55
3 2 69
0 0 60
0 2 51
5 2 51
5 3 52
0 1 62
5 0 58
4 0 38
4 2 45
4 1 46
3 1 47
3 3 51
3 0 95
2 0 35
2 2 41
2 1 37
5 0 34
5 1 41
5 2 46
4 1 34
4 0 40
4 2 46
2 0 49
2 1 49
5 3 53
5 0 61
5 2 57
2 2 59
4 0 30
4 1 45
4 2 47
5 0 44
5 1 47
5 2 49
4 0 42
4 2 50
4 1 54
2 1 27
2 0 32
2 2 37
5 0 31
5 1 38
5 2 41
2 1 30
2 0 31
2 2 39
5 0 31
5 1 40
5 2 42
2 0 28
2 1 28
2 2 39
5 0 35
5 2 39
5 3 46
5 0 29
5 2 34
5 3 37
2 1 29
2 0 30
2 2 37
5 0 30
5 2 37
5 1 40
5 0 34
5 2 38
5 1 42
5 0 33
5 2 39
5 3 43
5 0 27
5 2 35
5 3 42
