0 2 533
0 3 543
0 0 720
0 2 293
0 0 299
0 3 315
0 3 155
0 0 389
1 0 186
0 2 819
1 3 432
1 2 839
0 1 338
0 2 455
0 3 346
1 1 148
2 1 137
1 3 391
1 2 378
2 2 503
2 0 910
1 1 236
0 3 811
0 2 822
0 0 877
1 2 579
2 0 587
2 2 614
2 3 634
1 0 960
0 1 375
2 1 245
1 1 300
0 2 621
0 0 707
1 0 570
1 2 654
2 3 720
2 2 739
0 1 257
2 1 89
0 2 477
0 0 610
2 2 589
1 2 944
1 0 965
1 3 1019
2 0 1260
0 2 518
0 0 724
2 2 659
2 0 675
0 3 951
1 3 631
2 3 1020
1 0 693
1 2 720
2 1 216
3 0 137
1 1 110
2 2 711
0 3 741
0 2 771
3 3 593
0 0 990
2 0 1004
1 2 740
2 1 145
1 3 1107
3 0 99
0 1 183
3 2 180
1 1 207
2 2 724
3 1 1835
2 0 844
3 3 634
3 0 81
2 1 93
1 2 930
0 2 1241
0 3 1285
3 1 556
3 3 623
2 3 552
1 0 1291
2 2 923
1 1 250
3 0 102
3 2 290
0 1 240
3 3 663
2 0 526
3 0 64
3 2 87
1 3 1051
1 2 1083
2 2 738
0 0 1070
0 2 1098
3 1 476
2 3 1001
0 1 191
1 1 237
3 0 81
2 1 139
0 2 620
2 3 621
1 2 805
3 1 674
1 3 841
2 2 812
0 1 390
3 0 805
3 2 845
3 3 2143
0 3 2596
0 2 1540
3 0 73
3 2 149
3 3 1442
1 3 573
0 3 1886
1 2 629
0 1 213
1 0 1000
0 3 375
0 2 403
3 1 792
3 0 68
3 2 189
3 1 369
1 0 483
1 2 603
0 1 90
1 3 642
3 0 211
4 0 142
4 2 146
4 1 164
0 2 818
3 1 832
3 3 751
0 3 1252
1 3 745
3 0 147
4 0 245
3 2 293
4 1 370
4 2 390
1 2 1133
0 1 251
1 0 1217
0 2 499
0 0 545
3 0 95
4 0 220
4 1 208
4 2 229
1 1 167
3 1 1500
0 1 165
1 2 476
4 2 71
4 0 74
4 1 209
3 3 917
0 3 523
3 1 1440
1 1 201
1 3 1293
3 0 101
4 2 204
4 0 209
4 1 211
3 2 259
5 1 122
5 0 143
5 2 126
0 1 1598
0 2 2948
3 3 2182
5 1 216
4 0 100
5 2 228
5 0 240
4 1 104
0 0 2015
4 2 112
0 2 2058
1 2 2443
0 1 135
1 3 2882
0 2 352
0 0 600
5 0 333
5 2 333
5 1 349
4 0 129
1 1 114
4 1 123
4 2 133
1 2 317
1 0 330
0 1 115
5 2 99
5 1 106
5 0 236
0 3 301
4 0 240
4 1 244
4 2 242
1 1 129
0 2 632
1 0 365
1 2 523
5 1 181
5 2 185
5 0 189
4 0 86
4 1 81
4 2 85
0 0 346
0 2 404
0 3 445
5 1 231
1 1 238
5 2 241
5 0 250
4 1 93
4 0 103
4 2 102
1 0 370
1 2 361
0 1 106
0 2 161
5 0 225
5 2 223
5 1 227
4 2 92
4 1 101
4 0 242
0 0 910
1 3 619
0 1 267
1 2 676
1 0 724
5 1 223
5 0 246
5 2 248
4 1 84
0 2 582
4 0 91
4 2 105
0 0 600
5 0 79
5 2 88
5 1 75
0 1 115
4 2 79
4 0 88
4 1 92
1 2 698
0 2 504
1 0 907
1 3 907
5 1 72
5 2 72
5 0 77
0 0 990
4 1 80
4 2 81
4 0 81
0 1 288
5 2 72
5 0 73
5 1 76
1 3 571
4 2 73
4 1 76
4 0 99
0 3 803
1 2 809
1 0 945
0 2 996
5 1 86
5 0 87
5 2 89
0 1 215
4 0 85
4 1 86
4 2 101
0 2 430
5 0 74
5 1 68
5 2 74
0 3 892
1 3 801
1 0 833
1 2 852
4 0 77
4 2 84
4 1 234
0 1 250
0 0 350
5 1 179
5 2 180
5 0 182
4 1 80
4 2 81
4 0 241
1 2 478
1 0 577
0 1 222
5 2 85
5 1 91
5 0 96
1 3 858
0 2 505
0 2 1633
0 3 543
4 2 80
4 0 90
4 1 86
1 1 104
1 2 244
5 2 70
5 0 77
1 0 371
5 1 189
4 0 97
4 2 86
4 1 220
0 3 418
0 2 423
0 0 458
5 0 91
5 2 97
5 1 105
1 1 127
1 3 370
4 0 90
1 2 370
4 2 78
4 1 77
0 1 92
0 3 216
0 2 224
5 0 242
5 2 238
5 1 276
4 0 94
4 2 101
4 1 93
1 1 288
1 2 356
1 3 386
5 2 89
5 1 88
0 1 249
5 0 233
0 0 334
4 2 75
4 1 80
4 0 83
0 2 550
1 1 111
1 0 236
1 2 236
5 0 64
5 1 75
5 2 74
4 1 78
4 0 84
4 2 82
0 1 99
0 0 211
0 2 203
5 2 69
5 1 74
5 0 74
1 3 144
4 1 83
4 0 92
4 2 93
1 2 663
1 0 663
0 3 250
0 0 300
0 2 514
5 1 80
5 2 80
5 0 86
4 2 183
4 1 191
4 0 191
1 1 116
1 0 287
1 2 281
0 1 280
5 0 83
5 2 74
5 1 82
0 0 380
0 2 409
4 0 74
4 1 74
4 2 75
1 1 103
5 0 83
5 1 81
5 2 84
0 1 104
4 0 81
4 1 80
4 2 80
1 2 453
1 0 496
0 3 274
0 2 329
5 1 67
5 2 67
5 0 72
1 1 99
4 0 95
4 1 104
4 2 102
1 3 384
0 0 396
5 1 65
0 3 499
5 2 77
0 2 642
1 2 821
5 0 222
4 0 85
4 1 85
4 2 95
1 1 237
0 1 86
1 2 432
5 0 179
5 2 179
1 0 599
5 1 179
0 3 365
0 2 415
4 0 79
4 2 79
4 1 81
1 1 92
5 2 96
5 0 101
5 1 112
1 0 351
0 1 102
1 2 563
4 1 77
4 2 79
4 0 76
0 3 405
0 2 447
5 2 65
5 1 64
5 0 69
4 2 78
4 1 79
4 0 88
1 3 305
1 0 715
5 1 82
5 2 92
5 0 95
0 2 621
0 0 646
0 3 777
1 2 1075
4 1 82
4 0 84
4 2 89
1 3 130
0 1 88
5 1 69
5 2 68
5 0 89
0 2 374
1 0 585
1 2 611
4 1 82
4 2 230
4 0 236
0 0 733
1 1 198
5 0 76
5 1 81
5 2 88
1 0 279
1 2 311
4 2 61
4 1 62
4 0 61
5 1 65
5 2 65
5 0 67
1 1 243
4 2 81
4 0 84
4 1 83
1 0 300
5 0 65
1 2 778
5 1 68
5 2 66
4 1 60
4 2 61
4 0 61
1 1 98
1 0 204
1 2 211
5 2 65
5 1 66
5 0 65
4 1 61
4 0 63
4 2 65
5 0 80
5 2 84
1 1 115
5 1 106
1 2 224
1 0 239
4 1 68
4 2 68
4 0 71
5 0 80
5 1 81
5 2 97
1 1 119
1 3 195
1 2 212
5 0 65
5 1 63
5 2 66
5 2 61
5 1 62
5 0 65
5 1 62
5 2 62
5 0 64
