0 0 342
0 3 450
0 1 467
0 0 76
0 1 165
0 3 200
0 0 72
0 3 201
0 1 200
0 0 61
0 3 193
0 1 217
0 0 70
0 3 165
0 1 210
1 0 98
1 1 243
1 3 265
0 0 144
0 3 248
0 1 254
1 0 59
1 3 101
0 0 58
0 3 166
0 1 211
1 0 73
1 3 99
0 0 104
0 3 259
0 1 282
1 0 82
1 3 166
1 2 1592
0 0 79
1 2 2762
1 2 679
0 3 306
0 1 363
1 0 126
1 2 240
1 3 259
0 0 60
0 3 178
0 1 226
1 0 73
1 3 168
1 2 179
0 0 59
0 3 233
0 1 296
1 0 57
1 3 225
1 1 246
0 0 127
0 1 248
0 3 299
2 0 141
1 0 95
2 3 355
1 2 356
2 2 737
0 0 68
1 3 941
2 0 189
1 0 62
0 1 748
0 3 815
1 2 351
1 3 409
2 1 608
2 3 598
0 0 92
0 3 256
0 1 266
2 0 71
2 3 307
1 0 74
2 2 443
1 3 264
1 2 403
0 0 63
0 3 318
2 0 75
0 1 427
2 2 381
2 3 387
1 0 74
1 2 210
1 3 225
0 0 208
2 0 79
0 3 334
1 0 74
2 2 571
0 1 583
2 3 817
1 3 431
1 2 471
0 0 215
2 0 75
2 1 252
0 1 468
2 3 390
1 0 56
0 3 513
1 3 184
1 2 244
2 0 75
0 0 81
2 2 344
2 3 364
0 1 373
0 3 379
1 0 72
3 0 88
1 1 490
2 0 77
0 0 101
3 3 527
1 3 594
0 1 605
3 0 64
1 0 63
3 1 1146
0 3 805
2 2 823
2 3 973
1 2 364
3 1 474
1 3 621
3 3 743
2 0 106
0 0 162
3 0 106
1 0 68
0 1 658
3 1 594
0 3 729
2 2 787
2 3 801
3 3 815
1 2 392
3 0 68
1 3 595
0 0 77
3 3 493
2 0 66
3 1 634
2 2 446
1 0 93
3 0 76
0 1 795
0 3 805
2 3 682
0 0 75
2 0 68
3 1 589
1 3 665
3 3 708
1 1 756
3 0 182
2 2 546
0 1 750
1 0 67
0 3 765
2 3 702
3 1 618
0 0 66
3 3 644
2 0 94
1 2 615
3 0 66
1 3 723
0 3 574
0 1 660
3 3 437
1 0 83
2 2 822
3 1 813
2 3 903
0 0 179
3 0 60
2 0 62
1 3 696
1 2 765
3 1 488
0 3 775
0 1 926
2 3 648
2 2 655
3 3 788
1 0 93
3 0 90
0 0 64
3 3 517
2 0 64
3 1 667
1 2 693
3 0 65
1 3 1126
1 0 61
0 1 803
2 2 802
2 3 863
0 0 72
3 1 708
0 3 1267
3 3 811
1 3 688
3 0 178
2 0 190
1 0 64
0 1 916
3 1 810
2 2 762
0 0 69
3 3 859
1 1 1767
3 0 77
0 3 1410
2 3 1241
2 0 69
0 3 836
1 3 1134
3 1 747
0 1 1128
3 3 957
2 3 691
2 2 704
0 0 210
3 0 217
1 0 76
2 0 64
1 2 2169
0 3 719
1 3 548
0 1 820
3 3 991
1 2 798
3 1 1171
2 3 719
2 2 742
0 0 65
1 0 64
3 0 65
2 0 68
0 1 688
1 2 605
1 3 661
0 3 759
3 3 424
3 1 514
2 3 488
2 1 620
0 0 88
1 0 86
3 0 66
2 0 60
0 1 665
1 2 754
0 3 788
1 3 863
3 3 697
3 1 722
2 2 585
2 3 590
1 0 73
0 0 92
2 0 73
3 0 69
0 1 739
0 3 776
1 3 769
2 3 607
3 1 598
3 3 601
1 2 976
2 2 923
0 0 251
3 0 74
1 0 64
2 0 62
0 1 779
0 3 855
3 3 757
3 1 865
1 2 775
2 2 572
1 3 837
0 0 77
2 3 712
0 1 346
3 0 73
2 0 66
1 0 68
0 3 540
3 3 535
3 1 681
1 3 595
1 2 604
2 3 643
2 2 645
0 0 197
3 0 77
0 3 490
1 0 73
2 0 89
0 1 732
3 1 634
3 0 80
2 2 605
1 2 720
0 0 72
3 3 1118
2 0 63
2 3 1159
1 3 1214
3 1 753
1 0 64
3 0 64
3 3 1063
0 3 1040
0 1 1069
2 3 824
2 2 900
3 1 577
3 3 579
1 2 841
1 3 847
0 0 71
3 0 64
2 0 65
0 3 568
1 0 74
0 1 656
3 3 720
1 2 429
2 3 684
3 1 837
1 3 531
2 2 771
0 0 74
3 0 80
0 1 397
2 0 66
1 0 70
0 3 659
3 1 592
2 2 673
2 3 677
1 2 478
3 3 724
1 3 503
0 0 252
3 0 83
2 0 69
1 0 66
3 1 345
0 3 612
3 0 61
0 1 988
3 3 842
0 0 65
1 3 786
2 3 960
3 1 694
2 2 1151
1 1 1154
1 0 76
3 0 67
0 3 703
3 3 941
0 1 895
2 0 72
0 0 63
1 3 753
1 1 798
3 1 794
2 3 760
3 3 1010
3 0 68
2 2 814
0 1 689
1 0 66
0 3 727
2 0 62
3 3 552
3 1 624
1 3 522
1 2 694
2 1 416
2 3 463
3 0 79
3 3 209
3 1 333
1 0 84
2 0 67
1 2 277
2 3 306
1 3 549
3 0 86
2 2 590
3 3 245
3 1 253
1 0 64
2 0 96
3 0 58
2 3 332
2 2 370
3 1 351
1 2 513
1 3 515
3 3 555
2 0 60
3 0 73
2 2 399
2 3 425
1 0 63
3 1 478
1 3 287
1 2 360
3 3 611
2 0 65
3 0 66
3 1 286
1 0 65
3 3 442
2 3 437
2 2 513
1 3 270
1 2 307
3 0 64
2 0 59
3 1 275
2 1 302
2 3 319
3 3 382
1 0 67
1 2 343
1 3 345
3 0 60
3 3 203
3 1 226
2 0 62
2 3 193
2 2 240
3 0 61
3 3 178
3 1 187
2 0 66
2 2 185
2 3 191
3 0 66
3 3 354
3 1 381
2 0 57
3 0 65
2 2 226
2 3 235
3 1 189
3 3 238
3 0 66
2 0 65
3 1 308
2 2 336
2 3 357
3 3 369
3 0 63
3 3 175
3 1 176
2 0 74
2 3 158
2 2 199
3 0 54
3 3 172
3 1 176
2 0 73
2 2 186
2 3 196
