0 0 271
0 2 433
0 3 440
0 0 76
0 1 192
0 3 209
0 0 81
0 1 179
0 3 187
0 0 81
0 3 186
0 2 190
1 0 82
0 0 64
1 3 363
0 1 349
1 2 480
0 3 433
2 0 130
1 0 106
2 3 333
0 0 229
2 1 655
1 3 726
1 2 755
0 1 528
0 3 585
2 0 79
2 3 267
1 0 130
2 1 400
1 1 379
0 0 98
1 2 604
0 1 377
0 3 371
2 0 98
1 0 70
2 3 523
0 0 76
2 1 869
2 0 75
1 2 863
1 1 1082
0 2 648
0 3 722
2 3 626
2 1 832
1 0 240
0 0 81
0 3 392
2 0 83
1 2 743
0 2 602
1 1 829
2 3 403
2 1 486
1 0 69
0 0 68
1 2 450
2 0 187
1 3 603
0 3 562
0 1 589
2 3 442
2 1 484
1 0 84
1 2 227
0 0 78
1 1 324
2 0 61
0 1 466
0 3 484
2 3 428
2 1 468
1 0 207
1 1 193
1 2 239
0 0 82
2 0 66
1 0 69
0 1 491
2 1 462
0 3 518
2 3 628
1 3 305
1 2 323
0 0 67
2 0 103
1 0 69
2 1 386
0 2 396
0 3 444
2 3 509
1 1 444
1 2 457
2 0 61
3 0 100
1 0 98
0 0 111
2 3 450
2 1 497
3 2 531
0 2 543
3 3 780
1 1 811
2 0 90
1 2 860
0 3 878
1 0 77
3 0 76
0 0 75
2 3 665
2 1 935
3 2 639
1 1 958
1 2 1025
2 0 143
0 1 772
1 0 122
4 0 264
4 1 227
3 3 1047
0 3 1143
3 0 71
0 0 79
4 0 67
4 1 74
2 1 1115
2 3 1172
2 0 64
1 1 1125
1 2 1186
1 0 66
4 2 1306
3 3 1223
0 3 1236
4 0 97
4 1 97
3 2 1291
0 1 1334
4 2 984
2 1 874
2 3 1064
3 0 208
2 0 91
0 0 113
4 1 91
4 0 96
1 1 1090
1 0 72
4 2 1153
4 1 68
4 0 77
2 3 857
1 2 915
0 3 2585
0 1 2585
3 3 2996
4 1 318
2 0 1383
4 0 1018
3 2 3005
4 2 3050
2 1 3053
1 1 2915
1 2 4220
1 0 87
3 0 92
0 0 71
4 3 2833
2 3 2298
2 1 2489
1 2 739
1 3 773
3 3 712
0 3 713
0 1 744
3 2 766
2 0 89
1 0 77
3 0 176
0 0 200
2 3 615
2 1 618
1 3 765
0 2 652
2 0 73
0 3 730
3 3 644
1 2 917
3 2 704
2 1 431
2 3 543
1 0 79
0 0 70
3 0 64
1 2 468
1 1 524
2 0 70
0 3 673
0 1 744
3 3 569
3 2 595
2 3 525
1 0 87
2 1 801
0 0 75
3 0 60
5 0 433
2 0 83
1 1 1084
1 2 1185
3 2 799
1 0 69
5 1 1159
2 3 629
5 3 1216
0 3 1057
5 0 224
0 2 1359
3 0 68
3 3 1648
2 0 280
0 0 75
2 1 1504
1 2 1077
1 1 1378
5 3 1264
1 0 185
5 1 1515
2 1 1094
2 3 1128
3 3 1269
3 2 1315
2 0 78
0 1 1053
5 0 70
0 3 1228
0 0 69
3 0 64
1 2 1098
1 3 1330
5 3 901
5 1 1063
3 2 794
1 0 69
2 1 1249
2 3 1259
0 1 967
0 3 971
3 3 911
2 0 238
0 0 78
5 0 65
3 0 78
1 3 925
2 3 1112
0 3 940
1 2 1314
2 1 1234
1 0 69
5 1 1080
3 2 984
0 2 1214
3 3 1221
5 3 1578
5 0 239
2 0 259
0 0 84
3 0 61
1 2 888
1 1 1416
1 0 74
2 1 1217
5 3 1291
2 3 1317
0 3 1126
2 0 72
5 1 1387
3 2 1055
3 3 1075
0 2 1348
1 3 854
5 0 100
0 0 76
1 2 1203
3 0 66
1 0 63
2 3 1071
2 1 1112
5 2 699
2 0 65
0 1 1048
5 3 1133
0 3 1141
5 0 67
0 0 208
3 3 1087
3 2 1104
1 1 1250
1 2 1253
3 0 75
1 0 68
2 1 893
2 0 69
5 1 878
0 3 1005
0 1 1069
5 0 64
2 3 1336
5 3 1092
0 0 70
3 3 1105
2 1 880
1 3 1234
1 2 1278
2 3 972
2 0 73
3 2 1392
5 3 930
5 1 941
3 0 73
0 2 799
1 0 72
0 3 980
5 0 61
0 0 70
2 1 1050
2 0 63
1 3 822
3 3 967
3 2 1222
2 3 1630
5 1 1234
1 2 1535
1 0 217
3 0 72
5 0 65
0 3 1298
5 3 1482
2 1 1305
0 1 1596
2 3 1533
0 0 221
2 0 77
1 3 1024
1 2 1150
5 2 996
3 3 1173
3 2 1383
1 0 77
0 3 948
2 1 879
5 3 1505
5 0 242
0 1 1285
3 0 77
2 0 70
2 3 1261
0 0 65
1 2 952
5 1 1216
2 1 979
1 3 1451
1 0 66
0 1 942
0 3 957
2 0 71
5 0 103
5 3 1435
3 2 1375
2 3 1390
0 0 68
3 3 1709
3 0 65
2 3 862
2 1 890
5 3 873
1 3 1010
1 2 1206
0 3 872
5 2 1325
0 2 1189
2 0 213
3 3 1011
5 0 93
1 0 123
3 2 1077
0 0 81
3 0 62
2 1 923
2 0 74
2 3 1094
1 2 1038
1 3 1191
5 1 1211
0 3 1056
5 3 1220
3 2 927
0 2 1277
5 0 79
1 0 68
3 3 1140
2 1 878
0 0 96
3 0 79
2 0 77
2 3 1283
5 1 903
5 0 63
5 3 1247
0 1 890
2 1 899
1 2 1324
1 3 1443
0 0 110
3 3 1119
2 0 287
3 2 1324
0 3 1394
2 3 1422
1 0 63
3 0 65
5 3 1161
5 1 1507
5 0 66
0 1 1298
0 3 1308
0 0 66
2 1 1523
2 3 1580
1 2 1164
2 0 65
3 3 1042
1 0 64
3 2 1430
1 3 1763
3 0 63
5 3 1136
5 1 1236
2 1 829
0 3 1029
2 3 1057
2 0 70
0 1 1410
5 0 64
1 2 864
0 0 74
3 3 1049
1 0 70
2 1 736
1 3 1882
3 0 76
2 3 1276
2 0 68
5 3 1203
3 2 1783
5 1 1261
0 3 1160
0 1 1178
5 0 64
1 2 1177
0 0 74
2 3 872
1 3 1668
3 2 1136
1 0 75
2 1 1155
3 3 1397
2 0 68
3 0 67
5 1 1142
5 0 60
5 3 1278
1 2 768
0 3 1271
1 1 996
0 1 1343
1 0 83
2 3 1075
2 1 1143
0 0 65
3 3 1027
5 3 859
3 2 1030
5 1 1148
2 0 65
5 0 76
3 0 75
1 2 1088
1 3 1192
0 3 1018
2 1 787
0 1 1163
1 0 71
2 3 953
0 0 79
3 3 948
3 2 994
5 3 989
5 1 1014
1 2 712
0 3 422
0 1 550
1 1 907
3 0 217
5 0 77
1 0 66
3 3 392
3 2 628
5 1 639
5 3 726
1 2 500
5 0 71
1 1 594
3 0 64
5 3 331
3 3 526
3 2 533
1 0 70
5 2 737
1 3 213
5 0 66
3 0 63
1 2 675
5 3 317
5 1 360
3 3 321
3 2 348
5 0 64
5 1 174
5 3 191
3 0 59
3 3 174
3 2 188
5 0 56
5 1 160
5 3 169
3 0 55
3 3 171
3 2 175
5 0 56
5 3 174
5 1 195
3 0 59
3 3 185
3 2 203
5 0 59
5 1 180
5 3 203
3 0 56
5 0 73
3 3 233
3 2 270
5 1 214
5 3 246
3 0 56
5 0 56
3 3 332
3 2 357
5 1 212
5 3 210
3 0 58
5 0 57
3 3 234
3 2 295
5 1 237
5 3 293
3 0 60
5 0 60
5 3 275
3 2 358
3 3 385
5 1 377
5 0 80
3 0 63
5 1 250
5 3 313
3 2 320
3 3 356
5 0 57
5 3 304
3 0 78
5 1 351
3 3 197
3 2 233
5 0 62
5 3 175
5 1 176
3 0 59
3 3 345
3 2 357
5 0 61
5 3 179
5 1 187
3 0 61
3 3 157
3 2 193
5 0 65
5 2 155
5 3 179
3 0 59
3 2 171
3 3 236
5 0 73
5 1 171
5 3 186
5 0 60
5 2 177
5 3 191
5 0 65
5 3 161
5 2 181
5 0 55
5 1 159
5 3 207
