0 0 294
0 3 458
0 1 645
0 0 68
0 3 136
0 1 358
0 0 80
0 1 181
0 3 193
0 0 65
0 1 143
1 0 112
0 3 467
1 2 121
1 3 279
0 0 98
0 3 381
1 0 188
0 1 429
1 2 238
1 3 315
0 0 159
0 3 245
0 1 288
1 0 90
1 2 103
2 0 176
2 1 181
1 3 357
2 3 307
3 0 199
0 0 80
3 3 315
1 0 239
2 0 223
1 2 277
4 0 1144
0 3 2281
4 1 1286
3 0 1196
4 0 554
3 1 3790
1 0 114
1 2 288
0 0 97
1 3 4247
0 1 4756
2 3 4436
1 0 121
1 2 149
3 1 3061
4 3 4133
2 2 4788
1 3 1747
0 1 1427
0 0 71
2 0 66
0 3 116
0 3 1823
1 3 974
1 0 69
1 2 133
2 2 644
2 3 699
0 1 727
1 3 434
2 0 73
0 0 83
0 1 184
0 3 498
1 0 61
1 1 455
1 3 483
2 3 937
2 2 1111
0 0 69
0 3 159
0 1 237
2 0 67
2 2 296
2 3 303
1 0 89
1 2 120
1 3 190
0 0 65
2 0 66
0 1 271
1 0 62
1 2 87
2 3 383
0 3 808
1 3 408
2 2 717
2 0 69
0 0 64
2 2 160
0 3 177
2 3 503
1 0 72
0 1 557
1 2 123
1 3 206
2 0 170
0 0 61
2 2 328
2 3 332
0 1 214
0 3 333
1 0 88
1 2 118
1 3 203
2 0 77
0 0 68
2 2 265
2 3 294
0 1 216
0 3 256
1 0 66
1 2 96
2 0 98
2 3 129
1 3 581
2 2 376
0 0 62
0 1 158
0 3 323
1 0 69
1 2 125
2 0 70
1 3 203
2 1 109
2 3 325
0 0 65
0 1 173
0 3 376
1 0 76
2 0 68
1 3 167
2 2 413
2 3 568
0 0 80
1 1 699
0 1 229
0 3 389
2 0 80
1 0 86
1 2 98
2 3 327
1 3 387
2 2 435
0 0 100
0 3 219
0 1 347
2 0 88
1 0 86
1 2 109
2 3 385
1 3 394
2 2 619
0 0 60
0 1 172
0 3 177
2 0 69
1 0 67
1 2 89
2 3 244
1 3 266
2 2 583
0 0 81
2 0 57
2 2 206
2 3 215
0 3 609
1 0 71
0 1 647
1 2 105
1 3 158
0 0 74
2 0 63
2 2 260
2 3 265
1 0 74
1 2 101
1 3 481
0 1 842
0 3 839
0 0 71
2 0 94
2 2 278
0 3 477
1 0 74
2 3 518
1 2 110
0 1 627
1 3 221
0 0 65
2 0 86
2 2 245
2 3 270
0 1 365
0 3 645
1 0 232
1 2 242
1 3 155
2 0 60
2 3 151
0 0 63
2 2 397
0 3 336
0 1 409
1 0 69
1 2 114
1 3 146
2 0 59
2 2 158
0 0 85
2 3 348
0 3 338
1 0 71
1 2 97
0 1 579
2 0 68
1 3 425
2 2 260
2 3 447
0 0 57
0 3 179
0 1 193
1 0 71
1 2 133
2 0 84
2 3 219
2 2 274
1 3 520
0 0 59
0 1 114
0 3 340
1 0 84
1 2 98
2 0 85
2 3 217
1 3 348
2 2 521
0 0 61
0 1 203
0 3 204
2 0 68
1 0 57
2 2 220
2 3 380
1 3 368
1 1 551
0 0 57
2 0 62
2 1 111
0 1 399
1 0 64
1 2 86
0 3 699
2 3 492
1 3 167
0 0 66
2 0 55
2 3 122
0 3 390
0 1 404
2 2 545
1 0 79
1 2 92
1 3 182
0 0 231
2 0 75
0 1 388
2 2 211
1 0 73
1 2 106
0 3 602
1 3 207
2 3 509
2 0 207
0 0 69
2 2 338
1 0 71
2 3 630
1 2 127
0 1 491
0 3 540
1 3 242
2 0 55
2 3 306
2 2 311
0 0 68
0 3 172
0 1 207
1 0 72
1 2 90
1 3 149
2 0 63
2 3 197
2 2 216
0 0 61
0 3 155
0 1 365
1 0 62
1 2 83
2 0 75
1 3 198
2 3 184
2 2 230
0 0 61
0 1 154
0 3 181
1 0 80
2 0 65
1 2 117
2 1 127
1 3 253
2 3 262
0 0 56
0 1 194
0 3 216
1 0 91
2 0 82
1 2 109
2 2 238
2 3 253
1 3 371
0 0 61
0 1 196
0 3 204
1 0 88
2 0 76
1 2 97
1 3 347
2 3 404
2 2 467
0 0 65
0 3 310
0 1 462
1 0 78
2 0 79
1 2 105
2 3 207
2 2 246
1 3 392
0 0 60
0 1 193
2 0 61
0 3 408
1 0 64
1 2 90
2 3 186
2 2 344
1 3 533
2 0 57
2 3 209
2 2 219
1 0 64
1 2 77
1 3 124
2 0 58
2 3 195
2 2 206
1 0 61
1 3 159
1 1 355
2 0 57
2 3 116
2 2 334
