0 5 1218
0 6 1280
0 1 1342
0 0 1347
0 2 1369
0 3 1392
0 4 1402
0 2 410
0 3 565
0 1 649
0 6 636
0 4 645
0 5 667
0 0 671
0 4 716
0 6 781
0 1 871
0 0 896
0 5 905
0 3 921
0 2 909
0 4 488
0 3 560
0 0 594
0 5 606
0 1 606
0 6 615
0 2 621
0 3 420
0 2 462
0 6 513
0 0 576
0 4 588
0 1 616
0 5 616
0 5 512
0 1 520
0 2 524
0 3 537
0 0 561
0 4 573
0 6 584
0 6 478
0 1 585
0 5 568
0 3 573
0 4 588
0 2 598
0 0 622
0 0 415
0 1 493
0 6 489
0 3 556
0 4 560
0 5 562
0 2 571
0 0 496
0 1 496
0 3 566
0 2 637
0 6 613
0 4 630
0 5 632
0 4 434
0 1 493
0 5 515
0 3 517
0 2 557
0 6 565
0 0 571
0 2 440
0 4 500
0 0 508
0 6 551
0 1 571
0 5 590
0 3 599
0 3 398
0 1 441
0 6 474
0 4 517
0 5 536
0 0 544
0 2 543
0 0 354
0 1 458
0 6 516
0 4 545
0 3 543
0 2 562
0 5 576
0 3 393
0 1 496
0 0 545
0 4 550
0 5 578
0 6 590
0 2 591
0 4 304
0 6 466
0 3 494
0 2 508
0 5 532
0 1 535
0 0 555
0 2 543
0 1 552
0 6 578
0 4 590
0 3 611
0 5 622
0 0 637
0 5 421
0 0 496
0 4 499
0 1 505
0 3 516
0 2 540
0 6 543
0 1 478
0 3 480
0 0 552
0 2 596
0 4 567
0 5 586
0 6 574
0 0 507
0 2 446
0 5 488
0 6 603
0 4 528
0 3 622
0 1 648
0 4 447
0 3 486
0 2 502
0 5 530
0 0 547
0 1 570
0 6 556
0 2 446
0 1 475
0 0 504
0 5 518
0 6 525
0 3 528
0 4 539
0 3 387
0 2 463
0 1 523
0 6 560
0 4 575
0 0 578
0 5 571
0 0 409
0 3 469
0 6 485
0 5 557
0 4 559
0 2 570
0 1 575
0 3 428
0 0 451
0 5 476
0 2 503
0 4 545
0 6 568
0 1 573
0 5 436
0 2 507
0 0 647
0 3 643
0 1 681
0 6 669
0 4 672
0 3 401
0 1 450
0 5 467
0 4 506
0 6 533
0 0 536
0 2 547
0 2 387
0 6 489
0 5 519
0 0 545
0 3 554
0 4 566
0 1 582
