0 2 374
0 0 378
0 1 485
0 2 55
0 0 81
0 1 82
0 2 79
0 0 89
0 3 121
0 2 49
0 1 86
0 3 283
1 1 73
1 3 88
1 2 98
0 2 54
0 0 80
0 3 77
1 2 51
1 1 70
1 3 87
0 2 43
0 1 116
0 3 120
1 2 35
1 0 74
1 1 76
0 2 38
0 0 78
0 1 79
1 2 37
1 1 68
1 3 73
0 2 33
0 0 73
0 3 75
1 2 36
1 1 69
1 0 70
0 2 37
0 0 67
0 3 69
1 2 36
1 1 76
1 3 73
0 2 38
0 3 67
0 0 72
1 0 89
1 1 91
1 3 90
0 2 32
0 3 70
0 0 77
1 3 75
1 0 89
1 1 90
0 2 29
0 1 75
0 0 75
1 2 36
1 3 67
1 0 70
2 2 34
2 1 71
2 0 79
0 2 36
0 1 63
0 3 73
1 0 96
1 1 96
1 3 100
2 0 88
2 1 88
2 3 87
0 2 30
0 1 68
0 3 67
1 2 36
1 1 65
1 0 73
2 2 36
2 1 72
2 0 74
0 2 61
0 0 96
0 3 99
1 2 36
1 1 69
1 3 70
2 3 75
2 1 83
2 0 93
0 2 36
0 1 71
0 3 75
2 2 41
1 1 98
1 0 120
1 3 120
2 3 121
2 1 135
0 2 40
0 1 61
0 3 73
2 2 34
2 0 183
1 2 48
2 3 186
3 0 57
1 1 162
3 2 138
3 3 165
1 3 204
0 2 31
0 3 66
0 0 75
3 0 107
2 2 47
2 1 106
1 2 33
3 3 245
2 3 170
3 2 269
1 3 103
1 1 125
3 0 22
3 2 65
3 3 66
0 2 35
2 2 38
0 3 142
0 1 156
2 1 145
2 0 151
1 2 32
1 0 64
1 1 69
3 0 21
3 2 66
3 3 66
2 2 31
2 3 74
2 0 77
0 2 29
0 1 65
0 0 81
1 2 37
1 3 68
1 0 68
3 0 23
3 2 61
3 3 66
2 1 72
2 3 85
2 0 95
0 2 38
0 1 56
0 3 72
3 0 28
3 2 67
3 3 68
1 2 34
1 1 68
1 3 68
2 2 43
2 1 68
2 0 73
3 0 23
3 2 65
3 3 70
0 2 32
0 1 65
0 0 73
4 1 32
4 0 35
4 2 36
1 2 30
1 1 66
1 3 72
5 2 27
5 1 28
5 0 29
3 0 139
2 2 37
3 2 186
3 3 224
2 1 117
2 3 129
4 0 25
4 1 32
4 2 35
0 2 33
0 0 65
0 3 69
5 1 27
5 0 28
5 2 25
1 2 27
1 1 69
1 0 69
3 0 28
3 2 63
3 3 64
2 2 46
2 0 69
2 3 68
4 2 23
4 0 27
4 1 28
5 2 22
5 1 23
5 0 23
0 2 40
0 1 74
0 0 76
3 0 24
3 3 75
3 2 75
1 2 41
1 0 75
1 3 73
4 1 66
4 2 70
4 0 68
2 2 40
2 1 74
2 3 79
5 2 23
5 1 24
5 0 24
3 0 20
3 3 60
3 2 62
0 2 31
0 1 66
0 3 76
4 0 25
4 1 24
4 2 24
5 2 30
5 1 35
5 0 38
1 1 119
1 3 148
1 0 152
2 3 92
2 1 94
2 0 265
3 0 21
3 3 65
3 2 114
4 1 22
4 0 24
4 2 25
0 2 32
0 1 70
0 3 72
5 2 57
5 0 58
5 1 58
2 2 36
2 1 117
2 3 129
1 1 113
3 0 21
1 3 166
3 3 95
3 2 210
1 0 339
4 1 24
4 0 29
4 2 25
5 1 24
5 0 24
5 2 29
3 0 21
0 0 91
0 1 113
0 3 137
2 2 42
3 3 134
3 2 140
2 0 90
2 3 127
1 2 48
4 1 26
1 0 107
1 3 112
4 2 33
4 0 38
5 2 22
5 0 23
5 1 24
3 0 20
3 2 57
3 3 63
0 2 39
2 2 36
0 1 97
2 3 196
4 2 24
4 0 29
2 0 207
4 1 29
1 2 42
0 0 320
5 1 27
5 0 28
5 2 29
1 3 108
1 1 118
3 0 22
3 2 72
3 3 71
4 1 24
4 2 25
4 0 25
2 2 30
2 3 59
2 0 70
0 2 47
5 1 29
5 2 34
5 0 39
0 1 93
0 3 93
1 2 38
1 1 67
1 3 69
3 0 22
3 2 55
3 3 67
4 2 22
4 1 23
4 0 23
5 2 22
5 1 23
5 0 24
2 2 29
2 3 69
2 0 69
0 2 32
0 3 62
0 0 73
3 0 22
3 2 113
3 3 115
1 1 95
1 3 97
1 0 103
4 0 25
4 2 26
4 1 28
5 0 22
5 1 23
5 2 22
2 2 29
2 0 65
2 3 67
3 0 22
3 2 64
3 3 67
0 0 78
0 3 92
0 1 106
4 2 24
4 0 26
4 1 26
1 2 38
1 0 110
1 3 114
5 0 28
5 2 25
5 1 25
3 0 20
2 2 34
3 3 86
3 2 92
2 3 122
2 0 302
4 2 23
4 1 25
4 0 29
0 2 33
0 0 68
5 2 23
5 0 24
5 1 28
0 3 80
1 2 29
1 0 58
1 1 73
3 0 20
3 3 65
3 2 68
2 1 123
2 3 136
4 1 26
4 0 26
4 2 29
2 0 158
5 0 21
5 2 25
5 1 26
0 2 30
0 3 66
0 0 71
3 0 25
3 3 95
1 2 41
3 2 117
1 1 86
1 3 106
4 0 63
4 1 63
4 2 69
2 1 105
2 0 105
2 3 121
5 2 26
5 0 27
5 1 27
3 0 23
3 2 62
3 3 67
0 2 48
0 3 68
0 1 75
4 2 25
4 0 26
4 1 28
1 2 32
5 2 24
5 0 29
5 1 33
1 3 96
2 2 37
1 1 111
2 3 86
2 1 101
3 0 21
3 3 67
3 2 72
4 0 22
4 2 23
4 1 23
0 2 35
0 0 162
5 0 28
5 2 23
5 1 25
0 3 165
2 2 44
1 2 68
2 1 92
2 3 94
3 0 26
1 3 171
3 2 70
3 3 72
1 0 251
4 2 22
4 0 22
4 1 27
5 1 56
5 0 58
5 2 26
0 2 41
0 1 70
0 0 71
3 0 19
2 2 38
3 2 79
3 3 90
2 0 85
2 3 101
1 2 56
1 0 90
1 1 98
4 0 24
4 1 25
4 2 25
5 1 22
5 0 22
5 2 22
3 0 26
3 3 65
3 2 66
0 2 38
2 2 42
0 0 103
0 1 164
2 3 138
4 1 24
4 2 26
4 0 34
2 0 161
1 2 35
1 3 77
5 0 28
1 1 86
5 2 28
5 1 30
3 0 23
3 2 65
3 3 69
4 2 23
4 0 23
4 1 23
2 1 70
2 3 116
5 2 24
5 0 25
5 1 25
2 0 180
0 1 101
0 0 103
0 3 111
1 2 30
1 1 69
1 3 70
3 0 25
3 2 93
3 3 92
4 1 23
4 0 23
4 2 22
5 2 21
5 0 22
5 1 26
2 2 33
2 0 69
2 3 66
0 3 58
0 1 71
3 0 21
3 2 58
3 3 65
0 0 243
1 2 43
1 1 73
1 3 72
4 2 27
4 1 27
4 0 27
5 0 58
5 2 58
5 1 58
2 2 31
2 0 54
2 1 70
3 0 20
3 2 59
3 3 60
0 1 94
0 3 99
0 0 102
4 2 25
4 1 25
4 0 28
1 2 30
5 0 25
5 1 24
5 2 28
1 3 75
1 1 76
3 0 26
3 2 119
3 3 128
2 0 123
2 1 139
2 3 140
4 1 23
4 0 23
4 2 24
5 2 20
5 0 21
5 1 24
1 2 26
1 1 68
1 0 72
3 0 22
3 2 42
3 3 62
2 2 36
2 0 65
2 3 71
4 2 22
4 0 23
4 1 23
5 2 21
5 0 22
5 1 26
3 0 21
3 2 67
3 3 79
1 2 38
1 1 74
1 3 73
4 2 25
4 0 25
4 1 28
2 2 33
2 1 65
2 0 72
5 2 25
5 1 27
5 0 28
3 0 22
3 2 50
3 3 62
4 1 22
4 0 27
4 2 22
1 2 34
1 3 71
5 2 26
5 1 27
5 0 29
2 2 34
2 1 66
2 0 78
1 0 250
3 0 22
3 3 67
3 2 69
4 2 21
4 0 22
4 1 24
5 0 21
5 1 21
5 2 23
2 2 35
2 0 67
2 1 72
3 0 23
3 3 56
3 2 62
4 2 21
4 0 23
4 1 23
5 0 27
5 1 27
5 2 22
3 0 21
2 2 34
3 2 93
3 3 92
2 0 105
2 1 117
4 2 21
4 1 21
4 0 26
5 1 22
5 0 22
5 2 24
3 0 28
3 2 49
3 3 65
2 2 30
2 0 68
2 3 69
4 2 24
4 1 25
4 0 26
5 2 21
5 0 22
5 1 22
3 0 20
3 2 64
3 3 65
4 2 26
4 1 28
4 0 35
2 2 37
2 1 76
2 3 88
5 2 22
5 1 22
5 0 25
4 0 26
4 1 26
4 2 25
5 1 22
5 2 22
5 0 22
2 2 27
2 3 66
2 0 68
4 2 22
4 1 23
4 0 23
5 2 21
5 1 22
5 0 24
4 1 23
4 0 24
4 2 24
5 1 21
5 0 22
5 2 22
4 2 22
4 0 23
4 1 24
5 0 22
5 2 22
5 1 22
4 2 22
4 1 22
4 0 23
5 2 22
5 1 22
5 0 23
4 1 23
4 2 24
4 0 28
5 1 22
5 0 26
5 2 26
