0 4 575
0 6 620
0 3 637
0 1 643
0 5 641
0 2 646
0 0 656
0 1 233
0 0 262
0 5 251
0 6 263
0 2 271
0 4 185
0 3 300
0 1 295
0 6 243
0 0 322
0 3 251
0 2 250
0 4 257
0 5 275
0 5 171
0 1 186
0 0 191
0 3 176
0 4 177
0 2 202
0 6 196
0 5 246
0 3 254
0 6 257
0 2 252
0 4 253
0 0 294
0 1 288
0 2 184
0 6 186
0 5 181
0 0 181
0 4 187
0 1 207
0 3 207
0 4 175
0 6 174
0 3 187
0 2 187
0 1 192
0 5 201
0 0 203
0 1 184
0 4 189
0 6 183
0 3 191
0 2 192
0 5 203
0 0 210
0 5 183
0 1 188
0 6 179
0 3 181
0 0 192
0 4 198
0 2 209
0 6 171
0 1 171
0 2 175
0 5 177
0 3 177
0 4 194
0 0 208
0 1 182
0 5 175
0 2 187
0 6 188
0 3 189
0 4 200
0 0 209
0 2 175
0 4 178
0 1 185
0 6 174
0 5 180
0 0 196
0 3 205
0 6 175
0 1 178
0 5 179
0 3 181
0 0 181
0 4 194
0 2 195
0 3 185
0 5 186
0 2 187
0 4 188
0 6 193
0 0 213
0 1 219
0 0 182
0 4 176
0 1 186
0 6 186
0 5 186
0 3 202
0 2 210
0 5 178
0 4 178
0 2 179
0 0 186
0 6 186
0 1 202
0 3 203
0 0 178
0 6 181
0 2 176
0 1 176
0 3 177
0 5 206
0 4 206
0 4 175
0 1 171
0 5 167
0 3 176
0 6 171
0 2 194
0 0 198
0 3 277
0 1 280
0 2 280
0 5 281
0 4 273
0 0 299
0 6 300
0 4 166
0 3 168
0 1 171
0 5 170
0 6 165
0 0 191
0 2 193
0 1 172
0 2 172
0 0 175
0 5 168
0 6 167
0 3 194
0 4 194
0 0 178
0 5 169
0 4 181
0 3 183
0 6 160
0 2 206
0 1 206
0 1 166
0 5 169
0 3 172
0 4 168
0 6 169
0 0 193
0 2 194
0 3 182
0 4 184
0 5 184
0 6 207
0 1 273
0 0 275
0 2 386
0 6 170
0 0 172
0 1 173
0 4 174
0 2 172
0 3 191
0 5 192
0 4 171
0 0 176
0 2 184
0 5 173
0 6 175
0 3 200
0 1 200
0 4 173
0 0 178
0 3 167
0 6 169
0 5 169
0 2 193
0 1 201
