0 0 300
0 3 413
0 2 442
1 0 80
1 3 193
1 2 242
0 0 96
0 3 191
0 1 192
1 0 101
1 3 219
1 2 219
0 0 85
0 1 167
1 0 81
0 3 263
1 2 243
1 1 374
0 0 139
1 0 79
0 3 392
0 2 412
1 2 324
1 1 354
1 0 78
0 0 70
1 2 238
1 1 334
0 1 297
0 3 321
1 0 78
1 3 184
1 2 221
0 0 80
0 1 200
0 3 268
1 0 65
1 1 297
1 2 341
0 0 62
0 3 169
0 1 200
1 0 276
2 0 99
1 1 485
1 2 507
2 3 298
2 1 374
0 0 95
1 0 60
0 2 567
0 3 567
2 0 86
1 2 533
2 3 302
1 3 758
2 1 466
1 0 238
0 0 98
2 0 82
0 3 354
1 2 570
0 2 544
1 1 824
2 1 577
2 3 608
1 0 61
1 1 167
1 2 182
0 0 95
2 0 66
0 1 323
2 1 305
2 3 350
0 3 382
1 0 62
1 1 180
1 2 183
0 0 69
2 0 75
2 1 293
2 3 337
0 3 369
0 1 391
1 0 74
1 1 198
1 2 230
2 0 57
0 0 68
2 1 385
2 3 450
1 0 67
0 1 359
0 3 413
1 2 294
1 1 359
2 0 65
2 3 162
2 1 195
0 0 100
1 0 83
0 2 348
0 3 361
1 2 361
1 1 406
2 0 68
3 0 63
2 3 283
1 0 85
0 0 93
2 1 478
3 3 567
3 2 621
0 2 604
2 0 69
1 2 781
0 3 776
1 3 873
3 0 72
0 0 87
1 0 72
2 3 677
2 1 751
3 2 665
3 3 747
2 0 68
0 3 746
0 1 787
1 2 766
1 3 757
2 3 318
2 1 406
3 0 73
0 0 98
1 0 66
3 3 752
2 0 233
4 0 108
4 1 132
3 2 981
0 3 810
0 1 831
3 0 77
1 1 911
1 2 1215
2 3 1001
1 0 169
4 0 177
4 1 375
0 0 329
5 0 85
2 1 1921
4 1 468
4 0 484
2 0 84
4 2 1888
4 1 68
4 0 74
3 3 1993
4 2 1837
3 2 2285
3 0 104
4 1 86
4 0 83
1 1 2250
1 0 75
4 2 990
5 3 2149
1 2 3094
4 2 2421
4 1 88
4 0 88
0 3 2939
2 1 2302
5 1 2866
2 3 2364
0 1 3529
2 0 291
5 0 106
4 0 83
4 1 89
0 0 77
4 3 1937
1 2 1837
3 2 2498
3 3 2508
4 1 88
4 0 88
4 2 1897
1 1 2655
4 1 258
1 0 287
4 0 87
3 0 64
0 1 1737
5 1 3410
4 1 1919
4 0 1935
0 0 1167
5 0 284
2 1 4608
4 0 964
4 1 970
4 2 4982
4 2 6014
4 1 196
0 3 5640
5 3 6077
2 3 6390
1 2 4847
1 3 5106
3 2 4685
3 3 4758
4 2 5155
4 2 2479
4 2 4702
1 0 68
5 1 2821
2 3 1605
3 0 59
1 3 347
1 2 401
3 3 243
3 2 319
1 0 60
3 0 57
1 1 239
1 2 267
3 3 277
3 2 290
1 0 71
3 0 70
3 3 248
1 2 332
1 3 338
3 2 376
1 0 178
3 0 68
1 1 434
3 3 325
3 2 332
1 2 492
3 0 56
1 0 72
3 3 293
1 3 277
1 2 311
3 2 396
3 0 54
1 0 60
3 3 223
1 2 239
3 2 371
1 3 255
3 0 56
1 0 65
3 3 213
3 2 229
1 3 215
1 2 242
3 0 59
3 2 215
1 0 71
3 3 288
1 3 227
1 2 235
3 0 55
3 3 176
3 2 182
1 0 66
1 2 183
1 3 200
3 0 57
3 3 175
3 2 195
1 0 60
1 3 172
1 2 187
3 0 59
3 3 158
3 2 197
1 0 87
1 3 192
1 2 309
3 0 60
3 3 246
3 2 277
1 0 95
1 2 200
1 3 200
3 0 63
3 2 213
3 3 197
1 0 55
1 3 184
1 2 184
3 0 62
3 3 169
3 2 335
1 0 74
3 0 66
1 3 203
1 2 303
3 3 230
3 2 284
1 0 68
3 0 66
1 1 317
3 3 304
1 2 348
3 2 353
3 0 140
1 0 83
3 2 391
3 3 399
1 3 308
1 2 377
3 0 70
1 0 74
3 2 355
3 3 408
1 1 219
1 2 305
3 0 69
3 2 177
3 3 185
1 0 73
1 1 185
1 2 202
3 0 67
3 2 171
3 3 198
1 0 67
1 2 168
1 3 186
3 0 54
3 3 162
3 2 305
3 0 76
3 3 171
3 2 197
3 0 77
3 3 159
3 2 195
3 0 60
3 2 176
3 3 172
3 0 54
3 3 193
3 2 199
3 0 70
3 2 186
3 3 175
3 0 54
3 3 161
3 2 183
3 0 75
3 3 160
3 2 183
3 0 60
3 3 176
3 2 196
3 0 86
3 2 170
3 3 168
3 0 70
3 2 167
3 3 174
3 0 56
3 3 172
3 2 184
3 0 71
3 3 194
3 2 281
3 0 60
3 3 122
3 2 247
