0 4 359
0 1 367
0 3 365
0 0 386
0 2 372
0 6 339
0 5 337
0 6 70
0 4 72
0 3 75
0 5 76
0 1 73
0 2 78
0 0 123
0 1 45
0 0 97
0 2 54
0 3 60
0 5 58
0 6 60
0 4 64
0 3 49
0 2 49
0 1 56
0 5 53
0 0 59
0 6 52
0 4 60
0 0 51
0 4 49
0 6 64
0 2 66
0 1 68
0 3 66
0 5 67
0 2 49
0 0 54
0 6 60
0 3 60
0 4 60
0 5 64
0 1 68
0 3 52
0 0 60
0 6 55
0 1 64
0 2 61
0 5 66
0 4 67
0 4 45
0 1 51
0 5 45
0 0 53
0 2 61
0 3 62
0 6 60
0 5 43
0 4 54
0 1 59
0 0 66
0 6 63
0 3 61
0 2 66
0 0 79
0 6 48
0 2 57
0 5 58
0 1 86
0 4 63
0 3 65
0 2 44
0 1 42
0 5 49
0 4 53
0 3 55
0 0 56
0 6 58
0 6 39
0 4 40
0 3 48
0 5 48
0 1 55
0 2 56
0 0 55
0 3 45
0 5 49
0 6 54
0 1 55
0 0 59
0 4 60
0 2 61
0 5 42
0 6 44
0 1 52
0 2 54
0 3 59
0 4 55
0 0 60
0 6 40
0 2 41
0 5 46
0 3 50
0 0 56
0 4 55
0 1 56
0 5 42
0 1 45
0 0 49
0 3 47
0 6 49
0 4 55
0 2 56
0 0 37
0 6 44
0 1 47
0 5 51
0 3 57
0 4 59
0 2 60
0 3 43
0 6 39
0 4 48
0 2 52
0 1 53
0 5 53
0 0 55
0 3 64
0 0 69
0 1 70
0 2 64
0 5 71
0 6 71
0 4 69
0 2 36
0 4 39
0 3 49
0 0 50
0 6 53
0 1 55
0 5 54
0 5 41
0 6 43
0 4 49
0 3 53
0 2 55
0 1 56
0 0 57
0 6 39
0 4 44
0 1 48
0 3 48
0 2 51
0 0 54
0 5 54
0 6 39
0 5 42
0 4 50
0 1 53
0 3 55
0 0 57
0 2 56
0 2 35
0 5 39
0 3 47
0 0 53
0 4 56
0 1 56
0 6 56
0 6 43
0 5 46
0 0 50
0 2 51
0 4 55
0 3 56
0 1 57
0 3 36
0 6 40
0 1 46
0 2 48
0 5 52
0 4 52
0 0 53
0 6 36
0 4 38
0 5 44
0 3 51
0 1 53
0 2 53
0 0 53
