0 0 357
0 3 479
0 1 544
0 0 99
0 1 191
0 3 193
0 0 73
0 3 197
0 1 205
0 0 76
0 1 182
0 3 186
0 0 75
0 3 212
0 1 326
0 0 62
0 1 250
0 3 289
0 0 79
0 1 290
0 3 302
0 0 63
1 0 248
0 3 447
0 1 502
1 2 431
1 3 510
0 0 121
1 0 87
1 2 162
0 1 387
0 3 404
1 3 323
2 0 179
2 1 212
2 3 255
0 0 56
1 0 63
0 3 277
0 1 320
1 2 139
2 0 103
1 3 680
2 3 283
2 2 357
0 0 233
1 0 95
1 2 145
0 1 573
0 3 702
2 0 190
1 3 731
2 3 369
2 2 485
0 0 77
0 3 325
1 0 176
0 1 403
1 2 227
1 3 313
2 0 79
2 3 212
2 2 257
0 0 190
0 3 292
1 0 91
1 2 167
3 0 267
2 0 252
4 1 251
4 0 273
0 0 2486
4 0 66
4 1 67
1 3 3580
0 1 3837
3 1 3543
3 3 3763
3 0 56
2 2 3522
2 3 3581
0 1 3029
4 3 3662
0 0 77
3 1 487
0 3 3506
3 3 759
3 0 51
0 1 522
2 0 261
0 3 673
2 2 450
3 1 423
3 3 476
2 3 558
0 0 193
2 0 63
3 0 249
0 3 575
3 1 635
0 1 826
2 2 719
2 3 718
3 3 724
3 0 55
0 0 69
2 0 57
3 1 485
3 3 510
0 1 570
2 2 501
0 3 630
2 3 573
3 0 57
3 3 187
3 1 245
0 0 65
2 0 62
3 0 50
2 2 525
0 1 528
2 3 566
3 1 311
0 3 757
3 3 342
2 0 49
0 0 57
3 0 48
2 3 406
2 2 491
5 2 129
5 0 132
0 1 633
3 1 458
3 3 441
5 3 488
0 3 822
3 0 86
2 0 300
2 1 344
5 0 78
0 0 124
5 2 143
3 1 734
3 0 149
5 0 72
3 3 1230
5 2 107
2 0 370
5 3 1116
0 3 1298
2 3 1589
0 1 1354
5 0 209
5 2 248
0 0 62
2 2 1209
3 1 1235
2 3 1428
3 0 58
3 3 1494
5 3 1395
5 0 76
2 0 78
5 2 167
5 3 1181
3 1 904
3 3 907
0 1 1120
0 3 1637
3 0 228
0 0 60
5 3 859
5 0 57
5 2 104
2 3 1220
3 1 768
3 3 882
3 0 60
2 2 1760
2 0 163
0 1 1091
0 3 1104
5 3 851
5 0 63
5 2 240
0 0 61
3 1 800
2 3 750
5 3 728
3 3 1150
3 0 199
5 0 77
5 2 118
0 1 833
2 2 1248
0 3 1231
2 0 72
0 0 74
5 0 63
5 2 203
3 1 1175
5 3 1077
3 0 274
3 3 1592
2 2 898
0 1 881
5 3 806
5 0 79
0 0 81
5 2 111
0 3 1210
3 1 755
2 3 1279
3 0 163
2 0 63
5 0 141
5 2 179
5 3 1017
0 1 1057
0 3 1070
3 3 1698
0 0 167
5 3 627
3 1 1018
3 0 140
5 0 66
3 3 1295
5 2 89
2 3 1345
2 2 1255
0 3 916
3 1 673
5 3 595
0 1 1087
3 3 891
3 0 95
5 0 94
5 2 107
2 0 352
0 0 77
5 0 62
5 2 90
3 3 842
2 3 895
3 1 906
5 3 944
2 2 1212
0 1 623
5 3 395
0 3 854
5 0 259
3 0 290
0 0 276
5 2 299
2 0 107
0 1 703
3 1 789
5 3 765
3 3 809
2 3 591
0 3 1161
5 0 210
3 0 216
5 2 251
2 2 1024
0 0 83
2 0 48
5 0 62
5 2 88
3 1 900
5 3 980
3 0 73
0 1 916
0 0 64
0 3 1224
5 3 719
3 3 1579
2 2 1033
5 0 158
5 2 199
3 1 892
0 1 786
3 0 76
2 0 53
2 3 1634
0 0 76
0 3 1188
5 0 59
5 2 95
3 3 1603
5 3 1172
3 1 711
2 2 845
3 0 63
0 1 673
2 3 1050
5 3 771
3 3 1341
5 0 196
3 1 619
2 0 78
0 0 87
5 2 232
0 3 1304
3 0 52
5 0 56
5 3 787
5 2 103
3 3 1262
0 1 671
3 3 677
0 3 977
3 1 831
0 0 59
2 2 1079
2 3 1113
5 3 554
0 3 267
0 1 459
5 0 184
3 0 78
5 2 207
2 0 278
5 3 690
0 0 57
3 3 593
3 1 613
5 0 57
5 2 108
2 2 772
0 3 489
0 1 644
3 0 57
2 3 1170
5 3 683
2 0 216
5 0 81
5 2 117
0 0 58
3 3 770
3 1 794
5 3 523
0 3 527
2 2 842
0 1 591
2 3 1030
5 0 93
3 0 78
5 2 117
2 0 62
0 0 170
3 1 595
5 0 64
5 3 816
5 2 91
3 0 88
3 3 1010
0 1 786
2 3 697
2 2 780
5 3 651
3 1 470
3 3 497
0 3 1080
0 0 233
5 0 235
3 0 94
5 2 252
2 0 67
3 3 530
5 0 79
5 2 110
0 1 971
5 3 977
2 2 786
3 1 887
0 0 68
3 0 181
2 3 1326
2 0 171
2 1 211
5 0 57
5 2 294
5 3 1247
0 1 910
3 1 747
5 3 452
0 3 1051
3 3 926
0 3 2375
3 0 63
0 0 263
5 0 69
2 0 68
2 3 1101
5 2 101
0 1 825
3 1 655
3 3 907
3 0 65
0 3 1313
0 0 199
5 0 63
5 2 93
2 2 1001
2 3 1125
5 3 1205
3 1 625
0 3 609
3 0 62
2 0 88
5 0 88
5 2 113
5 3 995
0 1 1272
3 3 1348
3 1 726
3 3 951
5 3 722
3 0 74
5 0 77
5 2 90
2 2 798
2 3 1010
3 1 458
5 3 455
3 3 542
2 0 68
3 0 61
5 0 54
2 3 418
2 2 460
5 2 288
3 1 515
3 3 559
5 3 667
3 0 51
5 0 63
2 0 75
5 2 91
3 1 357
2 3 290
2 2 598
3 3 791
3 0 51
3 1 149
5 3 978
5 0 72
2 0 69
5 2 107
2 2 246
3 3 632
2 3 300
5 3 411
3 0 49
5 0 48
5 2 77
3 3 203
3 1 385
2 0 58
2 3 153
5 3 659
2 2 386
3 0 56
5 0 70
5 2 102
3 3 297
3 1 314
2 0 62
5 3 554
2 1 111
2 3 171
3 0 165
5 0 51
5 2 86
3 3 378
3 1 415
5 3 281
2 0 66
5 0 57
5 2 103
2 3 251
5 3 197
2 2 402
2 0 47
2 2 216
2 3 241
2 0 130
2 3 285
2 2 291
2 0 63
2 3 194
2 2 201
2 0 49
2 2 194
2 3 197
2 0 65
2 3 205
2 2 206
2 0 48
2 2 177
2 3 375
