0 3 454
0 0 474
0 4 489
0 5 491
0 2 488
0 6 514
0 1 521
0 0 177
0 4 167
0 3 173
0 1 220
0 6 201
0 5 209
0 2 208
0 6 133
0 2 162
0 0 170
0 4 184
0 5 188
0 3 187
0 1 200
0 5 140
0 6 144
0 4 158
0 2 179
0 0 192
0 3 185
0 1 191
0 2 181
0 6 181
0 4 182
0 5 178
0 3 187
0 0 204
0 1 279
0 1 172
0 5 170
0 4 172
0 3 178
0 6 176
0 0 183
0 2 182
0 2 193
0 6 187
0 3 188
0 1 202
0 0 203
0 5 198
0 4 194
0 1 163
0 0 165
0 3 167
0 5 196
0 4 202
0 6 202
0 2 204
0 3 131
0 5 138
0 1 172
0 0 186
0 4 180
0 2 188
0 6 181
0 2 164
0 3 173
0 4 184
0 1 186
0 5 187
0 0 205
0 6 194
0 3 148
0 2 165
0 4 179
0 5 193
0 1 195
0 0 203
0 6 205
0 5 166
0 4 172
0 0 174
0 2 185
0 6 182
0 1 190
0 3 190
0 2 162
0 3 163
0 4 164
0 0 169
0 6 159
0 1 184
0 5 172
0 0 159
0 5 157
0 3 176
0 2 188
0 1 192
0 6 191
0 4 195
0 1 137
0 3 173
0 0 175
0 4 179
0 5 179
0 6 198
0 2 201
0 4 208
0 0 232
0 3 221
0 1 233
0 5 239
0 2 249
0 6 255
0 6 143
0 4 161
0 2 155
0 5 175
0 3 184
0 1 201
0 0 201
0 5 123
0 2 150
0 3 169
0 0 190
0 1 189
0 4 200
0 6 199
0 0 140
0 4 160
0 6 160
0 2 176
0 3 184
0 5 192
0 1 196
0 6 153
0 3 169
0 2 184
0 5 187
0 1 204
0 4 210
0 0 216
0 6 154
0 0 174
0 4 163
0 5 176
0 3 178
0 2 181
0 1 188
0 4 148
0 2 175
0 5 177
0 0 184
0 1 186
0 3 186
0 6 182
0 6 142
0 1 158
0 4 160
0 5 168
0 0 182
0 2 189
0 3 186
0 2 146
0 0 171
0 5 170
0 3 182
0 6 185
0 4 191
0 1 196
0 3 147
0 1 172
0 2 187
0 0 206
0 4 185
0 5 186
0 6 187
0 0 144
0 2 146
0 4 182
0 1 188
0 5 183
0 6 188
0 3 190
0 5 125
0 2 150
0 3 155
0 6 172
0 0 181
0 1 188
0 4 183
