0 5 353
0 6 327
0 1 370
0 2 376
0 3 380
0 0 382
0 4 347
0 0 75
0 6 83
0 4 85
0 5 87
0 1 90
0 2 93
0 3 92
0 0 113
0 3 83
0 4 122
0 6 80
0 5 89
0 1 128
0 2 129
0 3 83
0 1 84
0 5 83
0 2 89
0 0 80
0 4 92
0 6 86
0 0 98
0 2 96
0 6 100
0 5 102
0 1 110
0 3 110
0 4 109
0 2 91
0 4 95
0 5 97
0 6 98
0 0 102
0 1 106
0 3 108
0 6 88
0 3 92
0 5 96
0 1 104
0 0 106
0 4 101
0 2 110
0 3 80
0 0 97
0 4 95
0 6 98
0 1 107
0 5 107
0 2 116
0 2 90
0 0 107
0 5 97
0 3 110
0 6 105
0 1 113
0 4 113
0 1 114
0 4 104
0 5 97
0 3 105
0 6 100
0 0 133
0 2 110
0 5 81
0 1 88
0 6 83
0 0 89
0 2 92
0 4 87
0 3 89
0 4 74
0 0 82
0 1 86
0 5 88
0 3 89
0 2 94
0 6 99
0 5 71
0 6 74
0 2 86
0 0 86
0 3 89
0 1 89
0 4 90
0 3 85
0 0 85
0 5 85
0 4 90
0 1 100
0 2 102
0 6 99
0 5 81
0 2 84
0 6 86
0 3 102
0 0 104
0 1 106
0 4 107
0 6 71
0 5 74
0 3 88
0 1 95
0 0 95
0 2 100
0 4 97
0 5 58
0 2 81
0 6 81
0 4 89
0 1 92
0 0 93
0 3 96
0 2 63
0 6 91
0 3 94
0 5 91
0 0 100
0 4 99
0 1 102
0 4 64
0 2 77
0 0 84
0 6 87
0 3 87
0 1 90
0 5 94
0 6 77
0 0 83
0 3 83
0 2 90
0 5 92
0 4 92
0 1 97
0 5 88
0 6 88
0 4 91
0 2 94
0 0 99
0 1 99
0 3 100
0 0 83
0 3 84
0 5 84
0 6 83
0 4 84
0 2 88
0 1 88
0 3 70
0 2 72
0 1 85
0 0 87
0 4 92
0 5 96
0 6 95
0 2 100
0 5 113
0 3 114
0 0 119
0 6 90
0 1 124
0 4 122
0 4 84
0 2 85
0 5 87
0 6 93
0 1 95
0 3 97
0 0 101
0 5 86
0 2 91
0 6 88
0 0 90
0 3 98
0 4 100
0 1 102
0 5 92
0 0 95
0 4 94
0 2 96
0 6 94
0 3 99
0 1 101
