0 0 529
1 0 120
0 2 1393
0 3 1783
0 0 164
1 3 1317
1 0 59
0 3 1131
0 0 72
1 2 2322
0 2 2708
1 3 1872
0 3 1524
1 2 2031
1 0 76
0 0 94
0 2 2657
1 2 1654
0 3 1638
1 3 1925
0 2 1860
1 0 92
0 0 102
1 2 1461
1 3 1684
0 3 1608
1 0 107
0 2 1718
0 0 177
2 0 74
0 3 1393
1 3 1731
1 2 1907
0 0 79
0 2 1760
1 0 82
1 3 2099
0 3 2259
2 2 3186
1 2 2207
0 2 2507
1 0 145
0 0 105
2 0 84
2 3 3945
0 3 2109
1 2 2375
0 0 75
0 2 2448
2 3 2634
1 0 109
2 0 65
2 2 3172
1 3 3471
3 0 245
3 1 263
0 2 2514
3 1 112
3 0 141
0 3 2712
0 0 87
1 2 2984
2 2 2743
1 3 3180
3 0 122
3 1 119
2 3 2872
1 0 99
2 0 102
4 0 72
3 0 79
3 1 149
3 1 110
3 0 113
3 1 69
3 0 80
5 0 140
3 1 107
3 0 121
3 2 5621
0 3 4484
3 1 103
3 0 116
0 2 5088
0 0 69
3 0 124
3 1 130
4 2 5393
3 0 76
3 1 92
3 2 7097
2 3 8149
3 3 8471
2 2 8407
3 0 2070
1 2 8471
3 1 2096
3 2 8110
3 1 134
3 0 134
4 3 8567
1 3 9309
2 0 60
1 0 75
3 1 81
3 0 81
3 0 71
3 1 73
3 2 10297
3 0 85
3 1 86
3 0 65
5 3 10862
5 0 65
3 2 12239
3 2 13246
3 2 11099
5 2 13047
0 2 11648
0 0 104
3 2 12811
0 3 12323
3 2 11776
3 2 8568
2 2 9157
2 3 9301
3 2 12293
1 2 9421
3 2 10592
2 0 66
4 2 11565
3 2 8629
1 0 80
3 2 7929
1 3 10602
3 2 7434
5 2 5506
0 3 4521
0 2 4627
0 0 64
2 3 2624
2 2 2655
2 0 60
1 2 3001
1 3 3194
1 0 100
0 2 2004
0 0 82
2 2 2186
2 3 2302
2 0 90
0 3 3486
1 3 3004
1 2 3135
0 2 2438
1 0 84
2 3 1951
0 0 81
2 0 81
0 3 3388
2 2 2546
1 2 2019
1 0 84
1 3 2597
2 2 2196
0 3 2717
0 2 3089
2 0 76
0 0 96
2 3 2994
1 3 2654
1 2 2783
2 2 1827
1 0 72
2 0 81
2 3 2762
0 2 2901
0 3 3075
0 0 73
1 2 1826
1 0 88
1 3 2724
2 2 2589
2 0 130
2 3 3094
0 3 2176
0 2 2464
0 0 89
1 2 2506
1 0 68
1 3 3260
2 2 2528
0 3 1848
2 0 69
0 0 96
0 2 2643
2 3 3698
1 3 2432
1 0 97
2 2 2387
0 2 2388
1 2 3551
2 3 2772
2 0 64
0 0 66
0 3 2808
1 3 2236
1 0 92
0 2 1951
1 2 3091
0 0 87
2 3 2751
2 2 2816
2 0 85
0 3 3336
0 2 2253
1 3 2923
0 3 2295
2 2 1906
0 0 65
1 0 73
2 0 91
1 2 3775
2 3 2997
0 3 2391
2 2 2231
1 2 2791
1 3 2836
0 0 97
0 2 2996
2 0 81
1 0 92
2 3 2879
2 3 2189
0 3 2572
1 2 2317
0 2 2675
2 2 2465
2 0 50
1 3 2704
0 0 68
1 0 75
0 3 1977
2 2 2458
0 0 65
2 3 2748
2 0 94
0 2 2601
1 3 2596
1 2 2893
1 0 91
0 3 1235
0 0 71
2 3 2629
0 2 2940
2 0 95
1 2 2662
2 2 3192
1 3 2949
1 0 82
0 3 2819
0 2 3075
0 0 62
2 3 1844
2 0 59
2 2 2666
1 2 2518
1 3 2909
1 0 59
0 2 2150
0 0 94
0 3 2580
2 3 2674
2 2 2726
2 0 61
1 3 2075
1 0 64
1 2 2759
0 2 2413
0 0 61
2 3 2124
0 3 3180
2 0 56
2 2 3144
1 3 2584
1 0 94
1 2 3393
0 2 2955
2 2 2116
0 3 2987
2 3 2328
2 0 81
0 0 82
1 3 2508
1 2 2579
1 0 90
2 3 2002
2 0 78
0 2 2396
2 2 2516
0 3 2627
0 0 85
1 2 1869
1 0 63
1 3 2829
2 3 2586
2 2 2694
2 0 94
0 3 2541
0 2 2624
0 0 93
1 3 2626
1 2 2879
1 0 59
2 2 2397
2 3 2513
0 2 1942
2 0 69
0 3 2374
0 0 67
1 3 2616
1 2 2627
1 0 60
2 2 2009
2 0 68
0 3 2401
2 3 2747
0 2 2575
0 0 65
1 2 2266
2 2 2160
1 0 97
1 3 2968
2 3 2412
2 0 94
0 3 2911
0 2 3132
0 0 62
2 3 1702
2 0 56
1 2 2773
1 3 2925
1 0 89
2 2 2814
0 3 2244
0 0 60
0 2 2552
2 3 1996
2 0 60
2 2 2553
1 3 2457
1 0 71
1 2 3671
0 3 2812
2 3 2444
2 2 2474
0 0 88
0 2 3235
2 0 106
1 3 2495
1 2 2688
1 0 90
0 3 1993
0 2 2019
2 3 2174
0 0 57
2 0 78
2 2 3273
1 3 2664
1 2 2903
1 0 62
0 2 2042
0 3 2455
0 0 96
2 3 2470
2 2 2683
2 0 91
1 2 2254
1 3 2512
1 0 86
0 2 2471
2 2 2030
0 0 60
2 3 2323
2 0 76
0 3 3132
1 3 2560
1 2 2703
1 0 89
0 2 2208
2 2 2246
0 3 2676
2 3 2771
2 0 99
1 3 1754
1 2 1875
1 0 76
2 3 1497
2 2 1601
2 0 76
1 2 1093
1 0 80
1 3 1641
2 2 1555
2 3 1833
2 0 74
1 2 1532
1 3 1643
2 3 976
2 2 1080
2 0 64
2 3 803
2 2 862
2 0 84
2 3 790
2 2 846
