0 0 409
0 3 616
0 1 641
0 0 121
0 1 223
0 3 264
1 0 103
1 2 314
1 3 345
2 0 170
0 0 158
2 2 319
2 3 414
0 1 690
0 3 703
1 0 299
1 2 298
1 3 323
2 0 292
0 0 285
1 0 121
1 2 185
2 2 782
0 1 973
2 3 1039
0 0 410
0 3 1352
1 2 216
2 0 714
3 0 255
1 0 288
1 3 1666
0 3 1398
2 2 1359
0 1 1741
1 0 145
1 2 354
0 0 118
3 1 1537
1 3 1863
3 3 1861
3 0 187
2 0 226
2 3 2435
1 0 101
1 2 183
0 1 1475
3 1 1166
1 3 1828
2 2 1462
0 0 318
3 0 187
1 0 167
1 2 187
0 3 3116
2 3 2832
1 3 2670
3 3 3103
2 0 97
2 1 289
1 0 153
1 3 2128
0 1 2340
3 1 2366
0 3 3100
3 0 716
5 2 153
0 0 781
2 0 753
5 0 209
3 3 3807
2 3 2464
1 3 2185
5 0 127
5 2 185
1 1 3339
2 2 2777
1 0 342
1 2 395
3 3 3047
5 0 778
0 1 3808
3 1 4112
2 3 4526
5 2 1560
0 0 564
2 0 393
1 0 373
0 3 4995
5 0 116
5 2 196
5 3 2700
5 3 3849
2 3 1332
0 3 1841
1 3 3532
0 1 1896
1 1 1516
5 0 138
2 2 1833
5 2 362
1 3 1837
1 0 140
1 2 328
5 3 1595
2 0 163
0 0 156
5 0 89
5 2 147
1 0 114
1 3 1147
1 2 138
0 1 917
2 3 1009
5 3 1746
0 3 1632
2 2 1757
5 2 521
0 0 201
5 0 581
1 0 299
1 2 360
2 0 118
2 1 199
1 3 1882
0 1 1035
5 0 321
5 2 1503
1 0 1427
5 3 3986
0 0 1497
1 2 1530
2 0 339
0 3 3339
5 3 3570
2 3 2942
1 3 3255
5 0 242
5 2 289
1 0 68
0 1 2319
1 2 365
0 0 200
0 3 2771
5 3 3057
5 0 87
5 2 187
1 3 3183
0 3 859
0 1 890
1 0 165
1 2 213
1 3 1429
5 3 1735
5 3 935
5 0 120
5 2 289
0 0 120
1 3 1241
1 0 114
5 3 906
5 0 90
0 1 668
0 3 681
1 2 222
5 2 191
0 0 132
1 3 655
5 3 731
0 1 519
0 3 522
5 0 105
1 0 132
5 2 163
1 2 322
5 3 451
1 3 500
0 0 108
5 0 91
5 2 132
0 1 473
0 3 473
5 3 316
1 0 106
1 2 135
1 3 341
5 0 74
5 2 139
5 3 386
0 0 301
0 3 246
0 1 282
1 0 97
1 2 105
1 3 380
5 0 92
5 2 142
5 3 182
0 0 108
0 1 240
0 3 240
1 0 97
5 0 81
1 2 183
1 3 190
5 2 156
5 3 209
0 0 88
0 3 216
0 1 221
5 0 101
5 2 125
5 3 293
1 0 107
1 2 145
1 3 169
5 0 246
0 0 109
5 2 271
5 3 389
1 0 84
0 1 368
1 2 144
0 3 491
1 3 272
5 0 84
5 2 128
5 3 187
0 0 89
0 1 221
0 3 231
1 0 66
1 2 282
1 3 333
5 0 108
5 2 160
5 3 210
0 0 86
0 3 169
0 1 201
5 0 130
1 0 130
1 2 258
5 2 258
1 3 295
5 3 321
0 0 103
5 0 99
5 2 127
1 0 89
5 3 487
0 1 509
0 3 512
1 3 365
1 1 390
0 0 104
5 0 111
5 2 143
0 1 358
5 3 432
0 3 439
1 0 96
1 2 110
1 3 195
5 0 84
5 2 125
5 3 154
0 0 81
0 3 240
0 1 241
1 0 108
5 0 105
1 2 203
5 2 202
5 3 277
1 3 338
0 0 79
0 1 177
0 3 185
5 0 91
1 0 97
5 2 197
1 2 201
5 3 263
1 3 250
5 0 69
5 2 100
0 0 85
5 3 330
1 0 83
1 2 122
0 1 399
0 3 425
1 3 281
5 0 80
5 2 115
5 3 185
0 0 95
0 3 218
0 1 226
1 0 73
1 3 138
1 2 379
5 0 102
5 2 147
5 3 171
0 0 86
5 0 169
1 0 200
0 1 604
5 2 255
0 3 622
1 2 233
1 3 341
5 3 418
5 0 316
0 0 104
5 2 385
5 3 477
1 0 129
1 2 156
0 1 507
0 3 508
1 3 357
5 0 85
5 2 131
5 3 486
0 0 98
0 3 238
1 0 124
0 1 416
1 2 198
5 0 284
1 3 522
5 2 342
5 3 359
0 0 99
5 0 252
1 0 98
5 2 299
1 2 184
0 3 571
0 1 574
1 3 318
5 3 583
5 2 250
5 0 251
0 0 150
1 0 100
1 2 121
0 3 479
0 1 505
1 3 411
5 3 712
5 0 95
5 2 121
5 3 196
0 0 90
0 1 196
0 3 232
1 0 72
1 3 146
1 2 147
5 0 82
5 2 115
5 3 190
0 0 90
0 1 169
0 3 199
5 0 105
1 0 111
5 3 216
5 2 225
1 2 219
1 3 276
5 0 89
5 2 116
0 0 259
1 0 106
1 2 134
0 3 517
0 1 548
1 3 458
5 3 769
0 0 77
0 1 163
0 3 215
1 0 71
1 2 103
1 3 162
0 0 84
0 1 196
0 3 191
0 0 121
0 1 201
0 3 194
0 0 81
0 3 177
0 1 211
