0 1 689
0 0 776
0 2 773
0 6 780
0 4 875
0 3 903
0 5 902
0 4 464
0 0 501
0 3 540
0 6 582
0 5 583
0 1 621
0 2 636
0 3 516
0 0 527
0 2 535
0 6 522
0 4 673
0 1 727
0 5 715
0 2 421
0 0 443
0 4 443
0 6 444
0 3 550
0 5 507
0 1 537
0 6 617
0 1 774
0 5 787
0 3 800
0 0 812
0 4 816
0 2 817
0 2 490
0 6 576
0 1 614
0 4 626
0 3 650
0 5 612
0 0 667
0 4 363
0 5 387
0 2 414
0 3 515
0 1 554
0 6 549
0 0 561
0 1 427
0 5 510
0 0 562
0 4 572
0 2 581
0 3 610
0 6 604
0 0 434
0 1 482
0 4 540
0 3 546
0 5 558
0 6 574
0 2 589
0 4 478
0 5 474
0 2 497
0 3 567
0 0 595
0 6 594
0 1 608
0 1 424
0 5 462
0 2 484
0 6 522
0 4 534
0 0 552
0 3 552
0 0 515
0 3 535
0 5 535
0 2 585
0 6 581
0 1 646
0 4 676
0 1 421
0 6 498
0 0 522
0 3 544
0 4 563
0 2 570
0 5 582
0 3 427
0 0 499
0 1 510
0 5 487
0 2 551
0 6 534
0 4 542
0 5 461
0 3 450
0 2 466
0 4 466
0 1 518
0 6 529
0 0 575
0 3 367
0 5 455
0 2 485
0 1 545
0 6 555
0 4 557
0 0 607
0 6 322
0 2 492
0 4 483
0 5 492
0 0 507
0 1 546
0 3 574
0 3 426
0 2 440
0 0 443
0 4 430
0 5 476
0 6 523
0 1 537
0 4 359
0 1 441
0 3 446
0 0 509
0 2 521
0 5 542
0 6 542
0 6 422
0 0 486
0 1 517
0 5 506
0 3 525
0 4 528
0 2 529
0 1 458
0 3 459
0 0 521
0 5 531
0 6 547
0 2 562
0 4 566
0 3 370
0 1 397
0 6 405
0 4 428
0 2 507
0 0 572
0 5 583
0 5 413
0 3 441
0 0 452
0 2 485
0 6 510
0 1 534
0 4 539
0 5 337
0 0 476
0 4 461
0 6 474
0 2 557
0 3 559
0 1 572
0 2 415
0 6 422
0 4 459
0 1 464
0 3 514
0 5 520
0 0 536
0 5 391
0 3 422
0 6 448
0 2 449
0 4 462
0 1 502
0 0 526
0 2 401
0 3 428
0 4 512
0 0 534
0 1 554
0 5 550
0 6 549
