0 2 746
0 0 753
0 1 753
0 6 761
0 3 799
0 5 806
0 4 818
0 5 304
0 3 490
0 0 521
0 1 512
0 6 531
0 2 557
0 4 557
0 0 400
0 5 427
0 6 476
0 2 515
0 3 520
0 4 521
0 1 535
0 1 427
0 4 475
0 3 488
0 0 490
0 2 503
0 6 503
0 5 513
0 5 445
0 6 471
0 3 483
0 2 519
0 1 539
0 4 527
0 0 545
0 0 358
0 5 359
0 4 394
0 6 411
0 3 450
0 1 481
0 2 482
0 6 452
0 2 466
0 3 489
0 4 495
0 1 532
0 5 526
0 0 540
0 2 330
0 1 404
0 4 408
0 5 444
0 6 440
0 3 462
0 0 464
0 2 334
0 0 502
0 1 509
0 3 525
0 6 527
0 4 542
0 5 546
0 0 357
0 3 448
0 4 441
0 1 462
0 6 461
0 5 491
0 2 492
0 0 346
0 6 385
0 1 477
0 3 476
0 2 499
0 5 508
0 4 520
0 2 373
0 0 412
0 4 450
0 3 457
0 6 462
0 1 482
0 5 488
0 5 359
0 2 413
0 1 438
0 0 440
0 4 455
0 3 476
0 6 498
0 6 375
0 2 394
0 1 445
0 0 476
0 3 470
0 4 472
0 5 480
0 0 412
0 4 418
0 3 419
0 6 454
0 2 458
0 1 488
0 5 487
0 1 432
0 6 448
0 5 458
0 2 510
0 4 463
0 0 541
0 3 486
0 5 314
0 4 388
0 6 399
0 1 505
0 2 433
0 3 480
0 0 581
0 1 346
0 6 454
0 0 489
0 2 477
0 5 480
0 4 497
0 3 513
0 6 278
0 3 478
0 5 484
0 2 516
0 1 589
0 0 592
0 4 595
0 0 407
0 4 435
0 3 477
0 1 483
0 5 494
0 2 505
0 6 518
0 3 321
0 0 383
0 1 406
0 5 423
0 6 431
0 4 444
0 2 451
0 1 372
0 4 403
0 6 405
0 3 436
0 0 460
0 5 448
0 2 450
0 0 381
0 1 403
0 2 418
0 4 430
0 6 462
0 5 473
0 3 476
0 3 403
0 1 459
0 0 461
0 6 447
0 4 475
0 2 468
0 5 470
0 4 378
0 1 403
0 2 420
0 6 427
0 0 458
0 5 462
0 3 462
0 1 451
0 4 481
0 6 506
0 0 524
0 3 536
0 5 526
0 2 554
0 3 390
0 1 454
0 5 455
0 6 460
0 4 484
0 2 498
0 0 507
