0 0 297
0 3 477
0 1 488
1 0 110
0 0 101
1 2 237
1 3 271
0 1 443
0 3 466
1 0 137
0 0 154
1 2 262
0 1 305
0 3 358
1 3 467
1 0 179
0 0 89
1 2 196
0 1 268
1 3 413
0 3 352
1 0 199
0 0 112
1 2 234
0 1 359
1 3 581
0 3 470
1 0 200
0 0 98
1 2 237
0 3 319
1 3 481
0 1 410
1 0 205
1 2 220
0 0 95
0 3 295
1 3 552
0 1 373
1 0 301
1 2 299
2 0 288
0 0 177
2 1 348
1 3 593
0 1 531
2 3 545
0 3 603
1 0 96
0 0 84
2 0 246
1 1 531
0 1 540
0 3 619
1 3 623
2 3 687
2 2 942
2 0 125
0 0 111
1 0 95
1 2 104
0 1 472
2 3 596
1 3 736
2 2 902
0 3 860
2 0 60
1 0 95
0 0 84
1 2 92
2 2 525
1 3 517
2 3 682
0 3 660
0 1 864
2 0 77
2 2 311
2 3 337
1 0 93
1 2 135
1 3 162
0 0 68
0 1 171
0 3 211
2 0 90
2 2 142
2 3 248
1 0 66
1 2 116
1 3 169
0 0 75
0 1 176
0 3 193
2 0 54
2 2 156
2 3 195
1 0 70
1 2 132
1 3 150
0 0 72
0 1 217
0 3 229
2 0 63
2 2 198
2 3 213
1 2 81
1 0 91
1 3 183
0 0 62
2 0 58
2 2 201
0 1 528
2 3 363
0 3 755
1 0 66
1 1 216
1 3 231
0 0 79
3 0 74
2 0 77
2 2 472
3 1 595
2 3 599
0 1 700
3 3 684
1 0 101
1 2 147
0 3 892
3 0 100
0 0 103
2 0 77
2 1 113
1 3 515
0 1 541
3 1 613
3 3 629
0 3 600
2 3 621
3 0 64
1 0 70
1 2 88
2 0 71
0 0 73
3 1 688
1 3 712
3 3 718
3 0 67
2 2 797
0 1 785
0 3 789
2 3 886
1 0 59
3 1 443
1 2 89
3 3 486
0 0 83
2 0 84
3 0 64
4 0 73
4 1 75
1 3 988
2 2 758
0 1 807
1 0 101
1 2 117
3 1 761
2 3 906
3 0 312
0 0 347
4 0 350
4 1 355
2 0 285
4 3 1233
3 3 1650
0 3 1879
1 3 1187
1 0 77
1 2 95
4 0 75
4 1 88
0 1 1276
2 2 988
3 1 1404
0 0 75
3 3 1431
3 0 63
0 3 1930
2 3 1602
2 0 65
4 1 236
4 0 248
1 0 84
1 3 1379
1 2 137
0 1 988
4 3 2186
0 0 69
3 1 1132
3 0 75
4 0 74
4 1 72
0 3 1582
1 3 835
3 3 1587
2 2 1473
1 0 72
4 3 2269
1 2 113
3 1 676
2 3 1644
3 0 305
4 0 91
4 1 101
2 0 83
0 3 1530
4 3 2185
0 1 1702
1 0 82
1 3 977
1 2 119
4 1 85
4 0 89
0 0 67
3 3 2182
3 1 1435
4 3 2234
3 0 66
2 2 1390
4 3 1617
1 3 1318
1 2 107
4 0 130
1 0 127
4 1 140
3 3 2251
2 3 2022
0 1 1301
2 0 68
0 0 65
3 1 1229
4 0 61
4 1 65
3 0 65
1 3 1033
1 0 67
0 3 2225
1 2 95
4 3 2453
4 0 74
4 1 88
2 2 1412
3 3 2299
0 1 1223
4 3 2089
0 0 67
3 1 1372
1 0 69
1 2 112
1 3 3326
2 0 577
0 3 4033
3 0 2076
2 3 4642
4 3 4318
1 0 58
0 1 3388
4 3 3693
2 2 1364
0 3 3529
0 0 70
3 3 2918
1 3 3364
3 3 4755
1 1 538
1 3 618
0 3 344
3 1 3158
0 1 538
3 0 66
3 3 180
1 0 77
1 2 104
1 3 190
3 1 581
0 0 63
0 3 241
0 1 298
3 0 69
3 3 254
3 1 465
1 0 232
1 2 233
0 0 73
3 0 73
1 3 406
0 1 418
0 3 450
3 3 414
3 1 431
1 0 68
3 0 74
1 2 93
0 0 60
3 3 356
1 3 372
3 1 388
0 1 458
0 3 490
3 0 62
1 0 70
1 2 78
3 1 250
3 3 258
1 3 217
0 0 59
0 3 185
3 0 58
3 3 178
0 1 774
1 0 74
1 2 101
3 1 419
1 3 188
3 0 63
0 0 84
3 1 215
3 3 239
0 1 420
0 3 427
1 0 70
1 2 96
1 3 127
3 0 62
0 0 62
3 3 311
0 1 193
0 3 282
3 1 477
3 0 59
1 0 65
1 2 91
3 1 422
0 0 66
1 3 481
0 1 277
3 3 728
0 3 485
3 0 55
3 1 114
3 3 342
1 0 68
1 2 71
1 3 156
0 0 59
3 0 56
0 3 189
3 3 209
0 1 413
3 1 354
1 0 67
1 2 93
3 0 63
0 0 60
3 3 234
0 3 265
1 3 437
0 1 568
3 1 686
3 0 56
3 3 144
1 0 61
1 2 94
1 3 189
3 1 333
0 0 68
0 1 175
0 3 186
3 0 66
3 1 192
1 0 65
3 3 448
1 2 82
1 3 178
0 0 71
3 0 70
0 1 338
0 3 337
3 1 308
3 3 372
1 0 64
1 2 89
1 3 148
3 0 70
0 0 61
3 1 277
0 3 243
3 3 460
0 1 357
3 0 73
1 0 56
3 3 212
0 0 66
1 3 411
3 1 553
0 1 237
0 3 273
1 1 643
3 0 70
3 1 158
3 3 179
0 0 62
3 0 54
0 1 241
0 3 298
3 1 269
3 3 286
3 0 52
3 1 161
3 3 187
3 0 55
3 1 173
3 3 189
3 0 77
3 1 172
3 3 186
3 0 61
3 1 168
3 3 180
3 0 53
3 1 120
3 3 332
3 0 76
3 1 163
3 3 181
3 0 63
3 1 169
3 3 176
3 0 61
3 1 149
3 3 347
3 0 52
3 1 133
3 3 320
