0 0 282
0 2 454
0 3 469
0 0 67
0 2 227
0 3 263
0 0 60
0 2 222
0 3 231
1 0 90
0 0 86
1 3 389
1 2 442
0 3 419
0 2 452
1 0 626
0 0 377
2 0 605
3 0 93
0 3 1011
0 2 871
1 2 1300
1 3 1566
2 3 1159
2 1 1156
3 2 815
0 0 109
3 3 1360
1 0 518
2 0 302
3 0 106
0 2 1132
0 3 1328
1 2 1190
3 3 870
2 1 1144
2 3 1173
1 3 1638
3 2 1157
0 0 287
2 0 92
1 0 113
3 0 69
2 1 820
2 3 1083
2 0 81
0 2 1442
0 3 1532
1 3 970
3 3 960
1 2 1108
3 2 1034
2 3 601
0 0 242
2 1 909
1 0 77
3 0 63
2 0 65
0 3 779
1 3 988
0 0 86
3 3 1021
1 2 1093
3 2 1115
0 2 1436
2 3 825
2 1 1046
1 0 77
3 0 73
0 3 868
2 0 65
0 2 955
1 3 841
0 0 233
4 0 121
4 1 126
3 3 1015
1 0 417
4 0 77
4 1 80
3 0 100
3 2 1750
1 2 1872
2 1 1621
2 3 1837
2 0 67
4 2 1414
0 2 1608
4 1 74
4 0 78
0 3 2028
1 1 1645
0 0 69
1 0 65
1 2 1985
3 2 1643
4 2 1628
3 3 1874
4 0 82
4 1 80
2 3 1662
4 2 1145
3 0 63
2 1 1808
4 0 76
4 1 79
2 0 65
1 2 1179
0 2 1642
1 3 1414
4 2 1164
0 3 1809
3 3 924
1 0 113
0 0 254
4 1 242
4 0 91
3 0 62
4 2 1266
3 2 1753
2 3 1309
2 1 1359
1 2 1452
4 0 1117
4 1 1306
5 0 930
1 1 2399
2 0 69
0 3 2397
4 0 270
4 1 277
0 2 2741
4 2 2595
3 3 2492
0 0 67
3 2 2784
4 0 71
4 1 95
3 0 82
4 2 2796
2 1 1535
5 3 2537
5 2 2050
2 0 92
4 1 87
4 0 90
2 3 2930
4 2 2891
4 0 76
4 1 83
0 3 2304
3 2 1965
4 2 2403
3 3 2052
0 2 2746
2 1 1843
4 2 1841
4 1 248
2 3 2039
2 0 83
4 0 332
0 0 294
3 0 87
4 2 1079
0 3 635
4 2 1000
4 1 77
2 1 747
4 0 97
3 2 767
0 2 1024
2 3 878
3 3 876
0 0 95
2 0 78
3 0 83
4 1 75
4 0 83
4 3 829
0 3 812
2 1 843
0 2 879
2 3 882
4 2 497
3 3 541
3 2 562
2 0 65
4 0 195
4 1 204
0 0 75
3 0 64
2 1 485
2 3 524
4 2 606
0 3 475
3 2 642
2 0 85
0 2 802
4 0 82
3 3 674
4 1 97
0 0 69
3 0 56
2 1 601
4 2 598
2 3 668
4 0 66
2 0 72
4 1 81
0 2 741
3 3 762
0 3 1045
3 2 945
2 1 615
2 3 679
0 0 181
4 1 177
4 0 178
4 2 887
3 0 267
2 0 267
0 3 646
4 2 771
4 1 71
4 0 75
0 2 964
3 3 738
3 2 853
2 1 815
0 0 66
2 3 1025
4 2 547
2 0 61
3 0 60
4 0 73
4 1 67
0 3 836
0 2 878
2 3 648
2 1 782
3 2 679
4 2 436
3 3 764
0 0 66
4 0 81
4 1 98
2 0 100
3 0 106
0 3 575
2 3 583
4 2 988
3 3 774
3 2 851
4 1 136
0 0 125
4 0 134
2 1 990
0 2 1254
2 0 68
3 0 80
4 2 826
0 3 866
4 0 85
4 1 73
0 2 959
2 1 768
2 3 789
3 3 724
0 0 73
3 2 1056
2 0 69
4 1 66
4 0 69
4 2 803
3 0 66
0 2 812
0 3 863
4 2 724
2 3 791
2 1 823
3 3 712
3 2 738
4 0 96
0 0 100
4 1 104
2 0 75
3 0 68
0 2 564
0 3 620
4 2 906
4 0 69
4 1 70
3 2 654
2 3 721
0 0 73
2 1 847
3 3 851
4 2 690
4 0 188
4 1 196
3 0 191
2 0 185
0 3 853
0 2 919
3 2 567
2 3 451
4 2 679
2 1 633
3 3 683
0 0 177
4 1 78
4 0 79
2 0 73
3 0 80
0 2 686
4 2 582
0 3 808
3 2 504
2 1 510
3 3 655
2 3 559
4 0 81
4 1 98
4 2 174
0 0 77
2 0 228
3 0 66
4 0 67
4 1 75
0 2 635
0 3 637
2 1 649
3 2 561
2 3 760
3 3 586
4 2 337
0 0 72
2 0 66
3 0 62
4 1 67
4 0 69
0 2 556
0 3 560
2 1 660
2 3 704
4 2 415
3 2 655
3 3 663
0 0 253
4 0 255
4 1 252
2 0 256
3 0 78
3 2 533
0 2 759
2 1 779
0 3 844
3 3 659
4 2 832
4 0 270
4 1 269
2 0 93
2 3 1175
3 0 63
0 0 173
4 2 675
4 0 67
4 1 70
2 3 765
0 3 573
2 1 830
3 2 540
3 3 594
0 2 611
4 2 378
2 0 66
4 0 83
3 0 127
0 0 127
4 1 100
2 1 543
2 3 706
0 3 635
4 2 637
3 2 657
3 3 673
0 2 704
2 0 97
4 1 98
4 0 106
0 0 90
3 0 61
2 1 679
4 1 87
2 0 88
4 0 84
4 3 1095
0 2 828
3 2 808
2 3 1192
0 3 918
2 1 378
3 3 1105
0 0 72
3 0 81
4 0 72
4 1 67
4 3 827
2 0 61
2 3 1015
0 2 807
0 3 931
3 2 720
4 2 714
2 1 602
3 3 785
2 3 616
4 0 82
4 1 209
0 0 211
4 2 387
3 0 81
2 0 81
0 2 585
0 3 707
3 2 614
4 1 71
4 0 89
2 1 698
2 3 735
3 3 734
4 2 236
0 0 64
2 0 67
3 0 87
0 3 543
0 2 703
2 1 493
3 2 502
3 3 695
2 3 699
0 0 65
3 0 208
2 0 69
2 1 349
0 3 611
3 3 592
3 2 612
0 2 674
2 3 489
3 0 73
3 3 281
2 0 77
3 2 363
0 0 79
2 1 363
2 3 372
0 3 406
0 2 532
3 0 60
3 3 217
2 0 63
3 2 240
2 1 196
2 3 220
0 0 193
0 2 331
3 0 58
0 3 335
3 2 216
3 3 238
2 0 139
2 3 253
2 1 272
3 0 72
0 0 83
3 2 320
0 2 331
3 3 351
0 3 441
2 0 75
3 0 53
2 3 336
2 1 381
3 3 382
3 2 414
0 0 72
0 2 226
0 3 302
3 0 214
2 0 73
3 2 434
2 3 299
3 3 481
2 1 393
0 0 78
0 3 234
0 2 230
3 0 63
2 0 59
3 2 343
3 3 378
2 1 331
2 3 346
3 0 216
3 3 338
3 2 351
3 0 72
3 3 197
3 2 206
