0 1 381
0 3 383
0 2 390
1 0 68
0 2 85
0 3 166
1 2 172
1 3 200
0 0 212
1 0 48
0 0 177
1 3 182
1 2 181
0 3 196
0 2 337
1 0 31
0 2 94
1 2 167
0 0 178
1 3 177
0 3 202
1 0 74
0 2 97
0 1 142
0 3 156
1 3 153
1 2 183
1 0 93
0 3 158
1 3 181
1 2 181
0 1 185
0 2 681
1 0 34
1 3 121
0 3 136
0 0 141
1 2 135
1 0 37
1 2 60
1 3 67
0 2 1299
0 2 37
0 3 59
0 0 76
2 0 25
2 3 59
2 2 65
1 0 29
1 3 68
1 2 77
0 2 47
0 3 71
0 0 76
2 0 36
2 3 90
2 2 90
1 0 24
1 2 61
1 3 64
2 0 31
0 2 115
0 1 179
0 3 184
2 2 137
2 3 136
1 0 28
1 2 59
1 3 63
2 0 40
2 2 61
2 3 59
0 2 58
0 0 102
0 1 113
1 0 29
1 3 64
1 2 64
2 0 27
2 3 64
2 2 70
0 2 37
3 0 30
0 1 180
0 3 179
3 3 90
3 2 103
2 0 25
1 0 39
1 3 110
3 0 29
2 2 127
2 3 129
1 2 133
3 3 115
3 2 159
0 2 46
0 3 70
0 0 80
3 0 25
3 3 51
3 2 80
2 0 24
2 3 57
2 2 71
1 0 22
1 3 62
1 2 76
0 2 36
0 1 68
0 3 67
3 0 24
3 3 55
3 2 61
2 0 23
2 2 58
2 3 63
1 0 21
1 2 59
1 3 58
3 0 32
0 2 48
0 0 119
0 3 129
3 2 122
3 3 136
2 0 22
2 2 64
2 3 66
1 0 29
1 3 55
1 2 60
3 0 23
3 2 82
3 3 79
0 2 45
0 3 68
0 0 72
2 0 23
2 2 64
2 3 71
3 0 22
3 3 54
3 2 67
1 0 26
1 2 65
1 3 74
0 2 34
0 1 66
0 3 66
2 0 24
2 3 77
3 0 24
2 2 97
3 2 72
3 3 84
1 0 24
1 2 58
1 3 65
4 2 34
4 0 32
4 1 42
3 0 27
0 2 44
2 0 25
0 0 128
0 1 134
3 3 127
2 3 90
3 2 193
2 2 117
4 1 24
4 0 25
4 2 23
1 0 25
1 3 56
1 2 66
3 0 27
3 2 88
3 3 96
2 0 23
0 2 50
2 2 94
2 3 95
0 1 104
0 3 117
4 2 22
4 1 23
4 0 24
3 0 21
3 2 56
3 3 61
1 0 21
1 2 60
1 3 60
2 0 20
2 3 61
2 2 63
0 2 59
0 0 87
0 3 91
4 0 26
4 2 32
4 1 32
3 0 21
3 3 63
3 2 66
1 0 21
1 2 57
1 3 67
2 0 25
4 2 27
2 2 76
4 1 32
4 0 31
2 3 81
3 0 25
0 2 44
3 3 108
0 0 128
3 2 119
0 3 128
4 2 21
4 0 22
4 1 24
2 0 24
1 0 26
3 0 23
1 2 111
2 2 132
2 3 134
1 3 159
3 3 107
3 2 109
0 2 34
0 3 69
0 0 72
4 1 23
4 0 24
4 2 25
3 0 21
3 3 59
3 2 63
2 0 22
2 2 57
2 3 63
1 0 24
1 2 84
1 3 84
0 2 40
0 1 76
0 0 81
4 0 26
4 1 25
4 2 24
3 0 24
3 3 69
3 2 70
2 0 23
2 3 61
2 2 61
1 0 23
1 3 52
1 2 62
4 1 23
4 0 24
4 2 25
3 0 23
0 2 48
0 1 105
0 3 122
3 3 124
3 2 135
2 0 22
2 3 63
2 2 65
4 0 24
4 1 29
4 2 25
1 0 24
1 3 62
1 2 61
3 0 27
3 2 62
3 3 70
0 2 37
0 1 66
0 0 67
2 0 27
4 2 25
4 1 26
4 0 27
2 3 86
2 2 87
3 0 26
3 3 68
3 2 71
1 0 26
1 3 68
1 2 74
5 0 22
5 3 80
5 2 80
0 2 40
0 1 68
0 0 73
4 0 23
4 1 25
4 2 23
2 0 23
2 2 75
2 3 75
3 0 27
3 3 81
3 2 89
5 0 28
5 2 55
5 3 64
1 0 22
1 2 61
1 3 202
4 2 23
4 0 23
4 1 24
3 0 22
0 2 43
0 1 91
0 3 96
2 0 21
3 3 146
2 2 100
2 3 109
3 2 195
5 0 24
5 3 60
5 2 62
4 2 22
4 0 22
4 1 26
1 0 21
1 2 60
1 3 63
3 0 24
3 3 51
3 2 139
2 0 36
5 0 33
0 2 53
0 0 150
0 3 167
2 3 182
5 3 176
2 2 221
5 2 240
4 2 25
4 0 30
4 1 29
3 0 19
3 2 61
3 3 66
1 0 21
1 2 65
1 3 66
5 0 33
5 2 69
5 3 71
2 0 23
2 3 67
2 2 68
4 2 32
4 0 36
4 1 37
0 2 48
0 3 78
0 0 90
3 0 22
3 2 66
3 3 62
5 0 26
5 2 67
5 3 65
1 0 23
1 2 65
1 3 73
4 2 29
4 1 31
2 0 39
4 0 36
2 2 68
2 3 74
3 0 26
3 2 67
3 3 72
0 2 42
0 1 72
0 3 73
5 0 25
5 3 71
5 2 73
4 0 22
4 1 22
4 2 24
1 0 31
1 3 69
1 2 70
3 0 32
2 0 29
3 2 103
3 3 113
2 3 129
2 2 131
5 0 26
5 2 73
0 2 37
5 3 96
0 1 83
0 3 102
4 2 23
4 1 24
4 0 25
3 0 27
3 2 57
3 3 63
2 0 22
1 0 27
2 3 84
1 2 88
2 2 110
1 3 109
5 0 43
5 3 71
5 2 77
4 2 31
4 0 33
4 1 33
0 2 34
0 3 76
0 0 76
3 0 24
3 3 64
3 2 74
2 0 31
5 0 23
2 3 92
2 2 102
5 3 129
1 0 20
5 2 154
1 3 99
1 2 109
4 1 24
4 0 25
4 2 27
3 0 23
3 3 66
3 2 71
0 2 53
0 1 74
0 0 79
5 0 21
5 3 59
5 2 66
2 0 25
2 3 63
2 2 71
4 2 29
4 0 34
4 1 30
1 0 33
3 0 24
1 3 86
1 2 98
3 3 109
3 2 114
5 0 22
5 2 72
5 3 74
0 2 46
0 3 65
0 1 86
2 0 21
2 2 59
2 3 60
4 2 23
4 0 28
4 1 24
3 0 24
3 2 66
3 3 75
1 0 29
1 3 61
5 0 25
1 2 81
5 3 65
5 2 76
0 2 33
0 1 74
0 0 78
4 1 25
4 0 25
4 2 31
3 0 29
2 0 27
3 3 82
3 2 89
2 2 99
2 3 102
5 0 20
5 3 70
5 2 70
1 0 25
1 3 80
1 2 81
4 2 29
4 1 30
3 0 27
4 0 37
3 3 71
3 2 72
0 2 41
2 0 22
0 3 104
0 1 114
2 2 96
2 3 101
5 0 22
5 3 65
5 2 67
1 0 25
4 2 27
4 1 27
4 0 29
1 3 64
1 2 79
3 0 23
3 3 58
3 2 69
5 0 31
2 0 42
0 2 42
2 3 129
2 2 171
0 0 173
0 1 181
5 3 184
5 2 197
4 2 21
4 0 21
4 1 22
3 0 20
3 2 57
3 3 61
1 0 26
1 3 54
1 2 61
5 0 20
5 2 59
5 3 63
2 0 29
2 2 62
2 3 65
0 2 36
0 3 157
4 0 34
4 2 35
4 1 36
3 0 36
0 0 207
3 2 81
3 3 88
5 0 25
5 2 56
5 3 74
1 0 20
1 2 48
1 3 132
2 0 25
2 2 82
2 3 89
4 2 23
4 0 24
4 1 25
3 0 21
3 2 63
3 3 64
0 2 37
0 0 71
0 3 75
5 0 35
5 3 61
5 2 80
1 0 26
4 1 25
4 2 26
4 0 31
1 3 78
1 2 80
2 0 22
3 0 22
3 3 108
3 2 111
2 3 144
2 2 147
5 0 24
0 2 40
0 0 99
5 3 121
5 2 130
0 1 146
4 0 22
4 2 22
4 1 22
3 0 27
3 2 85
3 3 79
2 0 32
1 0 22
2 3 118
2 2 145
1 2 114
1 3 125
5 0 20
5 2 63
5 3 66
4 2 22
4 1 22
4 0 26
3 0 20
3 2 65
3 3 67
2 0 21
2 3 69
2 2 77
5 0 28
5 2 75
5 3 70
4 1 22
4 0 29
4 2 25
5 0 21
5 3 57
5 2 62
2 0 22
2 3 78
2 2 81
4 2 21
4 1 22
4 0 22
5 0 23
5 3 66
5 2 70
2 0 21
2 3 63
2 2 82
4 2 24
4 0 25
4 1 26
5 0 22
5 2 68
5 3 75
4 2 21
4 1 22
4 0 27
5 0 25
5 2 64
5 3 61
4 0 21
4 2 23
4 1 24
5 0 21
5 3 64
5 2 69
4 1 23
4 0 24
4 2 22
5 0 21
5 3 65
5 2 70
4 2 21
4 0 23
4 1 23
5 0 25
5 2 60
5 3 66
4 2 22
4 1 23
4 0 23
5 0 21
5 3 60
5 2 60
5 0 33
5 3 76
5 2 77
5 0 22
5 2 57
5 3 59
5 0 21
5 3 48
5 2 66
5 0 32
5 2 53
5 3 62
5 0 22
5 3 52
5 2 66
5 0 20
5 3 56
5 2 60
5 0 23
5 3 52
5 2 62
5 0 26
5 3 58
5 2 60
5 0 34
5 3 68
5 2 74
5 0 24
5 2 58
5 3 64
