0 0 305
0 2 410
0 1 412
0 0 30
0 2 145
0 1 153
1 1 148
1 2 156
1 3 160
0 0 31
0 2 145
0 1 149
1 3 143
1 1 149
1 2 146
0 0 31
0 2 144
0 1 148
1 1 160
1 2 152
1 3 156
0 0 29
0 1 210
2 0 60
0 2 224
1 2 211
1 3 207
2 1 202
1 1 375
2 2 361
0 0 60
1 3 228
1 2 232
2 0 60
1 1 261
2 1 309
0 1 330
0 2 336
2 2 335
1 2 146
1 1 146
1 3 147
2 0 57
0 0 27
2 1 294
2 2 308
0 1 272
0 2 280
1 1 145
1 3 147
1 2 148
2 0 37
0 0 29
2 1 218
2 2 226
0 1 233
0 2 238
1 3 145
1 2 146
1 1 147
2 0 24
2 1 144
2 2 145
0 0 26
0 2 146
0 1 147
1 3 146
1 1 149
1 2 149
2 0 32
2 2 156
2 1 152
0 0 41
1 3 153
1 2 159
0 1 154
1 1 289
0 2 280
2 0 29
2 2 146
2 1 150
1 1 151
1 2 151
1 3 150
0 0 50
0 1 148
0 2 152
2 0 29
2 1 157
2 2 192
1 3 144
1 2 155
1 1 197
0 0 30
0 1 150
0 2 145
2 0 29
2 1 179
2 2 232
1 3 146
1 2 148
1 1 272
3 3 151
3 2 160
3 1 216
0 0 28
0 1 144
0 2 147
2 0 31
1 3 153
2 1 155
1 2 168
3 3 218
3 2 233
1 1 391
2 2 402
3 1 379
0 0 32
2 0 37
0 1 280
0 2 352
2 1 193
1 3 282
3 3 288
1 2 303
3 2 304
1 1 470
3 1 485
2 2 470
0 0 34
2 0 33
1 3 311
1 2 333
3 3 303
3 2 333
0 1 237
1 1 426
2 1 236
3 1 501
0 2 470
2 2 433
3 3 231
3 2 241
3 1 252
1 3 235
1 2 246
1 1 249
2 0 39
0 0 47
0 1 297
0 2 297
2 2 299
2 1 296
3 2 166
3 1 172
3 3 183
1 2 166
1 3 169
1 1 171
2 0 27
2 1 147
2 2 145
0 0 38
0 1 156
3 3 143
3 2 153
0 2 235
3 1 264
1 3 144
1 2 150
1 1 178
2 0 26
2 1 155
2 2 153
4 0 50
3 3 297
0 0 50
3 2 329
3 1 405
1 3 154
1 2 177
4 1 294
0 1 295
4 2 471
1 1 467
0 2 479
4 0 32
2 0 130
3 2 241
3 3 239
4 1 334
2 1 336
4 2 497
1 3 145
1 2 149
3 1 526
0 0 38
2 2 544
0 1 150
4 0 29
1 1 429
4 1 349
0 2 534
2 0 56
2 1 172
3 3 293
5 3 288
5 2 310
3 2 315
4 2 669
4 0 38
1 3 194
1 2 218
4 1 151
0 0 32
3 1 710
5 1 710
0 1 206
2 2 809
1 1 728
4 2 593
2 0 38
4 0 37
3 3 360
2 1 306
5 3 383
3 2 399
5 2 414
0 2 759
4 1 232
1 3 186
1 2 222
2 2 678
3 1 788
5 1 799
0 0 36
1 1 808
0 1 333
4 2 894
2 0 74
4 0 74
2 1 269
4 1 270
3 3 347
3 2 383
0 2 771
5 3 376
5 2 388
1 3 268
1 2 287
2 2 750
3 1 759
5 1 738
0 0 29
4 2 744
1 1 743
0 1 243
4 0 68
2 0 71
4 1 367
2 1 465
0 2 717
5 3 492
3 2 500
5 2 516
3 3 363
1 3 306
1 2 306
2 2 720
3 1 774
5 1 795
4 2 879
0 0 106
4 0 51
2 0 39
1 1 700
0 1 508
4 1 468
2 1 463
3 3 350
5 2 350
5 3 342
3 2 365
1 3 262
1 2 277
4 2 764
0 2 855
2 2 807
4 0 25
3 1 729
4 1 149
5 1 760
1 1 818
2 0 57
0 0 65
2 1 333
0 1 325
4 2 732
4 0 33
3 3 364
3 2 397
4 1 154
5 3 357
5 2 380
1 3 329
1 2 353
2 2 727
0 2 758
2 0 101
5 1 842
2 1 223
1 1 816
3 1 983
4 2 748
0 0 45
4 0 213
0 1 379
2 2 603
4 1 373
5 3 291
5 2 307
0 2 697
3 3 399
3 2 407
1 3 399
1 2 408
2 0 34
2 1 147
4 2 898
5 1 774
4 0 33
1 1 770
3 1 784
0 0 43
2 2 595
4 1 330
0 1 323
5 2 289
5 3 287
4 2 840
1 3 488
1 2 495
3 3 472
2 0 41
3 2 479
4 0 31
0 2 843
2 1 253
1 1 768
4 1 254
5 1 879
0 0 33
3 1 841
0 1 199
2 2 688
4 2 714
1 3 363
4 0 39
1 2 393
2 0 38
5 3 406
5 2 427
3 3 364
3 2 383
0 2 733
2 1 291
4 1 293
1 1 783
5 1 840
3 1 808
4 2 790
0 0 39
2 2 814
1 3 312
4 0 44
1 2 366
0 1 245
2 0 31
5 3 275
3 3 217
4 1 334
5 2 349
3 2 263
2 1 256
1 1 802
0 2 702
4 2 773
5 1 791
1 3 144
1 2 230
4 0 39
0 0 37
3 1 834
2 2 830
2 0 35
4 1 364
0 1 382
5 3 247
5 2 270
1 1 686
2 1 201
3 3 178
3 2 203
4 2 692
0 2 897
4 0 42
1 2 306
1 3 302
4 1 154
5 1 932
0 0 35
2 2 893
3 1 910
0 1 202
2 0 85
5 3 147
5 2 154
2 1 206
1 1 899
3 2 149
3 3 144
4 2 771
4 0 103
0 2 788
4 1 219
1 2 152
1 3 145
5 1 784
2 2 845
3 1 730
0 0 212
2 0 38
4 2 791
1 1 739
5 2 328
5 3 328
4 0 34
0 1 487
3 3 145
3 2 198
2 1 414
4 1 335
1 3 144
1 2 148
0 2 936
5 1 944
2 2 830
3 1 720
4 2 754
2 0 43
0 0 133
4 0 53
1 1 784
5 3 151
5 2 163
3 3 147
2 1 603
3 2 321
0 1 624
4 1 528
1 3 145
1 2 148
2 2 879
5 1 766
0 2 920
2 0 29
4 2 931
3 1 881
4 0 66
0 0 57
2 1 267
5 3 214
5 2 214
1 1 773
4 1 258
3 3 143
0 1 340
3 2 153
1 2 153
1 3 150
2 2 825
0 2 754
5 1 884
4 2 822
2 0 43
4 0 32
3 1 751
0 0 37
1 1 864
5 2 187
5 3 181
2 1 605
4 1 612
0 1 315
3 3 231
3 2 231
2 2 836
1 3 181
1 2 187
4 2 998
2 0 28
4 0 25
0 2 815
5 1 839
2 1 226
4 1 231
3 1 764
0 0 41
5 2 154
5 3 157
1 1 874
0 1 166
2 2 665
3 3 369
4 2 971
3 2 371
2 0 32
4 0 31
1 3 146
1 2 152
5 1 810
2 1 260
4 1 262
3 1 736
0 2 986
5 3 156
5 2 160
0 0 36
0 1 151
3 3 144
3 2 150
4 2 779
4 0 95
1 1 1005
5 1 620
2 2 1064
4 1 211
2 0 32
2 1 299
0 2 901
3 1 907
1 3 359
1 2 385
5 3 217
5 2 240
4 2 764
0 0 32
4 0 30
3 3 185
3 2 191
1 1 727
0 1 268
4 1 228
2 2 963
2 0 31
1 3 142
1 2 147
5 1 879
2 1 148
3 1 866
0 2 856
4 2 799
5 2 146
5 3 142
4 0 27
4 1 304
1 1 877
2 2 837
0 0 48
3 3 288
3 2 296
0 1 151
2 0 29
1 3 143
2 1 148
1 2 151
5 1 854
4 2 773
3 1 813
4 0 33
4 1 151
5 3 153
5 2 162
0 2 812
3 3 151
3 2 162
1 1 765
2 2 858
0 0 33
0 1 153
4 2 669
2 0 39
4 0 31
1 2 304
1 3 297
5 1 899
2 1 373
4 1 215
0 2 736
5 3 143
5 2 146
3 1 1100
1 1 847
0 0 36
2 2 961
3 3 175
4 2 754
3 2 187
2 0 35
5 1 604
0 1 225
4 0 75
2 1 382
4 1 379
5 2 149
5 3 144
0 2 707
3 1 788
2 2 640
4 2 646
5 1 407
4 0 95
3 3 195
4 1 208
3 2 208
0 0 31
2 0 31
3 1 435
4 2 461
5 3 286
5 2 293
0 1 418
2 1 423
4 0 27
4 1 147
0 2 687
3 3 143
3 2 146
2 2 773
5 1 687
4 2 485
3 1 387
2 0 39
0 0 32
5 2 198
5 3 199
4 0 26
2 1 246
5 1 449
0 1 367
2 2 459
4 1 343
3 3 147
3 2 151
0 2 564
4 2 558
3 1 364
5 2 145
5 3 144
4 0 28
5 1 245
2 0 30
4 1 272
4 2 332
0 0 38
2 1 232
2 2 334
0 1 172
3 3 144
3 2 148
4 0 29
0 2 513
5 3 144
3 1 510
4 1 148
5 2 152
4 2 353
5 1 367
3 3 142
3 2 143
3 1 146
4 0 31
5 3 145
5 2 154
4 1 149
5 1 253
4 2 250
4 0 30
3 3 184
3 2 205
3 1 242
4 1 152
5 3 191
5 2 203
4 2 338
5 1 338
4 0 38
4 1 150
3 3 250
3 2 257
5 3 252
5 2 257
3 1 416
4 2 415
5 1 399
4 0 30
4 1 151
4 2 292
3 3 284
5 3 284
3 2 291
5 2 293
3 1 365
5 1 364
4 0 27
4 2 144
4 1 150
5 3 228
5 1 236
5 2 241
3 3 230
3 1 233
3 2 237
4 0 27
4 2 143
4 1 145
5 3 161
5 2 163
5 1 171
3 3 195
3 2 202
3 1 206
4 0 26
4 1 144
4 2 145
5 3 143
5 2 147
5 1 151
3 2 146
3 1 148
3 3 161
5 1 145
5 2 144
5 3 154
3 3 142
3 2 144
3 1 146
5 2 144
5 1 145
5 3 148
5 3 144
5 2 146
5 1 150
5 3 143
5 1 145
5 2 146
5 2 145
5 1 145
5 3 151
5 1 146
5 2 147
5 3 142
5 3 142
5 2 145
5 1 146
5 3 145
5 2 145
5 1 145
