0 0 331
0 2 400
0 4 405
0 3 416
0 1 428
0 0 33
0 2 118
0 3 132
0 4 147
0 1 154
0 0 33
0 4 124
0 3 128
0 1 143
0 2 158
0 0 35
0 1 131
0 2 134
0 3 136
0 4 148
0 0 24
0 3 139
0 1 145
0 4 149
0 2 165
1 0 110
1 4 115
1 2 125
1 1 205
1 3 180
0 0 34
0 3 103
0 1 111
0 2 120
0 4 118
1 0 29
1 2 119
1 3 127
1 1 127
1 4 141
0 0 37
0 2 114
0 1 119
0 4 133
0 3 140
1 0 42
1 4 97
1 2 124
1 1 132
1 3 221
0 0 26
0 4 85
0 2 102
0 3 117
0 1 123
1 0 27
1 2 109
1 3 109
1 1 123
1 4 122
0 0 23
0 3 106
0 2 112
0 4 114
0 1 131
1 0 30
1 4 119
1 3 123
1 1 128
1 2 136
0 0 24
0 4 77
0 3 100
0 2 178
0 1 186
1 0 32
1 2 163
1 1 168
1 4 170
1 3 177
2 0 36
2 3 106
2 4 107
2 2 120
2 1 127
0 0 24
0 4 104
0 1 110
0 3 109
0 2 115
1 0 21
1 3 98
1 2 101
1 1 107
1 4 117
2 0 26
2 2 84
2 3 87
2 4 104
2 1 112
0 0 22
0 1 99
0 4 105
0 3 108
0 2 110
1 0 23
1 1 106
1 4 103
1 3 110
1 2 111
2 0 25
2 1 96
2 3 111
2 4 111
2 2 111
0 0 29
0 1 95
0 2 124
0 3 128
0 4 124
1 0 26
2 0 28
1 1 123
1 2 132
1 3 141
1 4 142
2 1 137
2 2 154
2 3 161
2 4 165
0 0 61
0 4 88
0 2 105
0 3 107
0 1 109
2 0 29
1 0 23
2 3 172
2 1 197
2 2 191
2 4 213
1 2 172
1 1 185
1 3 185
1 4 190
3 0 35
0 0 31
3 1 329
2 0 63
1 0 56
3 4 346
3 2 358
3 3 359
2 3 289
0 1 494
1 4 317
0 2 539
0 3 526
1 2 347
1 1 374
2 2 399
0 4 580
2 1 424
1 3 408
2 4 422
3 0 27
3 3 85
3 1 104
3 2 109
3 4 106
2 0 21
0 0 25
2 2 134
2 1 152
2 4 165
2 3 190
0 1 151
0 2 174
0 4 182
0 3 189
1 0 21
1 1 94
1 4 98
1 2 106
1 3 105
3 0 27
3 3 91
3 4 95
3 2 105
3 1 122
2 0 24
2 3 96
2 2 106
2 4 110
2 1 116
0 0 23
0 3 91
0 2 112
0 4 113
0 1 118
3 0 157
1 0 23
1 4 157
3 3 217
1 2 216
1 1 233
3 4 240
3 1 364
3 2 252
1 3 250
2 0 21
2 1 75
2 4 95
2 3 117
2 2 122
3 0 20
0 0 23
3 2 156
3 3 168
3 1 172
3 4 179
0 4 123
0 3 138
0 2 145
0 1 155
1 0 26
1 4 246
1 1 113
1 3 121
1 2 121
2 0 21
3 0 25
2 1 193
2 2 199
3 3 178
2 4 216
3 2 185
3 4 201
2 3 237
3 1 202
0 0 22
0 2 86
0 1 95
0 3 108
0 4 105
1 0 23
1 2 98
1 3 100
1 1 100
1 4 111
3 0 22
3 4 72
3 2 103
3 1 119
3 3 114
2 0 26
2 4 108
2 2 125
2 3 124
2 1 147
0 0 22
0 4 102
0 3 113
0 1 114
0 2 118
3 0 34
1 0 27
3 1 168
3 2 193
3 3 203
1 3 215
4 0 27
1 2 262
2 0 26
3 4 464
1 4 467
1 1 471
4 3 362
4 4 365
2 2 202
4 2 394
2 4 205
2 3 221
2 1 231
4 1 436
3 0 50
0 0 33
3 4 131
3 3 157
3 1 183
3 2 164
0 1 128
4 0 31
1 0 29
0 4 363
2 0 55
0 2 461
0 3 500
4 2 439
1 3 264
4 4 446
4 1 452
4 3 486
1 1 381
2 3 318
2 4 324
1 2 392
2 1 332
2 2 346
1 4 409
3 0 164
4 0 26
3 2 302
3 4 310
3 1 319
3 3 322
0 0 114
4 2 282
4 4 305
4 3 321
4 1 322
1 0 28
0 4 177
2 0 23
0 3 405
0 2 330
1 2 222
0 1 384
3 0 29
1 1 319
1 3 358
2 1 286
4 0 26
2 2 428
1 4 554
2 3 481
2 4 496
3 2 370
3 4 382
3 1 390
4 3 162
4 1 173
3 3 413
4 2 205
4 4 209
0 0 22
0 3 82
0 4 86
0 2 98
0 1 121
2 0 20
3 0 33
1 0 27
4 0 24
2 1 432
2 2 496
2 3 523
2 4 562
1 1 404
4 4 295
3 1 423
1 2 459
3 2 487
1 4 490
4 1 385
4 2 423
3 3 506
4 3 406
1 3 513
3 4 520
3 0 22
0 0 29
2 0 30
3 4 232
3 3 293
4 0 25
3 2 331
1 0 33
3 1 490
0 1 439
4 4 354
4 3 368
2 2 596
2 3 618
2 4 659
4 1 587
3 0 30
0 3 689
0 4 693
1 4 505
4 2 681
2 1 767
0 2 775
1 2 549
1 3 589
1 1 620
3 3 242
3 1 254
4 0 28
3 4 294
3 2 328
2 0 137
0 0 26
4 1 326
4 3 347
4 4 385
4 2 421
2 4 247
0 2 285
1 0 50
2 2 334
0 4 350
2 3 375
2 1 501
0 3 400
3 0 40
0 1 464
1 4 257
1 2 267
1 1 318
4 0 24
3 3 335
3 1 362
1 3 466
3 2 371
3 4 383
4 1 145
4 3 145
4 2 151
4 4 152
2 0 43
2 3 125
2 1 129
2 2 124
2 4 127
0 0 22
0 3 121
3 0 24
0 2 170
0 4 207
0 1 213
3 3 129
1 0 20
3 2 188
3 4 208
3 1 239
1 1 141
1 3 140
1 2 254
1 4 265
4 0 24
4 1 118
4 3 117
4 2 140
4 4 143
2 0 22
5 0 26
3 0 30
2 4 223
2 2 228
2 1 239
5 1 278
2 3 338
0 0 30
5 4 342
5 2 347
5 3 365
4 0 37
1 0 37
3 1 446
3 4 507
3 2 512
3 3 525
0 1 527
0 4 529
5 0 25
0 3 762
4 3 546
3 0 40
2 0 51
1 1 570
0 2 833
1 2 632
1 3 637
1 4 653
4 2 671
4 1 752
5 4 557
4 4 881
4 0 29
0 0 27
5 3 640
5 1 660
2 2 497
3 3 561
2 1 553
2 3 573
1 0 29
5 0 29
3 1 790
3 2 813
3 4 838
3 0 25
2 0 35
0 3 689
4 3 745
2 4 1086
4 2 761
0 4 778
4 4 795
5 2 1361
0 1 834
4 1 1019
4 0 28
1 2 692
0 0 25
3 3 639
1 3 879
5 1 882
5 4 881
2 3 647
1 1 975
5 3 946
0 2 1355
2 2 717
3 1 777
1 4 1029
3 2 952
5 2 1165
5 0 160
1 0 157
3 4 1040
4 2 656
2 4 1005
2 0 27
3 0 25
4 3 776
0 1 691
2 1 1282
4 0 28
0 4 926
0 3 1069
0 2 1152
4 1 1263
5 2 882
4 4 1292
0 0 29
2 4 731
1 4 839
5 3 983
5 1 1006
1 1 940
3 2 783
3 4 784
1 2 969
5 0 30
5 4 1200
2 3 980
3 1 935
4 4 883
1 3 1253
1 0 27
3 3 1105
2 1 1186
3 0 23
2 2 1205
4 1 972
4 2 986
2 0 57
4 0 26
4 3 1214
0 2 858
0 1 994
5 4 758
1 1 662
5 2 775
0 4 1054
0 3 1079
2 4 545
0 0 25
5 3 1027
1 3 936
5 0 29
3 1 809
2 3 676
1 4 1062
1 2 1076
3 2 888
3 3 946
3 0 31
1 0 43
5 1 1410
4 1 961
2 2 1051
2 0 24
3 4 1190
2 1 1093
4 3 1037
4 2 1065
4 4 1271
4 0 23
0 3 831
5 4 917
0 4 963
0 1 1003
1 2 791
0 2 1055
3 4 832
5 1 1029
5 2 1075
0 0 50
5 3 1183
2 1 769
1 3 1017
3 3 1014
5 0 38
3 2 1086
4 2 567
1 1 1102
2 4 886
3 1 1260
1 0 157
4 1 789
1 4 1345
2 2 1175
3 0 65
4 0 39
2 0 29
4 3 1065
0 4 718
2 3 1406
4 4 1216
0 3 897
0 1 1040
0 2 1060
5 2 991
1 1 756
5 1 1031
1 4 786
4 1 684
5 0 31
1 2 839
4 4 704
1 3 865
5 4 1153
3 3 840
0 0 37
5 3 1245
4 2 853
2 3 841
1 0 25
3 1 937
3 2 1084
4 3 1037
4 0 31
3 4 1130
2 1 1077
2 4 1092
2 2 1100
3 0 26
2 0 25
5 4 754
0 4 672
4 2 517
5 1 892
5 2 894
5 3 916
1 2 739
1 4 754
1 3 761
4 4 642
0 3 868
3 4 521
4 3 675
0 1 1026
4 1 813
5 0 32
0 2 1077
1 1 1016
2 2 645
3 1 740
2 1 660
3 3 833
2 3 780
4 0 102
2 4 810
0 0 48
3 2 1051
1 0 249
2 0 28
3 0 32
0 3 546
5 4 774
1 3 615
5 3 868
3 3 470
5 1 895
5 2 905
2 4 510
1 4 747
4 1 783
4 4 834
2 2 602
2 3 624
1 1 866
1 2 1072
3 4 832
5 0 215
2 1 875
0 1 1100
3 2 895
4 3 1194
1 0 34
0 4 1113
4 2 1197
3 1 952
0 2 1170
4 0 30
2 0 30
0 0 31
3 0 29
5 1 864
1 3 687
0 4 415
4 2 656
4 4 671
1 1 763
5 2 868
4 3 766
5 0 27
4 0 159
1 2 1085
1 0 25
2 4 1016
1 4 1176
5 3 1246
2 1 1111
0 1 929
4 1 1164
0 2 940
0 3 958
3 2 964
5 4 1342
3 4 992
3 3 994
2 2 1299
2 0 32
2 3 1310
4 3 541
0 0 24
3 1 1157
3 0 26
4 2 829
5 2 924
5 3 955
5 1 977
4 0 27
4 1 983
1 4 803
5 0 27
1 1 919
4 4 1123
5 4 1191
1 2 967
2 4 749
0 2 726
1 3 1054
1 0 67
0 1 862
2 3 901
3 3 717
2 2 942
0 3 919
2 1 964
3 2 870
5 4 399
5 2 417
0 4 974
5 3 457
3 1 965
3 4 847
4 2 644
4 4 774
2 0 148
3 0 39
0 0 33
4 1 862
4 3 868
5 0 48
4 0 28
1 4 734
1 1 745
1 2 822
1 3 898
5 1 1257
5 4 465
3 4 661
0 3 676
4 1 500
2 2 708
1 0 24
3 1 743
5 2 591
2 4 753
5 1 638
3 3 836
3 2 865
2 1 1125
0 4 996
2 0 33
5 0 31
0 1 1077
2 3 1099
3 0 25
5 3 1009
0 2 1158
4 3 982
4 2 1021
4 4 1194
0 0 27
4 0 27
1 3 873
1 1 1013
2 2 705
1 4 1037
3 2 655
2 3 772
3 1 704
2 4 891
1 0 60
1 2 1221
3 0 27
2 1 953
3 3 906
5 4 1033
2 0 28
5 1 1077
5 2 1084
3 4 1017
4 1 682
0 4 767
0 1 788
5 0 31
5 3 1293
0 2 912
4 3 862
4 2 1017
0 0 26
0 3 1104
4 0 26
3 2 760
1 4 915
4 4 1355
3 3 919
2 4 850
1 2 1023
5 3 696
2 1 879
3 4 1039
3 1 1045
3 0 27
1 1 1135
2 3 981
0 4 702
1 3 1298
1 0 40
2 0 25
2 2 1211
5 2 1066
4 1 716
5 1 1084
5 4 1078
0 1 853
0 2 923
4 3 871
5 0 31
0 3 1046
4 4 980
0 0 154
4 0 153
2 2 587
4 2 1206
3 1 842
3 2 856
1 3 703
3 4 916
3 0 28
1 2 792
1 1 845
2 3 849
2 4 959
5 1 685
3 3 1217
1 0 159
2 0 26
2 1 1178
1 4 1205
0 4 765
0 1 773
4 1 797
4 3 793
5 2 1058
5 3 1085
5 0 36
3 4 793
4 0 30
0 3 999
0 0 29
3 2 880
5 4 1296
4 4 1050
4 2 1137
0 2 1286
3 0 25
3 1 1241
2 3 795
1 4 966
2 4 871
2 1 945
4 2 608
5 2 732
0 2 593
3 3 1449
0 1 664
5 4 805
1 1 1208
4 4 717
2 0 30
4 1 795
5 3 896
1 3 1296
1 2 1329
2 2 1198
4 3 862
5 1 1113
1 0 150
4 0 29
0 3 1064
0 4 1085
3 2 796
0 0 36
5 0 214
3 1 920
3 4 919
3 0 23
3 3 999
4 1 404
2 4 731
5 4 497
5 1 519
2 2 777
0 4 588
2 3 1007
2 1 1018
4 2 763
4 4 791
4 3 797
2 0 33
5 0 36
3 3 545
5 2 830
1 1 1022
5 3 898
4 0 27
1 4 918
0 3 832
1 2 1118
1 3 1120
3 4 903
3 2 908
1 0 31
0 2 1060
3 1 972
0 0 27
0 1 1187
3 0 27
2 2 743
2 1 797
2 4 802
5 1 814
2 3 852
4 1 807
4 2 823
5 4 939
4 4 988
4 3 996
5 2 1088
2 0 28
4 0 38
5 3 1107
0 3 680
0 2 685
1 4 839
5 0 28
1 2 973
1 3 983
3 1 724
1 1 992
0 4 862
0 1 907
3 4 827
3 2 838
1 0 31
2 3 478
3 3 918
4 3 651
3 0 32
0 0 28
4 1 683
2 4 676
4 0 25
2 2 877
4 4 961
2 1 998
5 1 952
4 2 1142
2 0 149
5 2 1014
5 3 1045
5 0 28
1 4 972
5 4 1203
3 4 755
0 3 776
3 1 812
1 1 1081
1 2 1119
3 2 875
0 2 921
5 4 390
1 3 1223
1 0 34
3 0 29
4 4 854
0 4 1041
3 3 1045
2 2 714
0 1 1226
4 2 1051
0 0 26
2 4 795
5 2 697
2 1 987
4 1 1176
4 0 27
4 3 1432
2 0 177
5 0 179
5 1 1073
2 3 1178
1 4 812
1 2 948
5 3 1336
1 3 991
3 2 1033
3 3 1042
0 1 799
0 4 834
1 1 1108
4 4 675
3 1 1105
1 0 31
4 3 737
0 2 1022
5 1 785
3 4 1309
3 0 27
0 3 1087
5 3 848
0 0 62
4 1 992
2 1 952
2 4 1169
4 0 184
5 0 171
4 2 1249
2 2 1250
2 3 1256
5 4 1242
5 2 1300
2 0 26
1 3 752
1 2 889
3 4 717
1 1 1063
3 1 885
1 0 26
3 2 1022
3 3 1063
5 2 860
0 1 1036
1 4 1327
3 0 24
0 3 1092
0 2 1211
5 4 901
2 4 795
0 4 1249
4 4 1097
4 3 1107
4 1 1154
2 1 935
5 3 1232
5 1 1090
0 0 78
5 0 77
4 2 1283
2 2 1023
4 0 26
2 3 1052
2 0 25
1 3 776
1 1 857
1 4 881
3 2 799
5 3 530
3 1 878
2 3 542
0 4 760
1 2 1232
3 0 31
1 0 27
3 4 1099
2 1 657
3 3 1193
5 1 915
0 1 924
2 2 713
4 4 812
0 2 989
4 2 876
4 1 887
2 4 809
4 3 966
5 2 1058
0 3 1114
3 2 371
5 4 1090
0 0 160
5 0 145
4 0 34
2 0 29
3 3 787
1 1 706
1 4 741
1 3 801
3 0 28
3 1 1039
3 4 944
1 2 941
2 1 533
0 2 712
5 1 702
4 2 610
1 0 25
3 4 353
0 3 840
4 1 733
2 2 728
5 3 893
0 1 915
0 4 909
3 3 463
4 4 793
4 0 27
2 4 790
5 4 953
2 3 851
3 1 556
0 0 145
2 0 149
5 0 158
5 2 1330
3 0 27
4 3 1285
3 2 1160
4 1 748
4 3 801
1 3 982
1 1 1084
1 2 1085
0 4 763
4 0 29
1 4 1272
3 4 662
4 4 1108
1 0 24
4 2 1187
0 2 928
5 2 954
0 1 950
3 1 806
5 3 1031
2 2 1028
5 4 1087
3 2 915
2 4 1111
0 0 29
3 3 1127
5 0 164
0 3 1332
3 0 33
2 1 1349
2 3 1388
2 0 23
4 4 652
5 1 1449
4 2 742
4 1 921
4 0 31
1 4 832
1 1 836
2 1 466
0 1 766
1 2 1031
4 3 1167
0 2 835
3 3 803
1 3 1238
2 2 769
1 0 28
2 4 762
2 3 781
3 1 905
3 2 924
5 3 930
4 4 581
0 4 1149
3 4 962
5 1 1110
5 2 976
5 4 979
0 3 1194
4 2 649
3 0 50
1 1 451
4 3 886
2 0 163
4 1 886
5 0 135
4 0 23
1 3 514
1 2 648
1 4 689
5 1 496
5 2 504
5 4 412
3 2 628
2 2 613
4 2 433
2 1 643
2 4 642
3 4 656
5 3 494
4 4 455
4 3 458
3 1 678
3 3 675
2 3 666
4 1 476
1 0 27
3 0 25
1 1 166
1 3 198
5 0 35
1 2 215
1 4 270
2 0 27
4 0 28
3 3 488
5 1 471
2 3 397
3 1 561
2 2 410
5 3 543
4 4 320
3 2 630
3 4 659
5 4 641
4 1 418
2 1 608
4 3 463
5 2 698
4 2 461
2 4 639
3 0 22
5 0 22
1 0 25
4 0 27
3 2 248
3 4 250
3 3 305
2 0 32
3 1 482
5 2 517
5 4 552
5 1 556
4 3 443
5 3 608
4 2 456
1 1 521
1 4 539
1 2 542
1 3 542
4 4 569
4 1 577
2 3 340
2 2 350
2 4 355
2 1 358
3 0 28
5 0 30
3 1 184
3 2 234
4 0 36
3 4 268
3 3 284
5 1 300
5 2 344
5 4 350
5 3 356
4 4 185
4 1 205
1 0 22
4 2 232
4 3 371
2 0 141
1 2 269
1 4 323
1 1 332
2 1 167
2 3 171
1 3 356
2 4 201
2 2 201
5 0 26
3 0 42
4 0 24
3 2 206
3 3 238
5 2 301
5 4 316
5 3 323
3 4 336
3 1 348
5 1 376
4 3 254
4 2 254
4 1 276
4 4 275
2 0 20
2 1 113
2 4 117
2 3 122
2 2 122
3 0 28
5 0 24
4 0 23
3 1 176
3 4 286
3 3 309
5 3 308
5 1 326
3 2 350
5 2 343
5 4 347
4 2 257
4 3 294
4 4 308
4 1 310
3 0 67
2 0 27
5 0 27
4 0 27
3 3 347
3 4 352
2 3 345
2 4 352
5 1 282
2 2 407
2 1 425
5 2 378
3 2 507
3 1 663
4 3 467
5 4 575
4 1 479
4 4 480
4 2 490
5 3 594
5 0 23
4 0 30
5 2 159
5 1 183
5 4 221
5 3 224
4 3 157
4 4 153
4 1 190
4 2 178
5 0 18
4 0 25
5 4 165
5 1 177
5 3 200
5 2 202
4 2 166
4 4 171
4 1 189
4 3 196
5 0 20
4 0 24
5 4 159
5 2 168
5 1 182
5 3 186
4 3 143
4 1 163
4 2 167
4 4 171
5 0 19
4 0 23
5 1 150
5 3 166
5 2 180
5 4 176
4 1 159
4 3 160
4 4 160
4 2 169
5 0 28
4 0 23
5 4 156
5 3 164
5 2 172
5 1 186
4 4 188
4 3 195
4 1 235
4 2 235
5 0 26
4 0 34
5 4 191
5 3 209
5 2 217
5 1 235
4 4 170
4 2 187
4 3 186
4 1 193
5 0 26
5 3 113
5 2 116
5 4 111
5 1 117
5 0 19
5 4 85
5 3 108
5 2 109
5 1 114
5 0 22
5 4 69
5 1 101
5 2 111
5 3 119
5 0 25
5 2 114
5 3 115
5 4 140
5 1 141
5 0 20
5 2 93
5 4 103
5 3 112
5 1 112
5 0 25
5 1 102
5 3 104
5 4 104
5 2 111
5 0 20
5 3 102
5 1 109
5 4 113
5 2 121
5 0 23
5 3 111
5 4 114
5 1 114
5 2 119
5 0 24
5 4 84
5 1 100
5 3 108
5 2 109
5 0 19
5 1 105
5 2 108
5 3 112
5 4 113
0 4 81
0 0 511
1 4 8
1 0 236
0 3 2239
0 1 2318
0 2 2384
1 3 1781
1 1 2062
1 2 2093
2 4 3
2 0 122
2 1 1210
2 3 1214
2 2 1240
3 4 76
3 0 183
3 1 1141
3 3 1123
3 2 1283
4 4 8
4 0 79
4 1 1128
4 3 1135
4 2 1196
5 4 71
5 0 139
5 3 1030
5 1 1230
5 2 1285
1 4 65
0 4 105
1 0 497
0 0 538
1 1 1130
0 3 1221
2 4 3
2 0 70
2 1 403
3 0 118
3 0 127
4 0 149
4 2 838
3 3 1064
4 4 6
4 3 1272
4 0 96
5 0 263
4 2 882
5 1 941
5 4 2
5 0 73
5 2 1599
5 1 598
0 4 130
0 0 514
0 3 840
1 4 23
1 0 106
1 1 467
2 4 3
2 0 87
2 1 400
3 0 97
3 0 111
3 3 413
4 0 83
4 3 668
4 2 830
4 4 2
4 0 65
4 2 413
5 0 88
5 1 761
5 4 22
5 0 47
5 2 967
5 1 525
0 0 534
0 2 1240
0 3 1290
0 0 105
0 2 840
0 3 872
0 0 87
0 3 854
0 2 858
0 0 89
0 3 759
0 2 859
0 0 64
1 0 113
0 3 908
0 0 139
2 0 351
1 2 1992
1 0 107
0 2 2941
3 0 119
3 1 146
0 2 2013
0 3 2337
0 0 97
3 1 113
3 0 121
3 1 116
3 0 124
2 2 3288
2 0 83
3 1 69
3 0 72
1 3 5320
1 3 3317
3 0 79
3 1 82
1 0 111
2 3 5059
3 0 72
3 1 70
1 2 5324
3 3 3500
3 0 70
3 1 74
0 3 4774
3 2 5504
3 2 4925
0 2 5459
0 0 214
3 0 351
3 1 328
4 0 94
3 1 114
3 0 119
3 2 4655
3 0 108
3 1 111
2 2 5738
2 0 92
3 2 4974
1 2 5050
3 1 561
3 0 563
1 0 91
3 1 96
3 0 106
2 3 7275
1 3 6457
3 0 566
3 1 64
3 2 6668
3 1 102
3 0 114
3 2 6189
3 1 112
3 0 112
0 2 6724
3 1 119
3 0 157
0 3 6932
0 0 407
3 0 67
3 1 68
3 2 8197
4 3 7893
3 1 435
3 0 453
4 0 84
4 2 10486
3 2 7701
3 1 839
3 2 8698
3 2 10626
3 2 9814
2 2 9647
2 0 95
2 3 10295
3 2 8079
3 2 8125
1 2 9972
1 3 10430
1 0 149
3 2 8461
0 2 7955
3 2 8734
0 3 8078
4 2 6636
0 0 84
4 0 97
4 3 7303
3 2 8056
3 2 5674
3 2 9115
2 2 4595
2 3 4892
2 0 62
1 3 4389
1 2 4570
1 0 94
0 3 3117
0 0 94
4 2 3431
0 2 3942
2 3 2699
4 0 105
4 3 3993
2 0 78
2 2 3385
1 2 3200
1 0 79
1 3 4086
0 3 3784
4 2 3142
0 2 3918
4 3 3374
0 0 81
4 0 78
2 2 3871
2 3 3901
2 0 68
1 2 2933
1 3 3264
1 0 90
4 3 2486
4 0 85
0 3 3471
0 2 3576
4 2 3809
0 0 89
2 2 3338
1 2 2792
2 3 3474
1 0 85
2 0 118
1 3 3271
4 3 3510
4 2 3657
4 0 106
0 2 3490
0 3 3532
1 3 2814
0 0 82
1 0 97
1 2 3350
2 2 3579
2 3 3743
2 0 85
4 2 3415
4 0 95
4 3 3912
0 2 3375
2 3 2390
0 0 63
0 3 3984
2 0 66
1 3 3867
1 2 3987
1 0 81
2 2 3954
4 2 3939
4 3 4013
0 2 3364
4 0 67
1 3 2765
2 2 3247
2 3 3501
0 0 100
0 3 4142
2 0 65
1 0 71
1 2 3646
4 3 2595
4 0 91
2 3 2987
4 2 3937
2 2 3297
2 0 95
0 2 4055
0 3 4151
1 2 3783
1 3 3917
0 0 105
1 0 97
4 2 2905
4 0 82
4 3 3481
2 2 2618
2 0 130
2 3 3505
0 2 2990
1 2 2729
0 0 122
1 0 79
0 3 3979
4 2 2860
1 3 3749
4 0 67
4 3 4258
2 2 3753
0 2 2948
2 0 152
2 3 4447
0 0 85
0 3 3676
1 2 3552
1 3 3610
1 0 91
4 2 3680
4 0 111
4 3 4142
0 3 2878
2 2 3567
0 0 82
1 3 2302
2 0 82
2 3 4578
1 0 104
0 2 4465
1 2 3379
4 2 4125
0 3 3169
4 0 62
0 0 102
2 3 3255
0 2 4007
4 3 5381
2 0 67
2 2 3924
1 2 3915
1 0 65
1 3 4199
0 3 2590
0 0 85
4 3 3336
4 2 3500
4 0 65
0 2 3429
2 3 3094
2 0 92
2 2 3944
1 2 3586
1 0 99
1 3 4448
0 3 3123
4 2 3018
0 0 66
4 0 106
0 2 4108
4 3 3867
2 3 3299
2 2 3771
2 0 86
1 3 3862
0 2 3078
4 2 3105
1 0 231
1 2 4566
0 0 82
4 3 3571
4 0 96
0 3 4127
2 3 3362
2 2 3701
2 0 94
1 3 3331
1 2 3580
4 2 3137
1 0 94
4 3 3276
0 2 3545
4 0 71
0 3 3651
0 0 86
2 2 3101
2 0 65
4 2 2662
2 3 4380
1 2 3188
1 3 3556
4 0 91
4 3 3325
1 0 94
0 3 3194
0 0 67
0 2 3930
2 2 3270
2 3 3317
2 0 86
1 2 2846
4 2 3134
1 0 103
4 3 3611
4 0 79
1 3 3905
0 2 3558
0 3 3548
0 0 93
2 3 3359
2 2 3520
2 0 68
1 2 3197
1 0 224
4 3 3475
1 3 4096
0 3 2908
4 2 3718
4 0 71
0 0 455
0 2 3891
2 3 3670
2 0 85
2 2 5005
0 3 3309
0 2 3348
1 3 4331
4 2 3715
0 0 81
1 0 197
1 2 4870
4 3 4148
4 0 81
2 2 2818
2 0 81
2 3 3720
4 3 2469
0 2 3028
4 0 84
0 0 75
1 2 4006
0 3 4212
1 3 4248
4 2 4141
1 0 120
2 2 3411
2 3 3677
2 0 91
0 2 3487
4 2 4026
0 3 3589
1 3 2810
4 3 4177
0 0 78
4 0 71
1 0 86
2 2 2522
2 0 73
1 2 4371
2 3 3811
4 3 2786
4 0 79
0 3 3474
1 2 3397
0 0 80
0 2 3881
1 0 73
2 3 3401
1 3 4335
4 2 4457
2 0 64
2 2 4157
4 3 3375
0 3 3621
4 0 100
1 2 3578
2 2 2987
4 2 4261
0 0 76
1 0 84
1 3 3974
2 0 70
2 3 3602
0 2 4772
4 2 3170
4 3 3601
2 2 3197
1 3 3412
4 0 68
0 2 3656
2 0 68
1 2 3672
1 0 69
0 0 91
0 3 4370
2 3 4803
4 2 3161
1 2 2925
4 3 3506
2 2 3481
2 3 3534
4 0 68
1 0 80
1 3 3589
2 0 63
0 2 4116
0 0 67
0 3 4918
2 3 2751
4 3 3527
2 0 74
1 2 3746
1 3 3776
2 2 3653
4 0 83
4 2 3850
1 0 81
0 3 3358
0 0 85
0 2 3738
2 3 3182
2 2 3224
4 2 3033
1 2 2827
4 3 3526
2 0 69
4 0 78
1 0 85
1 3 3505
0 2 3147
0 3 3516
0 0 104
2 2 3113
2 3 3265
2 0 61
4 2 3353
4 3 3434
0 3 2643
4 0 63
0 0 72
1 2 4329
0 2 3655
1 3 4489
1 0 77
4 2 2629
2 3 3612
4 0 79
0 3 2762
2 2 3902
2 0 87
0 0 89
4 3 3956
1 2 2884
1 3 3108
0 2 4175
1 0 68
4 2 3358
4 3 3502
4 0 87
2 3 3658
2 2 3692
0 2 3738
2 0 106
1 3 2788
0 3 4036
0 0 84
1 0 86
1 2 3665
4 3 3117
4 0 81
4 2 3820
0 3 3036
1 2 3166
2 2 3644
0 2 3387
1 3 3476
2 3 3936
1 0 85
2 0 79
4 3 2669
2 2 1999
1 3 2253
4 2 3010
4 0 87
2 3 2679
1 2 2771
2 0 76
1 0 89
4 3 2500
2 2 2114
1 3 2062
4 2 2721
4 0 64
2 0 72
1 0 88
1 2 2453
2 3 2969
2 2 2279
1 3 2441
2 3 2841
1 2 2750
4 3 2910
4 2 2931
2 0 57
1 0 101
4 0 97
2 2 1578
2 3 1670
2 0 93
1 2 2463
4 3 2479
1 3 2563
4 2 2697
1 0 262
4 0 81
2 3 2496
2 2 2655
1 2 1949
4 3 1960
1 3 2250
4 2 2078
4 0 73
4 2 856
4 3 853
4 0 67
4 3 854
4 2 855
