0 0 842
1 0 308
1 2 455
0 1 1055
1 3 541
0 3 1121
0 0 414
0 1 469
0 3 458
1 0 206
1 2 228
1 3 245
0 0 72
0 1 222
0 3 213
1 0 70
1 2 101
1 3 127
0 0 183
0 3 416
0 1 454
1 0 79
1 2 134
1 3 215
0 0 123
0 3 420
0 1 485
1 0 62
1 2 127
1 3 221
0 0 61
0 3 292
0 1 349
1 0 57
1 2 92
1 3 161
0 0 133
0 3 336
0 1 370
1 0 75
1 2 81
1 3 161
0 0 136
0 3 306
0 1 332
1 0 75
2 0 105
2 1 120
0 0 201
1 3 524
1 1 573
2 3 636
0 3 464
0 1 516
2 0 61
1 0 292
1 2 143
2 3 467
0 0 110
2 2 636
0 1 582
0 3 616
1 3 851
2 0 79
1 0 66
1 2 90
2 3 302
0 0 79
2 2 771
1 3 765
0 3 332
0 1 360
1 0 304
1 2 357
2 0 96
3 0 91
0 0 84
1 3 963
1 0 56
3 1 836
1 2 139
2 2 1254
3 0 83
3 3 1280
2 3 1310
0 1 970
1 3 753
0 3 1048
0 0 65
3 3 766
1 0 64
3 1 1022
1 2 293
2 0 67
0 3 741
0 1 786
1 3 718
2 2 700
2 3 693
3 0 73
1 0 71
1 2 178
3 1 515
3 3 579
0 0 101
3 0 72
2 0 82
1 3 942
0 3 849
4 0 92
4 1 94
1 0 114
3 1 989
3 0 63
0 1 1474
4 1 327
4 0 1376
2 3 2632
2 2 3471
0 0 2263
5 2 2276
4 1 396
3 3 4235
2 0 54
3 1 3419
1 1 3981
4 3 3992
5 3 2994
1 3 4024
3 0 73
1 0 69
1 2 110
0 1 3603
3 3 4020
4 3 1646
0 0 70
0 3 3919
4 3 4382
2 2 1213
3 1 770
2 3 1304
3 0 71
1 3 978
0 1 708
0 3 750
1 0 84
3 3 1360
1 2 117
3 1 737
2 0 186
0 0 83
3 3 892
3 0 61
1 3 649
0 1 436
2 2 684
2 3 927
1 0 83
3 1 717
1 2 112
0 3 864
3 3 828
3 0 187
0 0 77
1 3 517
2 0 54
3 1 552
3 3 607
0 1 607
2 2 498
3 0 58
0 3 689
2 3 575
1 0 75
1 2 106
3 1 282
1 3 469
0 0 67
3 3 626
2 0 58
0 1 463
3 0 55
0 3 554
2 2 466
2 3 587
3 1 306
1 0 72
3 3 369
1 2 113
0 0 81
1 3 489
3 0 56
2 0 61
2 1 103
0 3 561
3 1 522
0 1 610
3 3 620
2 3 441
1 0 65
1 2 105
3 0 57
1 3 411
2 0 203
0 0 68
3 3 541
3 1 653
0 1 427
2 3 597
0 3 468
2 2 632
1 0 78
1 2 108
1 3 184
3 0 98
0 0 108
2 0 54
0 1 342
1 0 56
0 3 615
1 2 87
3 1 734
3 3 760
2 3 642
2 2 658
1 3 324
3 0 70
0 0 78
0 1 334
3 3 610
0 3 353
2 0 217
3 1 602
1 0 68
1 2 112
2 3 432
1 3 310
2 2 769
0 0 76
3 0 61
0 3 266
3 1 428
2 0 81
1 0 94
1 2 95
3 3 1037
0 1 1122
0 0 65
3 0 65
2 3 787
2 2 1046
0 1 361
1 3 1261
3 1 620
1 0 70
1 2 117
2 0 65
0 3 789
3 0 85
0 0 67
1 0 58
0 1 829
2 3 1149
3 1 919
3 3 1945
1 3 1352
0 3 975
2 2 1307
3 0 68
3 3 1117
0 0 214
1 1 709
1 3 719
2 0 54
1 0 55
1 2 104
3 1 884
0 3 807
0 1 865
3 3 949
3 0 74
2 3 780
2 2 907
1 3 799
0 0 66
3 1 548
0 3 251
3 3 1012
2 0 294
0 1 534
3 0 79
1 0 87
1 2 121
0 0 61
3 3 772
2 2 1042
3 1 768
1 3 829
1 0 82
2 3 1379
1 2 132
0 1 555
0 3 609
1 3 249
2 0 62
3 0 65
3 1 157
0 0 60
0 1 195
2 3 488
1 0 70
3 0 70
1 2 126
3 3 903
1 3 495
2 0 56
2 2 1189
3 1 484
2 2 229
0 0 58
0 3 1164
0 1 144
3 3 1021
3 0 78
1 0 78
1 2 109
2 3 791
2 0 54
0 3 914
1 3 563
3 3 629
3 1 776
0 0 62
2 2 572
2 3 790
3 0 71
1 0 92
1 2 119
0 3 870
0 1 871
1 3 554
3 1 614
3 3 630
2 0 59
2 3 157
3 0 62
0 0 216
1 0 62
1 2 130
0 1 466
3 3 587
3 1 686
2 0 238
2 2 1260
1 3 777
2 3 436
0 3 1041
2 2 508
3 0 256
0 0 110
1 0 88
1 2 137
2 0 54
0 3 600
1 3 630
3 1 833
2 2 200
3 3 956
3 0 63
2 3 436
3 1 418
1 0 72
0 1 1253
0 0 84
1 2 151
3 3 780
2 0 70
3 0 51
0 1 562
1 3 634
2 2 297
3 3 362
0 3 1061
2 3 752
1 0 108
1 2 112
0 0 270
3 1 1005
2 0 59
3 0 52
1 3 713
2 1 382
0 1 837
3 1 431
3 3 459
0 3 996
2 3 708
1 0 59
1 2 89
0 0 213
3 0 104
2 0 77
1 3 450
3 1 396
2 2 394
2 3 556
0 1 862
0 3 871
3 0 207
1 0 228
0 0 75
1 2 267
2 0 56
3 3 1319
3 1 568
3 0 61
3 3 973
1 3 962
0 1 783
2 2 747
0 3 896
3 1 468
1 0 201
0 0 68
2 3 1147
2 0 48
3 3 1075
3 0 58
1 3 908
0 1 846
1 1 1057
0 0 56
2 2 829
0 3 1339
3 1 822
3 3 899
2 3 1244
3 0 59
2 0 54
0 1 744
3 1 291
2 3 272
2 2 419
3 3 815
0 3 1371
3 0 55
3 1 209
3 3 245
2 0 53
2 2 134
2 3 444
3 0 57
3 1 173
3 3 358
2 0 69
2 3 219
2 2 372
3 0 51
3 1 206
3 3 236
2 0 48
2 1 96
2 3 154
3 0 65
3 3 214
3 1 221
2 0 51
3 0 53
2 3 309
2 2 524
3 1 500
3 3 523
2 0 49
2 2 165
2 3 182
2 0 47
2 3 104
2 2 310
2 0 48
2 3 183
2 2 185
2 0 46
2 3 172
2 2 188
2 0 53
2 3 140
2 2 347
2 0 49
2 2 142
2 3 358
