0 1 475
0 0 491
0 1 47
0 0 45
1 0 359
1 1 505
0 0 48
0 1 43
2 1 41
2 0 41
1 3 315
1 2 351
0 1 267
1 0 381
0 0 443
1 1 724
2 1 500
2 0 686
3 0 436
1 0 72
3 1 526
1 1 129
0 0 84
0 1 79
2 1 72
2 0 85
3 0 67
3 1 81
1 0 58
1 1 184
3 0 61
2 1 45
3 1 89
2 0 71
0 0 47
0 1 52
3 0 215
3 1 220
1 2 451
2 0 96
2 1 99
1 0 542
0 0 51
0 1 44
1 0 65
1 1 166
3 0 67
3 1 100
2 1 39
2 0 40
0 1 38
0 0 39
1 0 169
3 0 59
1 1 197
3 1 131
2 1 37
2 0 39
3 0 136
0 1 47
0 0 50
1 1 86
3 1 381
1 0 527
2 0 38
2 1 34
1 0 69
3 3 77
3 1 127
1 1 170
0 0 70
0 1 65
2 1 38
2 0 37
1 1 68
3 2 456
3 0 631
0 0 40
0 1 40
1 0 543
4 0 44
4 1 57
3 0 52
3 1 82
2 1 37
2 0 39
1 0 44
1 1 75
4 0 37
4 1 50
3 0 359
2 0 70
0 0 86
0 1 91
2 1 86
4 0 36
3 1 1031
1 1 713
3 0 50
3 1 184
1 0 937
0 0 56
0 1 56
4 1 857
2 1 51
2 0 62
1 1 91
4 0 47
1 0 126
4 3 70
4 0 564
0 1 446
0 0 477
2 0 400
2 1 414
3 1 639
5 0 187
4 1 540
0 1 473
0 0 475
2 0 455
2 1 467
1 3 1009
4 0 87
5 1 679
1 2 1089
4 1 121
3 0 1262
5 0 46
5 1 66
3 0 92
4 3 62
4 0 74
0 1 11259
0 0 11313
3 1 21524
5 1 1138
5 0 1219
2 1 1214
2 0 1305
3 0 160
0 0 167
0 1 99
5 1 116
5 0 146
2 1 107
2 0 126
4 0 51
3 2 549
1 0 351
1 3 3418
0 1 55
2 1 71
2 0 78
5 0 78
0 0 79
4 1 4014
5 1 716
5 0 70
1 0 124
4 3 105
1 1 445
4 0 373
0 0 157
2 1 231
2 0 641
5 1 1011
0 1 314
5 0 56
3 2 369
3 0 370
5 1 82
1 1 118
4 0 33
1 0 311
2 0 41
2 1 41
3 0 59
3 1 74
0 1 38
0 0 36
4 1 288
5 0 38
5 1 58
1 0 79
1 1 88
4 0 40
4 1 65
3 2 84
2 1 53
2 0 60
3 0 71
0 0 38
0 1 38
5 0 42
5 1 59
4 0 33
4 3 55
3 0 54
1 0 302
1 2 313
3 1 103
2 0 176
2 1 230
3 0 113
4 0 1839
0 0 1431
3 1 1502
4 3 1910
5 1 1914
2 0 1481
5 0 3145
2 1 1490
0 1 1517
3 2 99
3 0 121
5 1 768
5 0 809
0 1 793
2 0 836
2 1 867
5 0 448
0 0 1272
1 0 878
2 1 674
2 0 698
0 1 74
0 0 70
4 0 41
3 0 55
3 1 89
1 1 937
1 0 58
1 1 81
2 1 45
2 0 50
4 3 746
5 1 1526
5 0 41
5 1 45
0 1 42
0 0 50
3 0 56
3 1 97
4 0 35
4 3 48
1 1 58
1 0 302
2 1 68
2 0 64
5 0 37
5 1 52
4 0 40
4 1 55
3 3 77
3 1 96
0 0 73
0 1 82
1 0 95
1 1 113
2 1 38
2 0 38
5 0 38
5 1 57
4 0 34
4 1 58
3 0 55
3 2 60
1 2 54
1 0 69
5 1 54
0 1 54
0 0 63
5 0 63
4 0 49
4 3 73
2 1 40
2 0 39
3 2 51
3 0 62
4 0 63
4 3 65
5 1 221
5 0 240
1 0 227
1 3 229
0 1 99
3 2 77
0 0 105
2 1 62
3 0 114
2 0 62
4 0 32
4 1 42
5 0 44
5 1 47
1 0 40
1 1 72
3 2 50
3 0 53
2 1 217
4 3 58
4 0 98
5 1 65
2 0 226
0 1 80
5 0 79
0 0 87
1 0 58
1 1 69
3 0 41
3 1 64
4 0 39
4 1 51
5 0 38
5 1 51
2 1 35
2 0 36
0 1 36
0 0 38
1 2 56
1 0 56
4 0 43
4 3 74
3 0 76
5 0 41
5 1 53
3 1 304
2 1 37
2 0 39
4 0 33
4 3 58
1 0 45
0 0 39
0 1 40
3 0 57
5 0 38
5 1 55
3 1 101
1 1 273
4 0 40
4 1 56
2 1 42
2 0 43
1 0 61
1 1 93
5 0 59
5 1 100
3 3 86
3 0 89
0 0 36
0 1 38
4 0 36
4 1 53
5 0 39
5 1 53
2 1 39
2 0 44
3 0 73
3 2 77
1 0 77
1 1 114
4 0 33
4 3 68
0 1 38
0 0 38
5 1 40
5 0 48
3 0 54
3 1 78
2 0 64
4 0 58
1 2 87
1 0 87
2 1 71
4 3 85
5 0 46
5 1 45
0 1 152
0 0 180
4 0 61
4 1 96
3 0 100
3 1 137
1 0 95
1 2 106
2 1 52
2 0 61
5 0 32
5 1 56
4 0 30
4 1 49
3 0 51
3 2 59
0 1 49
0 0 58
1 0 58
1 1 95
2 1 36
2 0 36
5 1 51
5 0 60
4 0 48
4 3 62
3 0 71
3 1 78
1 0 63
1 1 83
5 0 35
5 1 51
4 0 37
4 3 60
0 1 39
0 0 46
2 1 36
2 0 44
3 0 52
3 1 72
5 0 171
4 0 175
5 1 188
4 3 188
1 2 76
1 0 92
2 0 41
2 1 40
0 1 41
0 0 41
3 0 40
3 1 74
4 0 42
4 3 48
5 0 38
5 1 50
1 0 49
1 1 74
3 0 163
2 1 216
2 0 232
4 3 87
5 1 72
3 1 241
0 1 88
5 0 89
4 0 122
0 0 118
1 0 53
1 1 75
4 0 30
4 3 55
5 0 41
5 1 57
0 1 35
0 0 37
1 0 51
1 1 69
4 0 36
4 3 55
5 0 49
5 1 46
4 0 33
4 1 44
0 1 39
0 0 39
5 0 32
5 1 51
4 0 40
4 3 56
5 0 35
5 1 53
4 0 32
4 3 57
5 1 39
5 0 42
5 0 32
5 1 55
5 0 38
5 1 55
5 0 41
5 1 57
