0 4 540
0 3 570
0 1 586
0 2 602
0 5 621
0 6 629
0 0 647
0 0 274
0 2 307
0 1 308
0 3 313
0 6 345
0 4 343
0 5 347
0 6 244
0 1 286
0 4 293
0 0 306
0 3 314
0 2 326
0 5 335
0 5 234
0 4 253
0 0 261
0 6 247
0 2 265
0 1 268
0 3 267
0 3 272
0 0 315
0 2 312
0 1 312
0 4 302
0 6 314
0 5 317
0 3 189
0 2 275
0 0 262
0 4 268
0 5 273
0 1 289
0 6 282
0 5 191
0 4 255
0 6 261
0 1 335
0 3 271
0 0 335
0 2 313
0 2 205
0 0 264
0 1 295
0 4 302
0 3 288
0 6 310
0 5 313
0 6 221
0 5 221
0 4 221
0 3 246
0 0 313
0 2 265
0 1 325
0 1 223
0 2 196
0 6 240
0 5 251
0 3 254
0 0 299
0 4 269
0 2 196
0 1 204
0 6 259
0 3 255
0 0 268
0 5 270
0 4 278
0 2 262
0 6 211
0 5 243
0 4 259
0 3 272
0 0 350
0 1 350
0 6 183
0 3 239
0 1 249
0 2 269
0 4 262
0 5 277
0 0 287
0 3 185
0 2 216
0 1 249
0 4 246
0 0 274
0 5 275
0 6 284
0 0 243
0 4 251
0 6 249
0 1 265
0 5 277
0 3 276
0 2 291
0 0 239
0 2 250
0 3 261
0 6 260
0 4 268
0 5 274
0 1 283
0 1 212
0 3 234
0 2 254
0 6 264
0 5 275
0 4 291
0 0 292
0 5 191
0 1 217
0 2 240
0 4 268
0 6 279
0 3 285
0 0 289
0 6 254
0 1 261
0 5 275
0 4 278
0 0 290
0 3 289
0 2 302
0 5 213
0 4 224
0 2 249
0 6 249
0 0 255
0 1 258
0 3 267
0 2 227
0 0 238
0 5 254
0 1 262
0 4 261
0 3 281
0 6 283
0 6 213
0 5 234
0 4 242
0 0 261
0 3 273
0 2 299
0 1 300
0 5 222
0 3 226
0 6 226
0 2 242
0 0 242
0 4 263
0 1 265
0 0 226
0 3 249
0 5 253
0 4 262
0 1 272
0 6 279
0 2 292
0 2 198
0 5 199
0 3 227
0 1 271
0 6 280
0 0 294
0 4 287
0 4 189
0 0 246
0 1 254
0 3 265
0 5 277
0 2 292
0 6 293
0 4 166
0 3 244
0 0 262
0 6 263
0 2 268
0 5 277
0 1 283
