0 0 315
0 2 380
0 1 437
0 0 35
0 3 67
0 5 301
0 0 34
0 1 42
0 4 323
0 0 25
0 5 455
0 4 572
0 3 36
0 4 451
0 5 625
0 0 30
0 2 64
0 1 79
1 0 63
0 0 42
1 3 123
1 2 129
0 3 95
0 5 294
1 0 25
0 0 66
0 1 91
1 4 797
1 5 818
0 4 810
1 0 40
1 2 67
1 3 68
0 0 29
0 5 553
0 4 578
1 3 119
0 3 42
1 5 936
1 4 951
0 5 933
1 3 35
0 4 1147
0 0 28
0 1 66
0 2 77
1 4 648
1 5 677
1 0 24
1 3 60
1 2 64
0 0 66
2 0 36
0 3 94
2 1 54
0 5 529
2 4 576
1 0 24
2 0 24
0 0 31
0 1 46
1 5 859
1 4 888
1 0 22
1 3 52
1 2 67
2 4 1063
0 4 996
2 5 1247
0 0 25
2 3 34
1 3 39
0 5 1072
0 4 1293
0 3 42
1 4 1041
1 5 1155
2 5 1699
2 4 1743
1 3 34
2 0 24
2 2 61
2 1 63
0 4 1168
3 0 26
0 5 1274
3 3 64
3 2 87
0 0 24
0 2 63
1 4 990
0 1 71
1 5 1021
2 0 25
2 3 40
1 0 36
1 3 60
1 2 61
3 3 41
2 5 391
0 0 27
0 3 46
3 4 633
3 5 638
2 0 26
2 1 42
1 0 23
3 3 50
0 5 985
0 0 22
0 1 35
1 5 1309
2 4 1592
1 4 1415
2 0 24
1 0 28
1 3 60
1 2 66
3 4 1734
3 5 1818
3 0 26
3 2 63
3 3 66
0 4 1478
0 0 23
2 5 1044
2 4 1135
1 3 62
2 3 40
3 0 23
4 3 35
0 4 1295
0 5 1394
0 3 33
2 4 1997
1 4 2124
1 5 2624
2 5 2653
1 3 45
3 5 2645
3 4 2658
2 0 28
2 1 71
2 2 86
3 0 21
3 3 59
3 2 62
4 5 2358
4 4 2547
0 5 2148
0 4 2165
4 0 28
0 0 25
4 1 70
4 2 92
0 1 86
0 2 136
3 3 59
2 0 24
2 3 45
1 5 1461
1 4 1530
4 0 27
1 0 29
4 3 81
1 2 98
1 3 112
3 5 1010
0 0 34
0 3 42
3 4 1150
2 5 1341
5 3 43
3 3 35
2 0 22
2 1 37
1 0 22
4 5 1982
0 5 1825
4 0 31
4 1 50
0 0 22
0 1 38
5 4 2185
5 5 2220
2 4 2435
5 0 25
3 4 2576
5 3 82
5 2 95
2 0 23
1 5 2348
3 5 2648
1 4 2403
1 0 28
3 0 26
1 3 99
1 2 131
3 3 95
3 2 115
4 4 1798
4 0 40
5 0 24
0 4 1898
0 0 22
3 0 25
1 3 41
2 4 1610
2 5 1709
2 3 34
5 4 2855
4 5 2896
4 4 3022
5 5 3078
0 5 3041
0 4 3072
4 3 45
5 0 31
3 5 3156
3 4 3158
5 3 69
5 2 104
0 3 46
3 0 22
3 3 55
3 2 67
2 4 2933
2 5 2948
1 5 3471
1 4 3549
5 3 48
2 0 24
2 1 183
2 2 213
1 3 86
3 3 71
4 4 2038
2 0 22
2 3 47
4 5 2618
4 0 23
0 5 2551
4 2 49
4 1 97
0 4 2667
0 0 22
0 2 58
0 1 68
2 5 1486
5 4 2691
5 5 2691
1 5 2586
4 0 168
2 0 27
4 3 198
3 4 2624
3 5 2630
2 1 82
5 3 51
1 4 2749
3 3 36
1 0 26
1 3 52
1 2 64
0 0 35
0 3 45
1 0 23
2 4 1888
0 5 1433
4 5 2074
5 4 2127
5 5 2190
2 0 24
0 0 26
0 1 45
4 0 24
4 1 41
5 0 22
5 2 56
5 3 65
3 5 2387
3 4 2553
3 0 22
3 3 62
3 2 62
5 0 20
1 5 2359
3 0 22
1 4 2501
0 4 1763
1 0 23
1 2 62
1 3 66
0 0 22
2 4 2357
2 5 2544
4 4 2518
2 3 35
4 0 22
1 3 53
5 5 2754
5 4 2784
0 5 2123
5 0 27
5 3 61
5 2 66
3 5 2901
3 4 2929
3 0 25
3 2 58
3 3 68
0 4 2942
0 3 59
5 3 70
2 4 2654
2 5 2731
4 5 2631
1 4 2584
1 5 2599
3 3 159
2 0 25
2 1 79
2 2 92
1 3 35
4 4 3154
4 3 34
2 0 21
2 3 43
5 4 2632
5 5 2639
5 3 36
0 4 3143
3 5 2720
3 4 2731
0 5 3233
0 0 27
3 3 87
0 1 80
0 2 114
1 5 2949
1 4 3097
4 5 2884
4 4 2923
1 0 28
1 3 68
1 2 72
4 0 23
4 2 64
4 1 81
2 5 2731
5 5 1814
2 1 36
2 0 62
0 0 24
0 3 45
5 4 2195
4 0 30
4 3 47
3 4 1592
1 0 26
5 0 28
5 3 68
5 2 72
3 5 1760
3 0 33
3 3 67
3 2 71
0 5 966
0 0 31
0 1 33
5 0 20
2 4 1597
2 0 20
3 0 21
4 5 2219
1 4 2195
1 5 2282
4 0 24
4 1 40
1 0 25
1 3 74
1 2 80
5 5 2245
0 4 2380
5 4 2400
0 0 35
5 0 22
5 2 80
5 3 88
2 4 2492
2 5 2495
1 3 79
3 5 2503
3 4 2511
2 3 48
3 0 23
3 3 61
3 2 64
5 3 37
4 4 2191
4 0 21
3 3 47
0 4 2365
0 5 2737
1 5 2710
0 3 33
1 4 2875
2 4 2774
1 3 32
2 5 2940
2 0 30
2 1 62
2 2 73
5 4 3069
5 5 3223
4 5 3051
4 4 3149
3 4 3010
3 5 3135
5 3 179
2 0 27
2 3 69
4 3 39
3 3 52
0 5 2757
0 4 2789
0 0 22
0 1 55
0 2 64
1 5 3001
1 4 3150
5 4 2187
1 0 25
1 3 64
1 2 66
0 0 21
0 3 42
5 5 2828
2 5 2682
4 4 2577
4 5 2585
3 4 2529
3 5 2574
2 0 28
2 1 51
5 0 27
5 3 103
4 0 32
3 0 29
0 5 602
5 2 250
1 0 33
4 1 248
3 3 250
3 2 295
4 2 314
0 0 25
0 1 40
5 0 24
4 0 22
3 0 23
4 3 42
1 5 914
2 4 1391
2 0 22
1 4 1485
1 0 23
1 3 63
1 2 61
1 3 35
0 4 2478
0 0 23
5 4 2438
5 5 2488
3 4 2514
4 5 2530
3 5 2540
5 0 36
5 3 59
5 2 75
3 0 25
4 0 29
3 3 100
3 2 129
4 1 109
2 5 2446
2 4 2451
2 3 32
5 3 33
3 3 32
0 5 1720
1 4 2612
1 5 2637
0 4 2615
1 3 51
0 3 33
4 4 2420
4 0 20
2 4 2916
2 5 3002
5 4 2989
5 5 3190
2 0 24
3 5 3119
2 2 81
2 1 84
3 4 3162
5 3 35
3 3 32
2 3 34
2 0 35
1 4 2814
1 5 2816
1 0 22
1 3 63
1 2 68
4 4 2840
4 5 2849
0 5 3364
0 4 3403
4 3 41
0 0 23
0 1 73
0 2 79
1 0 21
5 4 2531
5 5 2631
2 5 1900
3 5 2580
5 0 27
3 4 2746
2 0 24
5 2 99
5 3 107
0 0 25
2 1 243
0 3 63
3 0 22
3 2 57
3 3 61
4 5 1897
5 0 21
4 4 2061
4 0 24
4 1 63
4 2 74
3 0 21
1 5 1979
1 4 2408
4 0 23
1 0 27
1 2 81
4 3 221
1 3 87
5 4 1384
2 4 2239
2 0 22
0 5 2336
0 0 23
0 1 43
5 5 2046
5 0 25
5 2 72
5 3 76
1 3 37
3 4 2068
4 5 1378
3 5 2229
4 0 23
4 1 40
3 0 23
3 3 70
3 2 75
5 3 41
3 3 40
2 5 2244
2 4 2387
2 3 38
0 4 2468
0 0 21
5 5 1586
1 4 2480
1 5 2537
1 3 33
4 4 2902
4 0 23
5 4 3014
5 3 33
3 4 2876
3 5 2901
3 3 35
2 5 2885
2 4 2893
2 0 29
2 2 60
2 1 65
0 4 2848
0 5 2853
0 3 34
1 5 2820
1 4 2822
1 0 20
1 2 60
1 3 61
2 0 29
2 3 43
4 5 2910
4 4 2934
4 3 34
5 5 3030
1 0 21
5 4 3161
5 0 27
5 3 61
5 2 71
3 5 2826
3 4 2855
0 5 2628
3 0 35
3 3 68
3 2 79
0 4 2795
2 5 2252
5 0 23
0 0 23
0 2 87
2 0 25
0 1 111
2 1 64
3 0 21
4 4 2376
4 5 2415
1 5 2233
1 4 2281
0 0 31
4 0 25
0 3 78
4 2 89
4 1 106
1 0 22
1 3 66
1 2 66
5 5 1955
5 4 2095
4 0 22
4 3 102
2 4 2014
3 4 1676
5 0 26
2 0 28
5 3 73
5 2 79
3 5 1926
1 3 45
3 0 22
0 5 1552
3 3 80
3 2 79
0 0 29
0 1 38
5 3 35
3 3 37
4 5 2082
4 0 21
4 1 34
2 4 2141
2 5 2397
1 5 2296
2 3 35
1 4 2504
1 3 32
0 4 2422
0 0 23
5 4 2751
5 5 2788
5 3 32
3 5 2738
3 4 2750
3 3 32
4 4 2717
4 0 21
2 4 2900
2 5 3265
1 4 2965
0 5 2966
2 0 21
2 1 71
2 2 80
1 5 3299
0 4 3205
1 0 30
1 3 81
1 2 86
0 3 98
5 4 2965
3 4 2561
5 5 3018
5 0 24
5 3 62
5 2 63
3 5 2880
2 0 22
2 3 48
4 5 2458
3 0 22
3 2 56
4 4 2645
3 3 64
1 0 25
4 3 43
5 0 23
3 0 23
2 5 1207
2 0 21
2 1 35
0 4 2224
0 5 2510
4 4 2209
1 4 2738
1 5 2782
4 5 2728
5 4 2659
5 5 2684
1 0 26
3 4 2385
3 5 2392
2 4 2057
4 0 38
1 2 153
4 1 117
1 3 185
4 2 144
5 0 195
2 0 192
3 0 29
5 2 267
5 3 270
3 2 90
3 3 105
2 4 677
4 0 27
4 3 36
2 5 753
5 3 47
1 3 33
2 3 38
3 3 33
4 5 1379
4 0 22
4 1 34
5 4 2217
5 5 2327
1 4 2506
2 5 2439
2 4 2478
1 5 2598
5 3 39
3 5 2606
3 4 2614
2 0 37
2 1 97
1 3 101
2 2 119
3 3 42
4 4 2031
4 0 32
2 0 21
2 3 50
5 5 2118
3 5 1758
5 4 2206
3 4 1859
5 0 23
5 3 71
5 2 92
3 0 27
3 3 67
3 2 65
1 5 2299
1 4 2378
2 5 1609
4 5 1868
4 4 1872
2 0 25
2 1 50
4 3 34
5 0 21
3 0 22
3 4 1250
3 5 1417
3 0 34
3 3 59
3 2 62
2 4 1918
4 4 1967
5 5 1929
4 5 1991
2 0 21
5 4 1982
5 0 37
5 2 64
5 3 75
4 0 22
4 1 116
4 2 124
3 3 34
2 5 630
2 4 711
2 3 44
5 3 42
4 0 28
4 3 36
3 5 872
3 4 1025
3 3 32
2 4 1766
4 5 1571
5 4 1854
4 0 21
4 1 37
2 5 2091
5 5 2101
2 0 34
2 1 87
5 3 86
2 2 107
3 5 1678
3 4 1721
3 0 21
3 2 72
3 3 71
5 4 874
4 4 1188
5 5 904
2 0 22
2 3 61
4 0 23
3 0 35
5 0 23
5 2 65
5 3 67
2 5 710
5 0 21
4 5 1040
4 4 1313
4 3 42
3 5 1557
3 4 1817
5 4 1327
5 5 1366
5 0 20
5 2 57
5 3 67
4 4 1056
4 5 1062
4 0 26
4 1 64
4 2 64
5 3 36
4 0 21
4 3 40
5 5 684
5 4 716
4 5 540
5 3 37
4 0 28
4 1 38
5 4 700
4 4 698
5 5 908
4 0 24
5 0 20
5 3 58
5 2 60
4 5 565
4 4 619
4 3 37
5 0 20
4 4 1016
4 5 1023
5 5 1026
5 4 1028
4 0 32
5 0 23
4 1 77
4 2 104
5 3 73
5 2 78
4 0 23
4 3 40
5 3 32
4 5 704
5 4 707
5 5 823
4 0 22
4 1 38
4 4 291
4 0 25
4 5 547
4 4 570
