0 1 497
0 0 569
0 3 600
0 1 156
0 3 223
0 2 275
0 2 206
0 0 220
0 3 375
0 1 105
0 2 120
0 3 354
0 1 103
0 3 483
0 0 487
1 1 221
1 2 257
1 0 401
0 1 89
1 1 80
1 0 141
0 3 516
0 0 554
1 2 360
0 1 93
1 1 106
0 3 459
1 2 262
1 3 347
0 0 575
2 1 156
1 1 88
2 3 491
2 0 630
0 3 298
0 0 378
1 0 370
2 1 101
1 3 1012
1 1 99
1 2 184
0 2 1586
2 3 908
0 3 683
1 0 420
0 2 784
2 0 1216
0 0 999
2 1 95
1 1 92
0 1 110
0 0 415
2 3 882
0 3 585
1 2 701
2 2 990
1 0 783
2 1 129
0 1 193
1 1 274
2 0 489
2 3 624
1 2 563
1 3 607
0 2 620
0 3 639
2 1 95
2 2 366
0 3 432
1 3 453
0 0 451
2 0 812
0 2 526
1 0 583
1 2 673
2 0 297
1 1 282
3 0 127
0 1 299
2 2 1032
3 3 612
1 0 809
2 3 1168
0 3 842
0 0 864
1 2 878
3 1 744
2 1 316
3 0 118
3 2 165
0 1 133
1 0 575
1 3 569
2 3 820
2 2 1143
3 3 895
3 0 74
1 2 935
0 3 1170
3 1 405
3 0 81
0 1 141
3 2 135
1 0 875
1 2 877
3 3 1179
2 0 957
2 2 979
1 3 1064
0 2 2217
2 3 1224
3 1 750
1 1 98
3 0 73
2 1 122
3 2 132
1 3 488
0 0 1208
1 2 529
0 3 1422
3 0 61
3 2 94
2 2 983
2 0 1252
0 3 741
1 3 520
1 0 573
0 2 1013
2 1 101
3 0 112
0 0 1571
4 0 108
3 1 2173
4 1 124
4 2 138
2 2 950
1 2 1605
0 1 285
5 2 150
5 1 172
5 0 530
4 0 476
4 1 481
4 2 481
2 0 1956
3 3 1817
3 1 1912
4 2 129
4 0 142
1 0 1862
5 0 170
4 1 163
5 2 162
5 1 164
3 1 3353
3 0 78
3 2 110
2 3 1043
0 2 1730
1 3 2298
1 2 2313
0 0 2188
2 2 1749
4 0 381
4 2 381
4 1 638
3 1 1259
0 1 583
5 2 681
5 0 664
5 1 677
3 2 339
3 0 366
4 0 114
4 2 259
4 1 266
0 2 1380
1 2 885
3 2 133
5 1 179
5 2 180
5 0 204
0 0 1579
3 0 147
1 3 1981
4 2 322
4 0 333
3 3 2592
4 1 599
3 2 111
5 2 143
5 0 178
3 0 350
5 1 378
2 0 3065
2 2 3054
2 3 3349
1 0 4428
5 1 81
5 0 88
5 2 77
0 2 2363
3 0 78
3 2 109
5 0 73
5 2 77
5 1 80
1 2 1068
3 3 2575
0 3 3377
3 0 64
3 2 109
3 1 4729
3 1 1270
2 3 1009
5 0 76
5 1 75
2 2 1040
5 2 276
3 0 67
0 1 92
1 3 2343
5 1 88
0 0 4541
5 0 92
5 2 78
3 3 1221
1 0 2769
3 3 654
2 1 115
1 1 94
0 3 1087
2 0 2719
0 0 1367
5 1 107
5 2 113
5 0 125
3 0 104
2 3 671
1 2 626
0 1 125
2 0 1168
3 1 2158
5 2 116
5 0 131
5 1 132
3 3 952
2 1 183
1 1 141
1 3 1490
3 1 1176
3 0 61
0 3 1109
3 2 94
2 2 819
1 0 715
1 2 725
0 0 1220
5 1 109
5 2 102
5 0 136
2 3 1436
1 1 341
3 0 77
0 1 333
2 1 205
5 0 77
5 2 77
5 1 79
3 2 233
3 1 1564
3 1 753
1 2 1119
0 2 1080
1 3 1158
3 0 82
2 3 1179
0 0 1424
5 2 90
5 1 108
5 0 107
3 3 423
2 2 1365
3 1 688
1 1 341
0 1 339
5 1 220
5 0 244
5 2 243
3 2 119
3 0 116
1 3 883
0 2 867
1 0 942
2 2 589
3 1 488
2 0 827
0 3 1206
1 1 264
0 1 181
5 2 175
5 1 164
5 0 174
3 0 183
3 2 173
2 3 1264
2 1 112
1 2 733
0 0 736
1 3 942
0 3 865
5 0 247
5 1 255
3 2 244
3 0 252
5 2 259
3 3 1167
2 2 855
0 2 398
3 1 710
0 3 507
2 1 168
3 2 157
5 0 165
3 0 169
5 2 189
5 1 187
2 3 1546
1 0 1279
2 2 634
1 3 1361
2 3 694
1 2 1503
0 1 325
0 0 1789
3 0 117
5 0 126
5 1 112
5 2 122
2 1 242
1 1 94
5 1 61
5 2 81
5 0 98
3 3 746
3 1 822
3 3 1862
0 2 1186
0 0 1275
1 2 628
2 2 1083
3 0 78
2 0 1147
1 3 914
3 2 108
0 1 304
5 2 97
5 0 125
5 1 137
2 1 104
3 0 77
3 3 1055
1 2 630
3 2 312
5 1 83
5 2 80
5 0 83
2 0 651
2 3 701
0 0 1186
1 0 944
0 3 1220
3 3 867
3 0 78
0 1 172
2 1 153
1 3 1394
5 0 190
5 1 193
5 2 193
3 1 615
1 3 282
0 2 800
0 3 893
1 0 448
2 0 934
3 0 100
3 2 106
2 1 351
5 0 121
5 2 306
5 1 306
1 2 1167
1 1 293
3 0 68
2 3 2012
5 2 68
5 1 77
5 0 243
3 3 2388
0 0 1051
0 2 1055
3 3 752
3 3 1784
1 2 1214
2 3 1865
0 3 1334
2 0 2017
3 1 1212
5 2 136
5 1 147
5 0 175
3 2 130
3 0 139
1 0 1626
2 1 125
5 2 65
5 1 65
5 0 74
3 0 80
3 2 103
0 3 960
0 2 971
0 0 1268
1 3 1069
3 1 1587
2 0 1158
5 2 70
5 0 81
1 2 1184
5 1 91
2 2 1197
3 0 97
2 1 206
3 2 242
0 1 375
1 0 1791
3 1 1599
5 0 74
5 1 77
5 2 88
3 0 76
2 2 912
3 2 122
3 1 1012
1 1 188
0 3 1039
2 0 1137
0 0 1142
1 3 443
3 3 611
5 2 134
5 1 279
2 1 291
5 0 284
3 0 201
0 1 313
3 2 292
1 2 1050
1 1 114
2 2 705
1 3 277
5 0 122
5 2 103
3 0 119
5 1 154
0 3 1221
0 0 1406
1 0 1237
3 1 1640
2 3 1798
5 0 192
5 1 199
5 2 193
0 1 95
3 1 1274
2 3 1189
3 0 63
3 2 98
2 2 1320
1 2 893
5 2 259
5 0 289
5 1 297
3 3 1953
2 0 1763
1 3 1164
1 0 1214
0 0 1038
0 2 1049
3 1 724
0 1 291
3 0 226
2 1 243
5 1 93
5 2 100
5 0 290
1 1 99
0 3 811
0 0 1090
3 3 890
2 2 1027
1 3 684
0 1 122
3 1 1161
5 1 119
1 2 748
5 0 134
5 2 133
2 0 1135
0 2 257
0 0 351
3 0 89
3 2 168
1 1 139
5 2 134
5 0 154
5 1 140
0 1 116
3 0 64
2 2 734
2 0 755
1 2 779
1 3 1036
5 0 63
5 2 63
5 1 65
2 1 335
0 0 1196
1 1 122
0 1 93
5 0 78
5 1 75
5 2 65
2 3 2047
3 1 1524
3 1 2232
3 3 1728
3 0 58
2 2 1223
3 2 91
2 0 1265
1 2 1029
0 3 2132
0 3 704
0 2 1136
5 1 101
5 2 84
5 0 110
3 3 647
1 0 1534
3 0 75
0 1 166
1 1 161
2 0 694
5 1 65
5 0 73
2 2 735
5 2 269
0 2 696
1 3 745
3 1 935
1 2 900
2 3 1187
3 3 928
0 3 1042
0 1 97
2 3 348
2 0 364
1 0 460
1 2 480
1 3 591
0 2 713
2 2 972
0 3 879
2 1 192
2 3 235
2 0 242
0 1 147
1 1 140
0 2 364
1 3 340
1 0 553
0 3 567
2 2 271
2 3 281
2 0 566
1 1 95
1 0 183
1 3 375
2 1 67
2 0 202
2 3 207
1 1 108
1 0 197
1 2 213
2 3 224
2 0 223
2 2 365
1 1 83
1 3 184
1 0 227
2 1 92
2 0 219
2 2 204
1 1 88
2 1 84
1 2 242
1 0 319
2 3 258
2 0 292
2 1 77
2 3 197
2 2 212
2 3 226
2 2 230
2 0 373
