0 0 320
0 2 428
0 1 445
0 0 34
0 1 153
0 2 147
0 0 44
0 2 149
0 1 152
0 0 40
0 1 152
0 2 155
0 0 40
0 2 153
0 1 153
0 0 40
0 2 150
0 1 155
0 0 43
0 2 152
0 1 158
0 0 32
0 2 148
0 1 149
0 0 35
0 1 150
0 2 150
1 1 152
1 2 162
1 3 166
0 0 36
0 2 146
0 1 147
1 3 149
1 1 150
1 2 152
0 0 39
0 1 153
0 2 153
1 3 163
1 2 167
1 1 183
2 0 30
2 1 149
2 2 151
0 0 36
1 3 268
1 2 276
0 1 277
1 1 398
0 2 401
2 0 27
2 1 150
2 2 161
1 3 160
1 2 165
1 1 179
0 0 38
0 1 153
0 2 147
2 0 29
2 1 149
1 3 143
1 2 149
2 2 264
1 1 263
0 0 28
0 2 146
0 1 147
2 0 39
1 3 175
1 2 180
2 1 152
1 1 267
2 2 237
0 0 32
0 1 146
0 2 146
1 3 144
1 2 148
1 1 156
2 0 32
2 1 147
2 2 150
0 0 31
0 1 155
1 3 148
1 2 156
0 2 257
2 0 31
1 1 273
2 1 148
2 2 165
0 0 32
1 3 143
1 2 156
1 1 187
0 1 145
0 2 188
2 0 27
2 1 232
3 3 144
3 2 149
2 2 296
3 1 223
1 3 143
1 2 146
1 1 147
0 0 29
0 1 152
2 0 42
0 2 206
3 3 153
3 2 278
2 1 300
3 1 386
2 2 440
1 3 144
1 1 147
1 2 147
3 3 145
3 2 147
3 1 150
0 0 50
2 0 46
0 1 288
2 1 282
0 2 301
2 2 295
1 3 144
1 2 146
1 1 146
3 3 145
3 1 146
3 2 146
2 0 27
4 0 31
0 0 30
2 1 265
2 2 310
4 1 287
4 2 370
1 3 164
0 1 361
1 2 173
0 2 395
3 2 244
5 3 300
3 3 472
5 2 517
4 0 48
5 1 577
2 0 34
3 1 571
1 1 902
4 1 287
0 0 36
2 1 323
5 3 202
5 2 214
0 1 208
3 3 223
3 2 239
2 2 576
4 2 625
1 3 274
4 0 30
1 2 289
4 1 146
0 2 698
5 1 754
1 1 632
3 1 923
2 0 240
4 2 701
2 1 359
0 0 45
4 0 43
0 1 276
4 1 252
5 3 329
5 2 351
2 2 754
1 3 355
1 2 384
3 3 356
3 2 361
2 0 29
0 2 756
4 2 722
2 1 145
5 1 786
3 1 719
4 0 36
1 1 819
4 1 168
0 0 49
2 2 665
0 1 152
4 2 619
5 2 387
4 0 33
5 3 564
3 3 393
3 2 404
1 3 368
1 2 383
2 0 33
4 1 240
2 1 172
3 1 711
5 1 994
0 2 848
1 1 861
4 2 635
3 3 171
3 2 183
4 0 53
0 0 52
2 2 773
5 3 341
5 2 376
1 3 168
1 2 191
4 1 289
2 0 26
0 1 303
2 1 177
3 1 819
5 1 731
1 1 719
0 2 855
4 2 875
2 2 820
3 3 402
3 2 414
4 0 41
5 3 411
5 2 434
0 0 29
1 3 143
1 2 169
2 0 32
4 1 309
3 1 714
0 1 330
2 1 313
5 1 913
3 2 149
3 3 143
4 2 839
1 1 809
5 3 144
5 2 149
0 2 906
2 2 772
4 0 36
4 1 149
0 0 36
3 1 678
2 0 34
1 3 150
1 2 157
5 1 826
0 1 407
2 1 407
3 3 145
3 2 148
4 2 820
1 1 735
5 3 181
5 2 186
4 0 40
4 1 149
0 2 976
1 3 144
1 2 150
2 2 992
2 0 32
0 0 29
3 1 781
4 2 762
5 1 915
2 1 407
4 0 31
0 1 425
3 3 144
4 1 162
3 2 159
1 1 940
5 3 184
5 2 200
2 2 932
0 2 915
2 0 31
1 3 144
1 2 147
3 1 651
2 1 150
4 2 741
0 0 35
4 0 34
5 1 943
0 1 377
3 3 148
3 2 160
4 1 233
5 3 143
5 2 150
1 1 927
2 2 934
0 2 792
2 0 31
4 2 755
2 1 148
1 3 145
1 2 149
4 0 30
3 1 915
0 0 34
4 1 273
5 1 788
0 1 206
2 2 653
3 3 152
3 2 163
5 3 153
5 2 161
1 1 946
2 0 29
4 2 872
4 0 27
2 1 183
0 2 919
3 1 761
4 1 188
1 2 148
1 3 158
0 0 29
0 1 148
5 1 990
3 3 145
3 2 148
2 2 762
1 1 690
4 2 807
5 3 211
5 2 210
4 0 31
2 0 30
0 2 737
4 1 255
1 3 146
1 2 152
2 1 256
3 1 824
5 1 827
0 0 29
2 2 706
0 1 152
3 3 174
3 2 187
4 2 906
4 0 30
5 3 216
5 2 227
1 1 939
2 0 30
4 1 239
2 1 241
0 2 702
1 3 146
1 2 147
5 1 650
3 1 776
4 2 751
2 2 735
0 0 233
4 0 42
1 1 810
2 0 37
5 3 428
5 2 437
3 3 430
3 2 452
0 1 521
4 1 387
1 3 147
1 2 153
2 1 357
5 1 940
0 2 899
3 1 980
4 2 790
2 2 735
1 1 608
4 0 106
0 0 36
2 0 34
5 3 350
5 2 381
3 2 372
4 1 412
3 3 320
0 1 366
1 3 213
1 2 217
2 1 312
5 1 728
4 2 919
4 0 28
3 1 969
0 2 903
2 2 869
4 1 156
1 1 922
0 0 63
5 3 207
2 0 44
5 2 229
3 3 174
3 2 184
0 1 268
2 1 262
1 3 223
1 2 225
4 2 733
4 0 27
4 1 148
5 1 854
0 2 814
2 2 872
3 1 894
1 1 786
5 2 153
5 3 153
4 2 790
2 0 48
0 0 40
4 0 45
3 2 284
3 3 283
5 1 804
2 1 413
1 3 223
1 2 230
0 1 429
4 1 407
5 2 146
5 3 146
0 2 834
2 2 853
3 1 804
4 2 974
2 0 37
1 1 905
4 0 34
0 0 49
5 1 804
2 1 387
3 3 243
3 2 275
4 1 442
0 1 437
1 3 235
1 2 276
5 3 181
5 2 200
2 2 796
0 2 876
4 2 898
2 0 36
4 0 28
1 1 737
3 1 906
2 1 219
0 0 187
4 1 393
5 1 933
0 1 319
1 3 283
1 2 304
2 2 735
3 3 309
3 2 322
4 2 717
4 0 30
5 3 257
5 2 274
2 0 27
4 1 235
2 1 235
0 2 919
1 1 843
3 1 829
5 1 746
0 0 34
4 2 675
0 1 262
4 0 36
2 2 887
4 1 333
1 3 411
1 2 443
2 0 39
3 3 468
3 2 511
2 1 152
5 3 265
5 2 303
0 2 942
3 1 811
1 1 896
4 2 887
0 0 36
5 1 779
4 0 50
2 2 757
0 1 355
3 3 269
4 1 306
3 2 316
2 0 30
1 3 352
1 2 379
5 3 230
2 1 148
5 2 256
0 2 732
3 1 741
4 2 807
1 1 784
4 0 200
5 1 823
0 0 36
2 2 824
3 2 194
3 3 193
4 1 487
0 1 318
2 0 35
2 1 151
1 3 251
1 2 312
5 3 255
5 2 272
4 2 846
4 0 26
0 2 821
3 1 795
4 1 147
1 1 830
5 1 804
2 2 799
0 0 37
3 3 308
2 0 43
4 2 709
3 2 368
4 0 32
0 1 428
1 3 412
5 3 226
1 2 474
5 2 263
2 1 341
4 1 284
3 1 850
0 2 936
1 1 992
5 1 754
2 2 835
3 3 146
4 2 795
0 0 42
3 2 163
4 0 47
2 0 40
0 1 366
1 3 264
1 2 277
5 3 268
5 2 280
4 1 372
2 1 360
3 1 689
0 2 856
3 3 143
3 2 145
2 2 891
4 2 903
5 1 888
1 1 924
4 0 77
0 0 93
2 0 56
3 1 623
4 1 500
0 1 511
5 3 323
2 1 462
5 2 350
1 3 331
1 2 350
3 3 143
3 2 149
4 2 818
0 2 846
4 0 27
2 2 853
4 1 144
5 1 794
1 1 831
2 0 34
3 1 754
2 1 153
4 2 630
5 3 184
5 2 189
4 0 32
1 3 271
1 2 290
4 1 149
3 3 189
3 2 208
2 2 655
5 1 678
1 1 584
3 1 519
2 0 208
4 2 705
4 0 39
2 1 371
4 1 243
2 2 554
5 3 351
5 2 371
1 3 375
1 2 387
3 3 281
3 2 296
5 1 614
4 2 638
1 1 638
3 1 522
4 0 127
2 0 40
4 1 358
2 1 280
5 3 287
5 2 306
4 2 669
1 2 485
1 3 487
3 3 473
3 2 489
4 0 27
2 2 658
4 1 145
5 1 742
3 1 761
1 1 790
2 0 110
4 2 461
2 1 215
5 3 155
5 2 247
4 0 29
2 2 574
1 3 342
3 3 346
1 2 368
3 2 372
5 1 581
4 1 213
3 1 562
1 1 609
4 2 517
5 3 143
5 2 151
2 0 29
5 1 229
4 0 42
2 1 273
4 1 237
3 2 270
3 3 271
1 3 255
1 2 264
2 2 524
3 1 609
4 2 646
1 1 667
5 3 145
5 2 149
4 0 41
5 1 339
4 1 198
2 0 31
3 3 185
3 2 185
2 1 146
4 2 403
3 1 406
2 2 367
5 3 143
5 2 148
5 1 182
4 0 29
4 1 146
4 2 147
3 3 143
3 2 146
3 1 148
2 0 30
2 1 190
2 2 210
4 0 24
5 3 145
5 2 147
5 1 244
4 1 148
4 2 219
3 3 144
3 2 146
3 1 147
4 0 36
5 3 143
5 2 148
4 1 151
5 1 232
4 2 237
3 3 143
3 2 145
3 1 145
5 2 144
5 3 145
5 1 148
3 3 144
3 2 144
3 1 146
5 2 147
5 1 148
5 3 145
3 3 187
3 2 190
3 1 199
5 3 189
5 2 195
5 1 205
3 2 254
3 3 251
3 1 260
5 1 259
5 3 255
5 2 254
5 1 270
5 2 270
5 3 273
3 3 270
3 1 271
3 2 273
5 2 161
5 1 162
5 3 143
5 2 145
5 1 146
5 3 150
