0 1 564
0 0 573
0 3 578
0 1 140
0 3 237
0 2 256
0 3 273
0 0 292
0 2 313
0 1 115
0 2 243
0 3 244
1 1 165
1 2 298
1 0 326
0 1 104
0 3 220
0 0 244
1 1 96
1 0 244
1 2 310
0 1 97
0 3 224
0 0 265
1 1 91
1 2 215
1 3 273
0 1 85
0 0 221
0 3 271
1 1 291
2 1 174
2 3 363
1 0 596
2 0 440
1 3 897
0 2 283
0 0 731
1 1 199
2 1 217
1 2 370
0 3 1029
1 0 521
2 3 560
0 2 517
0 0 528
1 1 128
0 3 863
2 1 112
2 0 1518
1 0 468
1 2 661
0 1 85
2 2 580
0 0 294
0 3 318
2 3 826
1 1 91
2 1 92
1 2 306
1 3 317
2 0 284
0 1 95
2 3 710
0 2 204
0 3 221
2 1 128
2 0 356
1 3 554
2 2 623
1 0 606
1 2 663
0 0 224
0 2 233
0 3 352
1 1 91
2 0 390
2 3 466
2 2 483
1 2 301
1 0 387
0 1 121
0 0 193
0 3 220
2 1 98
2 3 193
2 2 298
1 2 186
1 0 218
1 3 345
0 1 93
0 3 276
0 2 345
2 0 247
2 2 279
2 3 438
1 2 217
1 3 350
0 1 128
2 1 170
1 0 933
2 2 398
0 0 425
1 1 90
0 3 628
2 0 655
1 2 268
1 3 428
2 1 92
3 0 110
0 2 609
2 2 591
2 0 687
3 3 415
1 3 353
1 0 381
1 2 404
3 0 76
3 2 121
0 0 1584
0 3 1749
2 0 525
2 3 660
3 3 755
3 1 1744
2 2 853
0 1 117
3 0 75
1 2 902
0 0 557
3 3 662
0 2 840
1 3 1294
1 0 1322
2 2 690
3 1 928
2 3 726
2 0 750
0 1 137
3 0 307
3 2 358
0 2 583
0 0 641
3 0 79
3 2 109
1 2 789
1 3 824
3 1 1477
2 2 943
2 0 1087
3 0 83
3 1 971
3 2 136
2 3 1243
0 3 826
0 0 844
0 2 857
2 1 130
3 1 712
1 0 1983
0 1 327
4 1 150
4 0 156
1 2 876
4 2 153
3 0 155
1 3 1127
2 0 956
1 0 1299
2 3 1026
0 3 866
3 1 856
2 1 281
4 2 272
4 0 147
3 3 985
4 1 364
3 0 116
3 2 146
0 0 1556
1 1 296
0 1 109
2 3 884
2 2 975
4 1 118
4 2 125
4 0 125
1 2 945
3 0 87
3 2 189
3 1 1257
2 1 158
0 3 933
1 3 1236
0 0 970
4 1 146
4 2 138
4 0 147
1 1 146
2 2 686
3 0 275
2 3 933
3 2 537
0 1 403
5 0 594
5 1 620
3 3 1628
5 2 622
4 1 350
4 2 369
4 0 386
5 1 100
5 2 100
5 0 120
1 2 1868
3 0 359
3 2 391
3 1 1700
1 0 1963
4 1 123
4 0 124
0 0 1869
4 2 162
0 2 1930
5 1 322
5 2 337
5 0 336
3 0 88
0 1 146
2 2 1689
4 2 97
1 1 497
4 0 112
4 1 110
3 2 541
2 0 1878
2 3 2068
3 3 1933
5 2 134
5 1 118
5 0 163
0 2 995
3 1 1270
1 3 1615
1 2 1647
4 0 438
3 0 180
4 1 446
4 2 450
3 2 438
0 3 2056
5 0 147
0 1 170
5 2 153
2 1 650
5 1 357
4 2 108
4 1 113
4 0 128
0 0 834
1 1 355
3 0 82
2 2 1570
5 1 115
5 2 91
5 0 112
3 3 2049
4 2 108
4 0 108
4 1 111
2 3 2995
5 1 113
5 0 117
5 2 143
2 1 507
1 0 2367
1 1 123
4 0 185
4 1 178
4 2 186
5 0 134
0 3 3311
5 2 147
5 1 386
0 2 2365
0 0 2798
1 3 3265
3 1 2975
3 3 2986
2 2 1522
4 1 346
4 0 403
0 3 3218
1 2 1016
4 2 429
5 1 339
5 2 352
5 0 339
3 0 331
1 3 1582
0 1 301
3 1 761
4 1 139
4 2 293
4 0 325
2 1 282
3 0 310
3 2 328
5 1 122
5 2 109
5 0 848
4 2 108
4 1 109
4 0 419
0 2 3189
3 0 988
3 2 310
3 3 3922
5 0 129
5 1 125
2 3 5536
5 2 265
2 2 3652
1 0 3509
4 1 108
1 3 3523
4 0 425
0 1 423
4 2 438
3 1 3817
0 0 4405
5 2 398
1 2 3941
2 0 4125
5 1 390
5 0 423
0 3 616
0 0 652
2 1 125
4 1 132
4 0 144
4 2 141
1 1 237
5 1 216
5 2 223
5 0 239
2 0 524
0 1 121
1 2 594
1 3 602
2 3 744
0 2 328
0 3 609
2 1 121
4 0 166
4 2 181
4 1 189
5 1 148
5 0 154
5 2 171
1 3 264
2 3 555
2 0 725
1 2 461
1 0 510
4 0 82
4 2 89
4 1 93
5 2 98
0 2 490
5 0 102
5 1 131
0 3 566
2 1 137
0 0 675
2 3 459
4 1 83
4 2 71
2 0 589
5 2 261
5 0 275
4 0 443
5 1 296
1 0 517
1 3 733
1 2 733
2 1 256
4 0 89
4 2 93
4 1 91
0 0 547
0 3 695
5 1 268
5 2 263
5 0 295
1 1 140
0 2 874
2 0 904
2 2 942
1 2 457
2 1 236
0 1 261
4 0 142
1 0 729
4 1 168
5 2 140
4 2 176
5 0 148
5 1 144
0 0 519
2 2 598
0 3 534
2 0 796
1 3 220
1 2 254
2 1 269
0 1 134
4 0 328
4 2 333
5 1 191
4 1 342
5 0 175
5 2 183
1 0 710
2 2 491
0 0 297
0 3 424
2 3 682
1 1 134
4 2 147
4 0 153
4 1 161
5 1 126
5 2 138
5 0 272
1 3 460
1 2 560
0 1 127
2 0 515
2 3 566
2 2 651
0 2 354
0 0 661
4 0 200
4 2 214
1 1 187
4 1 210
5 0 200
5 2 190
5 1 216
1 3 397
2 1 141
0 1 124
2 2 375
1 0 897
4 0 134
5 0 114
4 2 137
4 1 137
5 2 110
2 0 669
5 1 134
0 3 499
0 0 860
4 1 74
4 2 72
4 0 91
1 0 777
0 1 229
1 2 857
5 2 117
5 0 127
5 1 130
1 3 1018
2 2 712
2 3 740
2 0 759
0 0 535
0 2 542
4 1 84
4 2 89
1 1 97
4 0 101
5 2 79
5 0 86
5 1 85
1 2 218
0 1 153
2 1 166
1 3 782
4 1 122
5 2 133
1 1 100
4 2 142
5 1 151
4 0 156
5 0 159
2 0 718
2 2 744
0 0 921
0 3 954
1 3 576
1 2 600
4 0 210
4 2 214
4 1 216
0 1 257
5 2 102
5 0 115
5 1 123
2 2 602
2 3 619
2 0 660
1 1 135
0 2 859
0 3 862
4 0 85
4 2 95
4 1 103
1 0 561
1 2 574
5 1 91
5 0 103
5 2 111
0 1 99
1 1 120
4 1 87
4 2 99
4 0 103
5 1 77
5 2 84
5 0 97
2 2 656
2 3 700
2 0 879
0 3 908
0 2 913
1 2 681
1 3 681
4 0 328
4 1 327
4 2 327
5 1 164
5 2 274
5 0 286
2 1 298
0 1 263
4 1 79
4 0 104
4 2 103
2 0 696
5 0 75
5 2 84
5 1 90
0 2 679
1 3 538
1 2 542
2 3 883
1 0 652
0 3 904
2 2 113
0 1 264
4 1 276
4 0 302
5 2 128
5 0 136
4 2 313
5 1 148
1 1 117
0 2 529
2 0 699
1 3 333
1 0 649
4 0 93
4 2 101
4 1 116
0 3 1040
2 3 1210
5 2 98
2 1 244
5 1 106
5 0 125
2 3 338
1 1 107
1 0 211
1 3 498
4 0 92
2 0 907
4 1 105
5 0 83
5 2 84
4 2 101
5 1 93
2 2 185
2 0 335
2 3 364
1 1 112
4 0 110
4 2 112
4 1 112
5 1 94
5 2 95
5 0 120
1 0 263
1 2 246
2 1 107
2 2 181
2 0 205
4 2 72
4 1 75
4 0 260
1 1 116
5 1 242
5 2 156
5 0 159
1 3 248
1 0 283
2 1 108
2 0 225
2 3 247
5 0 72
4 1 74
4 2 74
5 1 75
5 2 80
4 0 90
1 1 100
1 2 170
2 1 110
1 0 457
4 2 114
4 1 125
4 0 126
5 1 94
5 0 108
5 2 102
2 2 269
2 3 294
2 2 108
5 1 65
5 0 69
5 2 67
2 0 361
2 3 377
5 0 68
5 1 75
5 2 64
5 2 62
5 0 62
5 1 62
