0 0 313
0 1 360
0 2 373
0 0 111
0 1 66
0 2 69
0 0 44
0 1 62
0 2 59
0 2 54
0 0 62
0 1 74
0 0 42
0 1 55
0 2 72
0 0 40
0 1 44
0 2 44
1 1 44
1 2 69
1 3 169
1 1 57
0 0 64
0 1 74
1 2 78
0 2 94
1 3 190
1 2 144
1 1 141
1 3 231
0 0 40
0 1 50
0 2 45
1 1 36
1 2 40
1 3 144
0 0 26
0 2 34
0 1 39
1 1 41
1 2 44
1 3 146
0 0 32
0 1 41
0 2 42
1 2 41
1 1 62
1 3 144
0 0 23
0 2 34
0 1 42
1 1 37
1 2 44
1 3 144
1 2 40
1 1 41
1 3 208
0 0 39
0 1 39
0 2 43
1 1 38
1 2 39
1 3 145
0 0 25
0 2 34
0 1 36
1 2 36
1 1 37
1 3 146
0 0 29
0 2 35
0 1 40
2 0 27
2 2 33
2 1 33
1 2 34
1 1 35
1 3 145
0 0 28
0 1 41
0 2 37
2 0 30
2 1 61
1 2 65
1 1 67
2 2 70
1 3 225
1 2 37
1 1 41
0 0 45
0 2 47
0 1 43
2 0 34
2 1 41
2 2 42
1 3 152
1 2 36
1 1 41
1 3 145
2 0 34
2 2 41
2 1 52
0 0 32
0 1 46
0 2 55
1 1 35
1 2 38
1 3 148
2 0 33
2 2 35
2 1 43
0 0 28
0 1 30
0 2 35
1 2 37
1 1 43
1 3 143
2 1 27
2 0 30
2 2 42
0 0 25
0 1 33
0 2 35
3 2 160
3 1 166
1 1 55
1 2 62
3 3 274
1 3 245
2 0 30
2 1 35
2 2 40
3 1 38
3 2 40
0 0 27
0 1 35
0 2 37
1 1 44
1 2 44
3 3 182
1 3 179
2 0 28
2 1 33
2 2 34
3 1 36
3 2 47
3 3 146
1 2 36
1 1 46
1 3 374
0 0 33
0 1 41
0 2 43
2 0 33
2 1 64
2 2 71
3 1 70
3 2 69
3 3 148
1 1 33
1 2 38
1 3 144
0 0 30
0 1 40
0 2 39
3 1 36
3 2 40
3 3 143
2 0 34
2 2 45
2 1 48
1 1 37
1 2 36
1 3 144
4 0 71
4 2 69
0 0 68
3 2 87
3 1 98
4 1 106
0 1 116
0 2 122
3 3 163
2 0 33
2 1 36
2 2 40
1 2 38
1 1 40
1 3 145
4 0 28
4 2 45
4 1 47
3 2 37
3 1 40
3 3 143
0 0 33
0 2 37
0 1 41
2 0 146
4 0 45
1 1 189
1 2 189
2 1 203
2 2 100
4 1 93
4 2 95
1 3 258
3 1 42
3 2 44
3 3 143
4 0 29
4 1 44
4 2 51
1 2 44
1 1 47
0 0 33
0 2 48
0 1 58
2 0 40
2 2 46
1 3 152
2 1 55
3 1 38
3 2 45
3 3 145
4 0 28
4 2 39
4 1 40
1 1 39
1 2 41
2 0 28
2 2 51
1 3 280
2 1 72
0 0 47
3 1 107
3 2 120
0 2 104
0 1 107
3 3 197
4 0 27
4 1 47
4 2 53
1 1 42
1 2 44
1 3 164
3 1 44
3 2 44
4 0 40
3 3 194
2 0 55
4 1 92
2 2 82
2 1 88
4 2 99
0 0 29
0 2 47
0 1 47
5 1 292
5 2 296
1 2 289
1 1 295
4 0 263
4 1 307
3 2 79
4 2 313
3 1 81
2 0 34
2 1 42
2 2 43
5 3 454
1 3 482
3 3 320
0 0 36
0 1 39
0 2 39
4 0 27
4 1 71
5 1 114
5 2 114
4 2 73
1 2 43
1 1 44
5 3 180
1 3 178
3 1 52
3 2 53
3 3 177
2 1 41
2 0 41
2 2 39
4 0 35
4 2 49
4 1 58
5 1 64
5 2 63
5 3 147
0 0 31
0 1 36
0 2 40
1 1 47
1 2 48
1 3 201
3 1 47
3 2 47
3 3 165
4 0 29
4 1 40
4 2 47
5 1 39
5 2 46
2 0 29
2 2 40
2 1 41
5 3 261
1 1 42
1 2 51
3 1 39
3 2 42
0 0 51
4 0 52
0 1 73
0 2 77
1 3 276
4 1 80
4 2 87
3 3 274
5 2 56
5 1 63
5 3 147
2 0 28
2 1 34
2 2 37
3 1 85
3 2 91
4 0 32
1 1 124
4 1 75
1 2 84
4 2 78
5 1 47
5 2 47
3 3 303
1 3 314
0 0 41
5 3 235
0 2 259
0 1 275
4 0 36
4 1 37
4 2 48
2 0 34
2 1 45
2 2 51
3 2 40
3 1 46
1 1 55
1 2 53
5 1 49
5 2 52
3 3 236
1 3 308
5 3 299
4 0 44
4 1 60
0 0 63
0 2 62
4 2 71
0 1 84
3 1 37
3 2 40
5 1 87
2 0 32
5 2 110
3 3 236
2 2 75
2 1 78
1 2 75
1 1 75
5 3 330
1 3 279
4 0 30
4 1 249
4 2 46
3 2 40
3 1 49
5 1 42
5 2 43
0 0 24
0 2 73
0 1 74
1 2 37
1 1 40
3 3 297
2 0 34
2 1 40
2 2 40
5 3 324
4 0 37
4 1 40
4 2 47
1 3 203
5 2 36
5 1 38
3 1 38
3 2 38
5 3 243
3 3 371
4 0 49
4 2 77
4 1 90
0 0 68
1 1 99
1 2 100
0 1 97
2 0 55
0 2 99
2 2 70
2 1 137
1 3 252
5 2 37
5 1 40
3 2 37
3 1 37
5 3 191
4 0 36
4 1 37
4 2 38
3 3 246
1 1 36
1 2 35
1 3 144
2 0 30
2 2 48
2 1 120
0 0 46
5 2 114
5 1 84
0 1 78
0 2 81
3 2 47
3 1 53
4 0 37
4 2 165
4 1 163
5 3 298
3 3 294
1 2 34
1 1 36
5 2 38
5 1 37
1 3 247
4 0 28
4 1 45
4 2 46
2 0 37
2 1 60
2 2 75
3 2 45
5 3 272
3 1 51
3 3 166
0 0 26
0 2 37
0 1 43
5 2 35
5 1 36
4 0 35
1 2 108
1 1 112
4 2 66
4 1 61
5 3 264
3 1 39
3 2 39
1 3 314
2 0 27
2 1 39
2 2 45
3 3 191
0 0 24
0 2 37
0 1 44
4 0 36
5 2 61
5 1 69
4 2 58
4 1 65
5 3 146
1 1 44
1 2 49
3 2 35
3 1 40
1 3 186
3 3 185
2 0 39
2 1 48
2 2 46
4 0 29
4 2 42
4 1 46
5 2 40
5 1 44
5 3 146
0 0 34
0 1 72
0 2 78
1 2 80
1 1 84
3 2 63
3 1 86
1 3 226
3 3 235
4 0 257
4 1 263
2 0 53
5 2 94
5 1 102
2 2 91
2 1 97
4 2 355
5 3 164
3 2 68
1 1 61
1 2 63
3 1 82
4 0 29
4 1 35
0 0 28
4 2 67
0 1 50
0 2 53
3 3 279
1 3 284
5 2 48
5 1 56
5 3 144
2 1 39
2 0 42
2 2 43
4 0 28
3 1 72
3 2 67
4 1 79
4 2 93
1 2 56
1 1 59
3 3 230
1 3 232
0 0 34
5 2 217
5 1 222
0 1 78
0 2 90
5 3 158
4 0 29
4 2 46
4 1 82
2 0 46
2 1 76
3 1 76
3 2 78
2 2 82
3 3 155
1 2 36
1 1 42
5 2 88
5 1 47
1 3 227
5 3 177
4 0 29
4 1 37
4 2 42
0 0 27
0 1 38
0 2 41
3 2 41
3 1 38
2 0 24
2 1 37
2 2 40
3 3 143
5 2 41
5 1 47
5 3 144
4 0 35
4 1 40
4 2 40
3 2 34
3 1 42
3 3 145
5 2 42
5 1 50
2 0 36
0 0 49
0 1 61
2 1 78
0 2 89
5 3 279
4 0 40
2 2 95
4 2 56
4 1 70
3 2 35
3 1 38
5 2 35
5 1 36
3 3 245
4 0 29
4 1 43
4 2 44
5 3 239
0 0 46
2 0 52
0 1 59
2 2 66
2 1 66
0 2 66
3 1 56
3 2 58
5 2 58
5 1 59
4 0 25
4 2 43
4 1 46
3 3 287
5 3 292
2 0 34
2 1 39
2 2 37
5 1 62
5 2 74
4 0 28
3 2 81
3 1 88
4 1 69
4 2 73
5 3 276
3 3 275
4 0 38
5 2 73
4 2 79
5 1 92
4 1 87
2 0 44
3 2 72
3 1 89
2 1 72
2 2 76
5 3 218
3 3 243
4 0 28
4 1 58
4 2 64
5 2 61
5 1 62
5 3 148
3 2 38
3 1 43
3 3 148
2 0 36
2 2 49
2 1 49
4 0 30
4 2 37
4 1 38
5 1 39
5 2 38
5 3 143
3 1 44
3 2 47
3 3 155
2 0 29
2 2 37
2 1 143
4 0 36
4 2 48
4 1 57
5 2 50
5 1 54
5 3 148
3 2 36
3 1 38
3 3 142
4 0 29
4 1 42
4 2 44
5 1 40
5 2 46
2 0 27
2 2 42
2 1 43
5 3 143
3 1 32
3 2 38
3 3 144
4 0 32
4 2 41
4 1 43
5 2 35
5 1 34
5 3 148
2 0 28
2 1 45
2 2 45
3 1 36
3 2 38
4 0 29
4 2 45
4 1 49
3 3 147
5 2 37
5 1 43
5 3 153
4 0 30
4 1 41
4 2 44
3 1 83
2 0 37
3 2 89
2 1 57
2 2 58
3 3 174
5 2 45
5 1 46
5 3 150
3 2 34
3 1 36
3 3 172
2 0 32
2 1 52
2 2 64
5 2 58
5 1 63
5 3 152
3 2 37
3 1 41
5 2 39
5 1 40
3 3 176
5 3 175
2 0 29
2 2 41
2 1 43
5 2 35
5 1 42
5 3 159
2 0 29
2 2 35
2 1 36
5 1 39
5 2 41
5 3 149
5 1 36
5 2 39
5 3 143
5 1 40
5 2 43
5 3 143
5 2 38
5 1 38
5 3 146
5 1 45
5 2 46
5 3 148
5 2 39
5 1 38
5 3 149
