0 3 543
0 0 663
0 1 1111
0 3 147
0 0 322
0 2 351
0 3 130
0 2 230
0 0 236
0 3 104
0 2 216
0 0 262
0 3 146
0 2 216
0 1 360
0 0 247
0 2 251
0 1 522
1 3 110
1 1 329
1 2 423
0 3 115
0 1 433
0 2 474
1 3 195
1 2 288
1 0 334
0 0 336
0 1 376
0 2 465
1 3 83
1 1 198
1 0 399
0 0 222
0 2 229
0 1 456
1 3 103
1 0 289
1 1 317
0 3 270
0 0 450
0 2 588
1 3 89
1 2 249
1 1 283
0 3 105
0 1 279
0 2 295
1 3 135
1 2 275
1 1 442
0 3 100
0 1 284
0 0 365
1 3 73
1 1 240
1 0 244
0 3 82
0 2 234
0 0 242
1 1 282
1 0 318
1 2 342
0 0 200
0 1 408
0 2 410
1 3 133
1 2 191
1 1 203
0 3 109
0 0 307
2 3 119
0 2 386
2 2 233
2 1 701
0 3 83
1 0 557
1 2 544
1 1 551
2 3 114
0 2 702
2 2 551
1 0 354
2 1 857
0 1 1231
1 2 533
0 3 114
2 3 185
2 0 439
1 3 93
0 2 583
1 1 1632
0 0 1074
2 1 1051
3 3 307
3 0 313
2 3 314
0 3 128
1 1 1080
1 2 1142
3 2 734
2 0 734
3 0 206
3 3 254
2 2 1059
1 3 142
2 3 99
0 2 994
1 0 536
3 2 1004
3 0 97
3 3 121
2 0 805
0 1 1694
2 2 889
1 3 405
0 3 175
3 0 116
3 3 155
2 3 111
1 2 766
0 2 733
2 2 598
3 0 110
1 1 2938
3 3 535
3 2 2431
1 3 141
2 3 101
3 0 70
3 3 97
3 0 70
0 2 1587
3 3 95
2 0 1344
1 1 4257
1 2 2128
0 1 4175
0 0 2351
3 2 3214
2 1 3963
3 0 445
3 2 4902
0 1 3255
3 3 516
1 1 3506
2 3 681
1 3 135
0 3 443
2 1 3424
3 2 3311
3 0 72
3 3 106
0 0 1032
1 2 873
3 2 1780
3 2 3082
2 1 1772
3 0 109
3 2 974
0 3 359
3 3 185
2 2 2204
0 2 1795
1 3 101
1 1 1738
2 3 98
0 0 872
3 0 82
3 3 102
2 2 472
0 3 115
1 1 1144
2 0 915
0 1 1634
1 2 1352
3 0 84
3 3 286
3 2 1812
3 2 1354
0 2 1021
0 1 1080
3 2 870
3 0 79
3 3 99
1 2 594
2 0 885
2 2 1004
1 1 886
2 1 1231
1 0 1193
3 0 91
1 3 194
2 3 186
3 3 205
0 2 714
3 2 1411
0 0 1034
0 1 1117
2 0 639
1 0 694
1 1 936
2 2 907
3 0 91
3 2 938
3 3 145
0 3 288
2 3 170
1 3 147
3 2 677
3 0 67
3 3 90
2 2 522
0 2 787
0 1 919
2 1 691
1 0 868
1 2 926
3 2 645
2 3 242
3 0 80
3 3 146
1 3 111
2 0 688
2 2 745
1 0 732
0 2 780
3 0 71
3 2 919
0 1 821
3 3 130
0 0 974
2 3 118
1 2 1082
1 3 118
0 3 101
2 1 589
2 2 643
3 0 69
3 3 126
3 2 1175
2 3 96
0 0 752
1 2 948
1 1 955
0 2 866
2 2 403
2 1 411
3 2 1004
3 0 121
3 3 131
1 3 108
0 2 589
3 0 69
2 3 141
3 3 134
3 2 1017
0 0 974
1 0 898
0 1 1091
1 1 976
2 2 587
2 0 773
3 2 735
3 0 104
0 3 292
3 3 303
1 3 259
2 3 113
0 0 707
3 2 698
0 2 791
3 0 72
3 3 214
1 1 951
1 2 1000
2 0 754
2 2 803
3 2 526
1 3 197
3 0 89
3 3 105
0 2 648
0 1 803
0 0 848
1 0 722
1 1 798
2 0 574
2 2 732
0 3 111
2 1 844
3 0 94
3 2 984
3 3 151
1 3 264
3 2 807
0 2 906
3 0 66
3 3 105
0 1 1033
2 0 616
1 2 1020
1 0 1253
2 1 950
2 2 1027
2 3 135
3 2 773
0 3 128
3 0 86
3 3 104
1 3 101
2 2 702
3 2 489
2 0 862
0 1 831
0 2 854
1 2 516
1 1 532
3 0 76
3 3 116
3 2 218
2 3 295
0 3 161
1 3 86
0 1 480
3 0 67
2 0 707
3 3 104
0 2 795
2 2 1051
3 2 656
0 3 129
1 2 875
1 1 948
3 0 74
3 3 100
2 0 571
0 2 690
2 1 766
0 0 912
1 3 119
2 2 1122
3 2 780
3 0 72
2 3 154
3 3 156
1 1 653
0 3 284
1 2 868
2 2 688
3 2 795
3 0 76
2 1 940
3 3 107
0 1 1012
0 2 1108
2 3 104
1 2 740
3 2 722
1 1 775
2 0 475
3 0 77
3 3 106
1 0 1334
1 3 113
0 2 865
2 2 1173
3 0 73
2 3 141
3 3 128
3 2 864
0 1 1083
1 2 738
0 0 1275
1 0 865
2 1 774
2 2 840
3 0 70
3 3 129
3 2 1175
1 3 259
0 2 641
0 0 709
3 0 67
3 3 97
1 0 995
1 2 1082
3 2 1257
2 0 864
2 2 1053
2 1 1123
1 3 102
0 2 793
0 1 1821
0 0 865
3 0 234
3 3 250
2 3 126
1 2 673
0 1 1350
3 0 79
3 3 86
2 0 682
1 3 349
0 0 1083
1 1 1945
3 0 76
3 2 1752
2 3 141
3 3 135
1 2 740
0 1 1629
0 2 1680
0 3 121
3 2 3112
3 2 1578
2 1 2348
3 0 79
3 3 108
2 0 1130
1 1 1630
0 0 686
1 3 179
2 3 114
0 1 1285
1 2 712
3 2 1866
2 1 1962
2 2 361
3 2 1061
2 1 459
1 1 935
1 3 206
2 3 87
1 1 391
1 2 399
2 0 246
2 1 250
1 3 84
1 0 287
1 2 329
2 3 80
2 2 228
2 1 235
1 3 192
2 3 97
1 1 405
1 2 451
2 0 324
2 2 325
2 3 208
2 0 445
2 2 467
1 1 345
1 0 417
1 2 442
1 3 89
2 0 310
2 1 323
1 1 298
1 2 301
2 2 480
2 3 125
2 1 184
2 2 195
2 3 134
2 1 201
2 0 204
2 3 204
2 1 223
2 2 328
2 3 124
2 1 163
2 2 361
2 3 124
2 0 190
2 1 191
2 3 273
2 1 278
2 2 349
