0 2 443
0 0 452
0 1 473
0 1 157
0 2 198
0 0 204
0 2 190
0 0 192
0 1 201
0 2 161
0 0 174
0 1 227
1 2 342
1 0 353
1 1 365
0 0 180
0 2 185
0 1 186
1 2 287
1 0 445
1 1 445
0 1 176
0 2 184
0 0 182
1 1 174
1 2 175
1 0 176
0 2 180
0 0 183
0 1 182
1 2 172
1 0 193
1 1 190
0 0 280
0 2 301
0 1 295
1 1 257
1 0 313
1 2 317
0 1 163
0 0 176
0 2 180
1 0 275
1 1 288
1 2 299
2 1 221
2 0 248
2 2 272
0 2 183
0 1 186
0 0 187
2 1 227
2 0 240
2 2 280
1 0 287
1 1 288
1 2 298
0 1 187
0 2 213
0 0 285
2 0 210
2 1 215
2 2 232
1 0 228
1 1 244
1 2 252
2 1 440
2 0 466
2 2 448
0 1 651
0 0 734
0 2 751
3 2 734
3 1 778
1 2 509
3 0 789
1 0 517
1 1 524
2 2 209
2 1 219
2 0 233
3 0 471
3 1 471
0 1 291
3 2 492
0 0 324
0 2 394
1 1 236
1 2 254
1 0 324
3 0 274
3 1 311
3 2 374
2 0 155
2 2 157
2 1 170
0 0 214
0 1 204
0 2 210
3 1 399
2 2 150
2 0 151
2 1 158
1 1 472
1 2 515
3 2 504
1 0 549
3 0 545
3 2 172
3 1 177
3 0 179
1 1 202
1 2 240
2 0 128
2 1 121
2 2 120
1 0 282
3 0 174
3 1 172
3 2 174
1 1 216
1 2 218
1 0 255
2 1 141
2 2 145
2 0 152
3 0 175
3 1 175
3 2 177
2 2 146
2 0 156
2 1 147
1 1 390
3 0 370
3 1 406
1 2 434
1 0 476
3 2 445
3 0 151
3 2 205
3 1 255
2 1 116
2 0 126
2 2 138
3 0 170
3 1 170
3 2 172
2 1 85
2 2 97
2 0 98
3 0 171
3 2 169
3 1 171
2 2 75
2 1 88
2 0 89
3 0 215
3 2 166
3 1 166
2 0 82
2 2 94
2 1 96
3 1 177
3 0 180
3 2 181
3 0 181
3 2 185
3 1 187
