0 0 3269
1 0 641
0 2 7493
0 1 7520
1 3 4276
2 0 1756
1 1 4930
2 2 2976
2 1 3016
3 0 1883
0 0 70
3 2 3054
3 1 3211
1 0 1126
0 2 1166
0 1 1257
2 0 1050
1 3 1398
1 1 1464
2 1 1582
4 1 509
3 0 884
2 2 2280
4 2 753
3 1 769
3 2 778
4 0 848
0 0 585
2 1 492
1 0 689
0 2 815
2 0 763
1 1 749
0 1 886
3 0 331
3 2 809
2 2 1366
3 1 685
2 0 444
1 2 1181
5 0 512
5 3 796
2 2 667
1 1 1017
2 1 1129
1 0 1127
5 2 1222
1 2 1183
4 1 763
4 2 750
4 0 1053
0 0 453
3 0 357
1 0 352
0 2 530
0 3 1011
3 1 449
1 1 481
3 2 571
1 2 553
5 1 193
5 0 212
5 2 242
2 1 191
2 2 227
2 0 416
3 0 349
1 3 394
1 0 405
1 1 393
3 1 407
4 1 386
4 0 373
4 2 447
3 2 470
5 0 172
0 0 198
0 3 190
5 2 250
5 1 278
0 2 293
2 1 347
2 0 338
3 0 186
4 1 184
2 2 576
3 1 228
1 1 373
4 2 429
4 0 442
1 0 411
1 3 399
5 0 92
0 0 86
5 1 141
5 2 138
0 3 117
3 2 613
2 0 58
2 1 67
0 2 266
2 2 151
4 2 59
4 1 315
4 0 331
3 0 375
5 0 139
1 0 159
5 1 159
3 1 182
1 2 171
1 1 165
5 2 185
3 2 216
4 1 46
4 0 50
4 2 67
0 1 109
0 0 147
5 0 104
2 0 141
3 0 177
0 2 225
3 1 195
1 0 53
2 1 216
5 1 213
5 2 219
1 3 114
1 1 122
3 2 276
2 2 338
4 1 41
4 0 46
4 2 71
3 0 142
0 0 135
5 1 178
5 0 197
3 1 211
2 0 189
5 2 228
0 3 232
2 1 220
1 1 179
1 0 442
4 1 400
4 0 424
4 2 430
3 2 632
2 2 597
5 0 55
0 2 668
1 2 568
5 1 77
5 2 82
3 1 53
3 0 55
4 1 51
4 0 63
4 2 69
3 2 111
1 0 58
2 0 67
1 3 90
2 1 135
1 1 144
0 1 87
2 2 181
0 0 128
0 2 134
5 1 79
4 0 102
5 2 118
4 2 111
5 0 130
4 1 128
3 1 82
3 0 75
3 2 106
1 0 69
1 2 71
1 1 72
2 1 68
2 2 83
2 0 81
0 3 116
5 3 119
4 2 165
5 0 184
4 1 196
3 1 158
5 2 217
3 0 148
0 0 263
4 0 263
0 2 251
3 2 182
1 1 471
1 2 480
1 0 490
2 1 87
3 1 140
4 0 149
5 1 150
2 2 232
3 0 208
5 2 152
4 2 118
2 0 227
5 0 205
4 1 170
3 2 300
0 0 97
0 3 76
0 2 330
1 0 73
1 1 95
1 3 146
4 1 60
4 0 65
4 2 74
5 1 63
5 0 64
5 2 84
3 0 57
3 1 64
3 2 94
2 0 44
2 1 44
2 2 78
0 1 65
4 2 86
0 0 136
4 1 126
4 0 142
1 3 89
1 1 123
1 0 144
0 2 200
5 0 93
5 1 109
5 2 102
3 0 51
3 1 78
3 2 101
2 0 37
2 1 56
2 2 64
4 0 118
4 1 124
5 0 114
4 2 132
5 2 134
1 0 164
0 0 146
3 0 86
1 3 197
1 1 184
5 1 237
0 1 205
0 2 212
3 1 143
3 2 184
4 0 250
4 1 250
4 2 261
2 0 56
2 1 83
5 0 67
5 2 77
5 1 67
2 2 123
1 2 70
1 0 78
1 1 86
3 0 71
3 1 81
3 2 139
0 0 51
0 3 73
4 1 51
4 2 61
4 0 68
0 2 110
5 0 79
2 0 72
5 2 104
2 1 105
5 3 112
2 2 127
3 0 51
3 1 69
3 2 100
1 0 54
1 1 68
1 2 70
4 0 45
4 1 45
4 2 59
0 0 38
0 3 59
0 2 228
5 0 47
5 3 55
5 2 69
2 0 107
2 1 130
3 1 137
4 1 111
4 0 99
3 0 144
4 2 133
1 0 55
1 1 78
1 2 82
2 2 242
3 2 258
5 0 47
5 2 51
5 1 245
4 1 108
3 1 110
0 0 123
4 0 125
3 0 124
4 2 160
2 0 75
3 2 220
0 1 198
2 1 114
1 0 68
1 2 101
0 2 310
1 1 130
2 2 208
5 2 44
5 1 57
5 0 270
4 1 54
4 0 61
4 2 75
3 0 45
3 1 70
3 2 95
1 0 53
1 1 58
1 2 95
0 0 77
2 0 66
0 3 85
2 1 73
2 2 147
5 0 47
5 2 62
5 1 315
0 2 503
4 1 45
4 0 77
4 2 76
3 0 52
3 1 66
3 2 93
1 0 40
1 2 54
1 1 52
5 1 47
5 2 68
5 0 83
2 1 47
2 0 58
2 2 272
0 0 80
0 1 90
4 0 80
4 1 76
0 2 137
4 2 110
3 0 37
3 1 45
3 2 92
5 0 42
5 2 50
5 1 62
1 0 49
1 2 62
1 1 66
4 1 186
4 0 194
2 0 59
4 2 229
2 1 128
2 2 138
0 0 50
3 0 64
3 1 90
0 1 108
3 2 121
0 2 151
5 3 52
5 0 57
5 2 58
4 0 60
4 1 62
1 0 57
1 1 68
4 2 84
1 3 81
2 0 35
2 1 46
3 0 61
5 0 54
2 2 314
5 3 103
5 2 123
3 1 132
0 0 62
0 3 91
3 2 185
4 0 72
4 2 73
0 2 146
4 1 97
1 0 57
1 3 61
1 1 62
3 0 53
2 0 67
5 0 49
3 1 95
5 2 113
2 1 137
5 1 135
4 1 64
4 0 69
2 2 174
4 2 101
3 2 237
0 0 34
0 1 65
0 2 90
1 0 40
1 1 58
1 3 51
4 0 79
3 0 108
5 1 114
5 2 129
3 1 103
5 0 119
4 1 104
4 2 135
2 0 53
2 1 84
3 2 199
2 2 125
1 0 39
1 1 49
1 2 50
0 0 260
0 3 278
5 0 275
5 1 302
5 2 304
4 0 97
4 1 96
0 2 380
4 2 124
3 0 101
3 1 112
3 2 138
2 0 51
2 1 55
2 2 80
4 0 86
5 0 101
4 1 114
1 0 126
4 2 121
1 3 137
1 1 139
5 2 116
5 1 140
0 0 70
3 0 93
3 1 95
0 1 99
0 2 143
3 2 163
2 0 40
2 1 53
2 2 80
4 1 43
4 0 39
4 2 58
5 0 33
5 2 51
5 1 53
1 0 60
1 1 59
1 3 71
3 0 83
4 0 77
4 1 78
3 1 90
3 2 87
4 2 96
5 0 49
5 1 53
5 2 68
0 0 42
0 1 57
0 2 93
2 0 41
2 1 56
2 2 88
1 0 40
1 1 55
1 3 73
4 1 286
3 1 100
3 0 108
4 0 101
5 3 98
5 0 101
4 2 136
5 2 112
3 2 155
2 1 36
2 0 37
0 0 65
1 0 55
1 1 78
0 1 107
1 3 101
2 2 169
0 2 168
4 1 46
4 0 49
4 2 54
3 0 40
3 1 40
3 2 69
5 0 41
5 1 48
5 2 58
4 1 38
4 0 40
4 2 44
1 0 63
1 1 68
1 3 86
2 1 67
2 0 58
2 2 98
0 0 45
3 0 54
3 1 111
0 1 113
5 0 49
3 2 140
5 2 93
5 1 91
0 2 185
4 0 43
4 1 42
4 2 67
1 0 46
1 2 54
1 1 57
3 0 77
5 0 89
2 0 121
2 1 127
3 1 137
5 2 127
5 1 154
3 2 211
2 2 197
0 1 202
0 0 208
4 0 49
4 1 52
0 2 250
4 2 77
5 0 59
1 0 72
5 2 110
5 3 114
3 0 59
1 3 113
1 1 105
3 1 96
3 2 117
2 0 44
2 1 57
2 2 90
4 1 40
4 2 40
4 0 165
0 0 41
0 1 67
0 2 83
5 0 38
5 1 50
5 2 54
3 0 40
3 1 43
1 0 46
1 3 61
1 1 67
3 2 123
4 1 38
4 0 48
4 2 61
2 0 36
2 1 52
2 2 73
5 0 80
3 0 81
0 0 106
5 2 132
0 3 156
3 1 151
5 1 179
0 2 237
4 2 168
1 3 150
1 1 150
3 2 279
1 0 175
4 1 215
4 0 240
2 0 53
5 0 59
2 1 68
5 3 91
5 2 95
2 2 157
3 1 55
3 0 55
3 2 84
1 0 43
1 1 56
1 3 56
0 0 46
0 1 47
0 2 69
5 0 269
5 1 276
5 2 284
2 0 88
3 0 68
2 1 116
3 1 116
2 2 187
3 2 170
1 0 50
1 3 56
1 1 62
0 0 51
0 3 89
5 0 54
0 2 110
5 2 78
5 3 90
2 1 209
2 0 219
3 0 53
3 1 71
2 2 276
3 2 119
1 0 42
1 2 53
1 1 62
0 0 43
0 1 55
0 2 70
2 1 44
2 0 44
2 2 63
1 0 46
1 1 51
1 3 55
0 1 45
0 0 48
0 2 215
2 1 56
2 0 61
2 2 82
2 1 51
2 0 57
2 2 91
0 0 47
0 1 51
0 2 93
2 0 598
2 1 601
0 0 55
2 2 634
0 1 77
0 2 123
2 0 38
2 1 68
2 2 82
0 0 47
0 1 49
0 2 85
0 0 68
0 3 86
0 2 106
0 0 43
0 1 51
0 2 74
0 3 49
0 0 53
0 2 75
0 3 52
0 0 57
0 2 64
