0 1 528
0 3 527
0 2 540
0 6 539
0 4 543
0 0 557
0 5 553
0 4 208
0 6 207
0 5 213
0 1 227
0 2 227
0 0 232
0 3 232
0 4 186
0 5 187
0 0 189
0 2 186
0 6 186
0 1 204
0 3 206
0 1 161
0 5 167
0 4 173
0 2 171
0 3 178
0 6 187
0 0 191
0 5 149
0 1 151
0 6 138
0 2 157
0 4 157
0 0 164
0 3 167
0 6 140
0 3 156
0 4 144
0 5 148
0 2 162
0 1 220
0 0 224
0 6 133
0 0 133
0 3 140
0 5 135
0 1 142
0 4 149
0 2 157
0 3 132
0 2 132
0 4 133
0 5 140
0 6 141
0 1 156
0 0 158
0 5 143
0 6 138
0 1 156
0 3 143
0 2 152
0 4 160
0 0 211
0 1 212
0 4 213
0 3 214
0 6 131
0 5 138
0 0 241
0 2 230
0 3 129
0 4 131
0 1 129
0 6 129
0 5 132
0 0 147
0 2 146
0 1 132
0 2 138
0 4 135
0 5 130
0 6 120
0 3 146
0 0 162
0 3 130
0 2 137
0 5 135
0 4 136
0 6 134
0 0 149
0 1 152
0 0 132
0 5 127
0 2 128
0 4 125
0 3 122
0 1 151
0 6 152
0 3 124
0 1 127
0 5 129
0 4 129
0 6 129
0 0 142
0 2 142
0 0 136
0 5 140
0 4 141
0 2 136
0 6 138
0 3 156
0 1 156
0 2 133
0 3 133
0 5 135
0 6 129
0 4 138
0 0 154
0 1 156
0 5 126
0 2 131
0 0 131
0 3 132
0 6 132
0 4 143
0 1 144
0 3 141
0 1 143
0 5 143
0 4 140
0 6 149
0 0 239
0 2 236
0 2 130
0 5 130
0 3 131
0 4 131
0 6 126
0 1 150
0 0 149
0 2 124
0 3 130
0 5 130
0 4 126
0 6 129
0 0 144
0 1 144
0 3 160
0 1 163
0 6 156
0 4 158
0 5 159
0 0 173
0 2 178
0 0 130
0 3 124
0 6 127
0 4 128
0 5 128
0 1 146
0 2 146
0 3 123
0 6 125
0 4 124
0 2 126
0 0 131
0 5 138
0 1 144
0 4 202
0 2 204
0 0 205
0 5 200
0 6 198
0 1 219
0 3 220
0 0 130
0 1 131
0 4 129
0 6 129
0 5 132
0 2 150
0 3 150
0 3 125
0 2 125
0 4 124
0 6 125
0 5 124
0 0 147
0 1 148
