0 0 293
0 2 404
0 1 404
0 0 86
0 2 205
0 3 154
1 3 145
1 1 146
1 2 157
0 0 25
2 0 28
0 3 203
0 2 218
2 1 145
2 2 275
1 3 163
1 2 167
1 1 198
2 0 30
0 0 36
2 3 193
1 0 149
1 2 150
2 2 278
0 2 284
0 3 362
1 3 458
2 0 23
0 0 30
1 0 149
2 2 303
2 3 323
1 1 282
1 3 347
0 3 315
0 2 317
2 0 25
1 2 149
1 0 152
2 2 147
1 3 269
2 3 289
0 0 55
0 3 280
0 1 289
1 2 146
2 0 25
1 3 162
1 1 163
2 3 164
2 2 166
0 0 54
0 2 148
0 1 150
1 2 145
1 1 143
1 0 147
2 0 25
2 2 144
2 1 145
0 0 24
0 1 144
0 2 144
1 2 215
1 0 215
1 1 216
3 1 27
3 0 30
2 0 24
3 2 146
2 3 150
2 2 151
4 0 27
4 1 29
4 2 38
0 0 44
3 0 34
3 1 43
1 3 239
1 0 258
3 2 146
1 1 342
0 2 260
0 1 271
2 0 25
4 0 30
4 2 30
4 1 33
2 2 149
2 1 148
3 1 142
3 0 141
0 0 23
1 2 255
1 1 255
1 3 259
4 1 39
4 2 42
4 0 43
0 2 163
3 2 219
0 3 164
2 0 24
2 2 145
2 3 144
3 1 28
3 0 29
4 2 27
4 1 27
1 0 146
1 1 146
4 0 36
3 2 276
1 2 278
0 0 28
2 0 24
0 1 165
0 2 168
2 1 169
2 2 165
4 0 40
3 0 45
4 2 49
4 1 51
3 1 50
1 3 144
3 2 225
1 0 144
1 2 215
4 0 31
4 1 31
4 2 32
0 0 31
2 0 22
3 1 25
3 0 26
0 2 322
0 1 323
2 1 335
3 2 212
2 2 384
1 2 220
1 1 227
1 0 241
4 1 30
4 0 36
4 2 32
3 1 27
3 0 29
2 0 32
3 2 151
0 0 31
2 1 251
1 2 147
2 2 283
1 3 150
0 1 244
4 0 30
4 2 30
0 2 346
4 1 32
1 1 308
3 1 27
3 0 29
3 2 145
2 0 29
4 1 41
4 0 42
4 2 36
1 2 147
0 0 30
2 3 243
2 2 286
1 3 255
0 1 154
1 1 328
0 2 532
5 0 346
5 2 347
3 1 32
3 0 48
5 1 417
4 0 29
4 2 30
4 1 33
3 2 147
2 0 31
1 2 147
1 1 237
1 0 276
5 2 151
0 0 34
2 1 341
2 2 366
5 1 268
0 3 146
5 0 342
0 1 312
4 2 90
4 1 92
4 0 97
3 0 38
3 1 37
3 2 145
2 0 34
1 2 241
1 3 256
5 2 244
2 1 155
5 3 261
1 1 312
4 2 36
4 1 42
4 0 43
5 1 384
2 2 323
3 1 200
3 0 203
0 0 46
3 2 298
0 1 164
0 2 195
5 3 152
5 2 191
1 0 158
5 1 296
1 2 210
4 2 41
4 1 43
4 0 45
2 0 37
1 1 276
2 1 153
2 2 177
3 1 29
3 0 30
3 3 144
0 0 37
5 2 185
5 0 237
5 1 241
4 2 42
4 0 46
4 1 46
0 1 291
0 2 301
1 2 155
1 0 208
1 1 210
2 0 29
3 0 36
3 1 35
2 1 200
2 2 208
3 2 183
5 3 148
5 1 152
5 2 181
4 2 32
4 0 33
4 1 33
0 0 36
1 2 268
1 3 271
0 1 153
3 0 30
3 1 31
1 1 386
0 2 286
2 0 45
3 2 198
5 3 220
4 0 49
4 2 54
4 1 51
5 2 251
2 2 240
5 0 331
2 1 342
1 0 146
1 1 146
1 2 148
3 1 90
3 0 97
0 0 57
4 2 40
4 1 53
4 0 51
0 1 151
5 3 149
3 2 310
2 0 31
5 2 263
0 2 314
5 1 322
2 3 147
2 2 230
1 3 292
1 0 294
4 0 186
4 2 198
1 1 300
4 1 206
3 1 186
3 0 193
5 3 155
0 0 31
5 1 182
3 2 397
5 2 264
0 3 161
0 2 181
2 0 35
2 1 149
2 2 205
4 2 29
4 0 32
4 1 30
3 1 31
3 0 32
1 1 335
1 3 334
5 1 336
5 3 341
1 2 454
5 2 464
3 2 528
4 2 37
4 0 43
0 0 44
4 1 103
2 0 45
5 2 152
5 3 157
0 1 308
3 1 48
3 0 50
2 1 260
0 2 421
1 2 152
1 3 153
2 2 496
5 1 488
1 1 508
4 2 36
4 1 43
4 0 45
3 3 611
5 0 285
5 2 287
5 1 297
2 0 84
3 0 71
0 0 63
3 1 74
4 2 34
4 1 36
4 0 42
3 2 345
1 2 345
2 3 443
1 3 468
2 2 494
0 3 468
1 1 490
0 2 482
5 3 146
5 2 147
5 1 154
3 1 34
2 0 37
3 0 46
4 2 52
4 0 56
4 1 56
2 1 162
1 3 166
3 2 309
0 0 30
1 2 312
2 2 348
1 1 388
0 1 185
5 2 146
5 0 194
0 2 315
5 1 262
4 0 87
3 1 37
4 1 43
4 2 45
3 0 42
3 2 188
2 0 33
1 1 155
1 2 184
2 1 149
1 3 236
2 3 461
5 2 304
5 1 304
0 0 31
4 1 36
4 0 34
4 2 38
5 3 422
0 1 145
3 1 74
3 0 77
0 3 248
3 2 187
2 0 31
1 1 197
1 2 210
1 0 217
5 2 211
2 3 150
5 0 222
4 2 31
4 1 29
4 0 30
2 2 342
5 1 422
3 1 27
3 0 31
3 2 146
0 0 27
0 1 197
0 2 251
4 2 32
4 0 32
4 1 35
5 2 265
2 0 27
5 3 282
1 2 275
1 3 280
5 1 346
1 1 350
2 1 310
3 1 36
3 0 36
2 2 377
3 2 150
5 2 149
5 1 148
5 0 148
4 2 72
4 0 75
4 1 77
0 0 31
1 2 149
1 1 275
1 0 284
0 1 287
0 2 283
2 0 28
2 2 149
2 3 151
3 0 92
3 1 95
4 0 30
4 1 30
4 2 31
5 3 150
5 1 154
3 2 286
5 2 229
1 3 146
1 1 149
1 2 147
0 0 27
0 2 144
0 1 150
3 0 33
3 1 100
2 0 94
4 2 49
4 1 44
4 0 54
3 2 285
5 2 236
2 2 279
2 1 291
5 0 292
5 1 294
1 2 143
1 0 146
1 1 146
4 0 57
4 2 59
3 1 59
4 1 59
3 0 61
0 0 57
2 0 86
5 2 338
3 2 342
5 1 391
5 3 394
0 3 430
0 2 449
2 2 411
2 3 414
1 2 157
1 3 162
1 1 174
4 0 40
4 1 40
4 2 41
5 0 225
5 2 226
3 1 31
5 1 233
3 0 42
3 2 156
2 0 26
0 0 35
2 3 201
0 2 150
2 1 287
0 1 275
4 0 53
4 2 214
4 1 231
3 0 45
1 3 331
3 1 58
5 0 340
1 1 425
5 1 434
1 2 457
5 2 489
3 2 277
2 0 24
4 0 35
4 1 70
4 2 46
0 0 35
2 3 234
2 2 293
5 2 193
0 1 240
1 2 197
5 3 378
3 0 44
5 1 410
1 0 316
3 1 36
1 3 328
0 2 389
3 2 145
4 2 27
4 1 27
4 0 27
5 2 203
5 1 203
5 3 203
2 0 27
2 1 154
1 3 290
2 2 365
1 2 300
3 1 176
3 0 178
0 0 36
4 2 30
4 1 32
4 0 31
1 1 422
3 2 297
0 1 156
0 2 231
5 0 147
5 1 153
5 3 148
2 0 29
3 1 30
3 0 35
4 0 32
4 2 34
4 1 34
1 2 221
2 1 282
2 2 285
3 2 229
1 0 287
1 1 293
0 0 29
0 3 146
5 2 143
5 0 151
0 2 289
5 1 289
3 1 86
3 0 99
4 2 50
4 1 55
4 0 67
2 0 46
1 3 152
2 1 149
3 2 294
1 2 299
1 1 335
2 2 338
5 3 147
5 2 194
5 1 304
0 0 28
0 1 152
0 2 162
4 2 28
4 1 30
4 0 36
3 1 28
3 0 29
3 2 191
2 0 30
1 3 163
1 2 267
5 0 260
5 2 265
2 1 263
1 1 384
5 1 553
2 2 530
4 0 195
4 1 37
4 2 43
3 1 38
3 0 41
0 0 34
3 2 143
0 2 170
0 1 176
5 1 236
5 2 259
1 3 153
2 0 26
1 2 210
5 0 347
2 2 149
1 0 322
2 1 246
3 1 26
3 0 27
3 2 247
5 3 147
5 1 148
0 0 27
5 2 196
0 1 146
0 2 146
2 0 25
2 1 143
2 2 143
3 1 60
3 0 61
5 3 144
5 1 146
3 2 282
5 2 254
0 0 26
0 3 144
0 2 145
2 0 27
3 1 31
3 0 36
2 3 278
2 2 293
5 3 239
5 1 248
5 2 280
3 2 283
3 0 35
3 1 35
0 0 40
5 3 147
2 0 29
5 0 189
5 1 209
3 2 146
0 1 349
0 2 356
2 1 321
2 2 331
5 2 142
5 3 143
5 1 145
3 1 31
3 0 31
3 3 145
2 0 35
0 0 34
2 3 283
2 2 300
0 3 291
0 2 292
5 2 145
5 0 149
5 1 151
0 0 28
5 0 147
5 2 144
0 2 147
5 3 276
0 3 279
5 3 145
5 1 145
5 2 143
0 0 26
0 2 147
0 1 158
5 3 145
5 1 144
5 2 143
5 1 147
5 3 145
5 2 152
0 0 346
0 2 949
0 1 993
0 0 137
0 2 452
0 3 477
0 0 105
0 2 457
0 3 441
0 0 75
0 2 444
0 3 460
0 0 93
0 2 436
0 3 691
0 0 106
0 3 444
0 1 452
0 0 79
0 1 481
0 2 486
0 0 139
0 1 577
1 3 516
1 2 528
0 2 789
1 1 899
0 0 101
0 1 548
0 2 597
1 3 542
1 2 549
1 1 612
0 0 99
0 2 511
0 3 562
1 2 472
1 0 480
1 3 766
0 0 103
0 1 534
0 2 647
1 3 543
1 1 587
1 0 598
0 0 112
0 1 461
0 2 475
1 3 538
1 0 535
1 2 535
0 0 98
0 1 596
0 2 767
1 3 535
1 2 527
2 0 84
0 0 68
1 1 850
2 1 681
2 2 947
0 1 996
2 0 104
1 2 656
1 0 752
2 3 429
0 2 1434
0 0 70
1 1 1385
2 2 1055
0 3 553
0 1 618
1 2 546
1 1 564
1 0 625
2 0 329
0 0 105
2 3 801
1 3 738
2 2 1129
0 1 912
1 0 907
0 2 1222
1 1 1218
2 0 248
0 0 123
0 1 529
2 3 531
1 2 432
1 3 435
2 2 1282
0 2 1252
0 0 88
1 1 1171
2 0 91
0 1 723
0 2 952
2 3 436
0 0 562
3 1 110
3 0 120
1 2 1246
1 0 1278
2 2 1707
0 1 1176
3 2 697
1 1 1502
0 2 1520
3 1 105
3 0 117
2 0 109
0 0 121
3 2 950
1 2 1098
1 0 1102
1 3 1108
0 3 972
2 1 959
0 2 1001
2 2 990
3 0 136
3 1 138
2 0 149
3 2 455
2 3 1254
2 2 1249
3 0 915
3 1 913
4 0 634
4 1 677
4 2 696
0 0 158
4 1 120
4 0 121
4 2 116
3 2 1977
1 2 1416
1 0 1708
2 0 468
1 1 1777
0 1 1576
4 2 464
4 0 473
4 1 473
3 0 112
3 1 136
0 2 1643
0 0 231
4 0 226
4 2 228
4 1 237
2 1 1043
3 2 663
3 1 81
3 0 101
2 2 1568
4 0 93
1 3 1020
4 1 119
4 2 131
0 3 1026
2 0 84
1 2 1326
1 1 1488
3 2 788
0 2 1740
2 3 935
4 1 162
3 1 378
4 2 197
3 0 422
4 0 208
2 2 1169
3 2 1216
4 0 627
4 2 447
4 1 822
3 0 1250
3 1 1266
0 0 1100
4 2 108
4 0 127
4 1 129
1 3 2011
1 1 2230
1 2 2347
4 1 106
4 0 116
4 2 116
0 1 1993
3 2 2223
5 0 1305
5 1 1748
3 0 565
4 0 345
3 1 585
4 1 361
4 2 346
0 2 3299
5 2 2184
0 0 348
4 1 137
4 0 162
4 2 141
0 3 670
1 1 1018
4 1 94
4 2 104
4 0 107
1 0 1415
5 1 780
3 2 1657
3 1 84
3 0 84
1 2 1523
0 1 1372
5 0 1356
5 2 1582
4 2 249
4 1 251
4 0 265
4 0 444
4 1 472
4 2 450
0 0 214
1 3 1434
1 1 1474
3 2 2023
4 2 160
4 0 338
4 1 347
5 3 1604
1 2 1960
0 1 781
5 1 1858
3 1 253
3 0 268
5 2 2382
0 2 1441
4 0 922
4 1 934
4 2 522
3 2 1311
0 0 139
4 2 1041
3 0 792
3 1 793
4 0 1232
4 1 1281
0 1 1985
4 0 193
4 2 200
4 1 207
1 2 791
5 3 524
1 0 901
0 2 2147
5 2 874
0 0 79
4 2 85
4 0 94
4 1 99
0 1 432
3 3 2121
4 0 98
4 2 104
4 1 106
5 1 1935
1 1 2601
0 2 2248
4 2 338
4 1 365
4 0 384
3 1 150
3 0 320
0 0 213
4 0 159
4 1 171
1 0 1139
4 2 338
0 3 631
1 1 1255
1 2 1470
5 0 708
4 0 231
4 2 232
4 1 232
3 2 1501
1 3 446
5 1 1369
5 2 1518
3 0 203
3 1 206
0 2 1560
4 1 120
4 2 127
4 0 136
1 1 1520
4 0 222
4 2 251
4 1 253
0 0 85
5 3 1054
1 2 1799
3 2 1793
5 1 1497
4 0 123
4 1 129
4 2 120
0 1 607
5 2 1754
3 1 293
3 0 297
0 2 1104
4 0 113
4 1 132
4 2 142
0 0 80
4 1 95
4 0 95
4 2 103
3 2 1197
1 1 993
1 0 1021
1 2 1309
0 2 985
3 1 132
3 0 143
5 3 593
4 1 94
4 2 100
4 0 106
0 1 1405
0 0 63
5 2 1187
1 3 546
1 1 641
3 2 880
5 0 1341
4 2 239
4 0 240
4 1 263
3 0 125
3 1 141
0 2 763
1 0 1329
3 2 596
0 1 1178
4 2 165
4 0 178
4 1 172
3 0 241
0 0 249
3 1 262
4 0 92
4 1 96
5 2 938
4 2 99
5 3 1431
4 0 87
4 2 86
4 1 90
1 2 735
5 1 1747
0 3 1574
1 3 1344
4 2 87
4 0 86
4 1 98
3 3 2122
0 2 2234
1 1 2163
4 0 171
4 1 195
4 2 182
5 1 1018
5 3 1034
3 1 462
5 2 1225
3 0 485
4 0 289
4 2 288
4 1 316
0 0 78
4 2 86
4 1 92
4 0 108
0 1 749
3 2 1034
4 0 127
4 1 135
3 0 147
4 2 147
3 1 132
0 2 1265
1 3 1007
0 0 65
5 3 657
1 1 1342
4 1 84
4 0 86
1 2 1619
4 2 92
0 1 545
5 2 1271
3 2 1168
0 2 1342
5 1 1887
4 1 201
4 0 408
3 0 410
3 1 410
4 2 408
0 0 330
1 3 679
0 1 768
1 1 1366
1 2 1274
3 2 1260
5 3 453
0 2 1226
3 0 77
3 1 78
0 0 65
5 2 1120
5 1 1392
0 3 816
3 2 1086
1 2 875
1 3 878
0 2 1072
3 0 98
3 1 81
1 1 1183
5 0 565
0 0 79
3 2 883
5 1 666
3 1 73
3 0 76
0 1 580
5 2 1104
1 3 559
5 3 451
0 2 1185
1 1 1303
0 0 63
1 2 1327
3 2 1268
3 0 76
5 2 1184
3 1 85
0 3 587
5 1 1326
1 0 558
0 2 1165
3 2 920
3 0 77
3 1 79
1 1 1105
5 0 563
1 2 1181
0 0 64
5 1 1178
0 3 779
5 2 1337
1 3 731
3 2 1251
0 2 1143
3 0 94
3 1 105
1 1 1208
5 3 596
1 2 1275
5 1 792
0 0 81
5 2 1330
3 2 1130
0 2 913
0 1 922
3 0 220
3 1 229
1 2 1003
1 0 1042
1 1 1055
5 0 598
5 1 760
1 3 429
3 2 1021
3 0 67
1 1 755
3 1 69
1 2 1247
5 2 1722
3 2 1041
3 0 229
3 1 238
5 3 682
5 1 873
1 0 559
1 1 719
5 2 1236
1 2 1215
3 2 1201
3 0 86
3 1 82
5 0 549
1 3 452
5 1 912
1 1 807
5 2 1209
1 2 1256
3 2 1385
3 0 93
3 1 96
5 3 555
5 1 565
5 2 1028
1 3 436
1 1 438
3 2 1348
3 0 72
3 1 74
5 0 542
5 1 555
1 2 1189
5 2 1182
3 2 1143
1 0 476
3 0 78
3 1 90
5 1 606
1 3 853
5 3 801
1 2 1319
5 2 1244
3 2 923
3 0 101
3 1 103
1 3 582
1 1 708
5 0 436
5 1 566
3 2 1209
1 2 1216
3 1 80
3 0 91
5 2 1115
3 2 1149
5 1 928
5 0 945
3 1 78
3 0 88
1 1 819
1 0 842
5 2 1305
1 2 1345
3 2 1372
5 3 857
5 1 872
3 0 79
3 1 83
1 3 858
1 1 870
5 2 1290
1 2 1396
3 2 874
3 0 234
3 1 88
5 1 817
5 3 831
1 1 685
1 3 704
3 2 1292
5 2 1300
1 2 1116
3 0 105
3 1 91
3 3 691
5 1 749
1 2 576
5 3 867
5 0 887
1 3 844
1 0 872
5 2 431
5 0 442
5 1 457
5 3 425
5 2 430
5 1 434
5 2 430
5 1 438
5 0 439
5 2 427
5 0 435
5 1 439
5 1 435
5 2 426
5 3 428
5 3 433
5 1 438
5 2 439
5 2 429
5 3 433
5 1 438
5 0 443
5 3 430
5 1 450
5 1 439
5 2 428
5 3 429
5 2 429
5 0 444
5 1 448
5 0 436
5 3 427
5 2 430
5 3 431
5 2 431
5 1 436
5 3 427
5 1 436
5 2 436
5 3 431
5 1 438
5 2 434
0 0 457
0 2 1020
0 1 1063
0 0 301
1 2 896
0 2 1451
1 3 1538
0 3 1565
1 1 1605
0 0 145
1 2 714
0 3 1376
0 2 1427
1 3 1451
1 1 1519
0 0 252
2 0 183
1 2 1952
0 2 2079
1 0 2284
0 3 2701
1 3 2692
2 1 1304
0 0 261
1 0 873
0 3 1663
1 3 1562
0 2 1718
1 1 1622
0 0 375
1 2 728
0 3 1634
0 1 1661
1 3 1563
1 0 1595
0 0 317
1 2 749
0 1 905
1 3 971
4 0 181
4 2 177
4 1 186
4 0 128
4 1 132
4 2 126
0 2 2783
1 1 2658
0 0 417
4 0 234
4 2 205
4 1 209
4 0 185
4 2 290
4 1 298
0 2 1377
0 1 1389
4 2 362
4 0 356
4 1 365
0 0 144
1 2 1207
4 0 163
4 1 179
4 2 155
4 0 147
4 1 149
4 2 148
1 0 2112
1 1 2124
0 2 2154
4 0 148
4 2 158
0 1 2156
4 1 158
0 0 533
4 1 228
4 2 212
4 0 248
1 2 1251
1 0 1875
4 0 146
4 1 147
4 2 126
0 3 1381
4 0 136
4 2 136
4 1 120
1 1 2568
0 2 2519
4 1 160
4 0 206
4 2 184
4 1 148
4 0 139
4 2 151
1 0 1169
1 3 1166
1 1 1234
4 1 168
4 0 177
4 2 178
0 0 192
4 2 253
4 0 255
4 1 266
0 1 1003
0 2 1260
4 0 348
4 2 355
4 1 372
0 0 168
1 2 965
1 3 1006
4 0 130
4 1 144
4 2 123
0 1 945
1 1 1963
4 0 140
4 1 191
4 2 180
0 2 1569
0 0 483
4 2 176
4 1 272
4 0 279
4 0 144
4 1 159
4 2 160
1 2 799
0 2 1540
4 1 139
4 0 148
4 2 133
0 1 1791
4 0 340
4 1 349
4 2 329
1 1 2191
0 0 144
1 0 2421
4 0 281
4 1 285
4 2 290
0 2 1305
4 0 181
4 1 185
4 2 171
1 2 940
1 3 985
4 0 118
4 1 127
4 2 123
0 1 2036
0 0 113
4 1 135
4 0 141
4 2 140
1 0 2094
0 3 1090
4 0 148
4 2 159
4 1 157
0 1 1348
4 1 197
4 2 207
4 0 219
1 1 909
1 2 907
1 0 1055
4 1 327
4 0 348
0 0 365
4 2 338
4 0 169
4 2 176
4 1 192
0 1 1121
1 2 912
1 3 935
4 0 117
4 1 120
4 2 125
0 2 1765
1 1 1911
0 0 329
4 0 166
4 2 167
4 1 156
0 2 1186
0 1 1215
4 0 309
4 2 256
4 1 257
0 0 348
4 1 217
4 0 226
4 2 197
1 2 975
1 3 1001
4 0 132
4 1 135
0 1 1083
4 2 123
1 1 1750
0 2 1870
4 0 159
4 1 137
4 2 149
0 0 425
4 0 259
4 1 242
4 2 251
4 1 167
4 0 191
4 2 164
0 2 1484
0 1 1729
1 2 895
4 0 145
4 1 159
4 2 144
0 0 396
4 0 155
4 1 165
1 0 1732
4 2 139
1 1 1872
0 3 1374
1 2 781
0 2 1742
1 3 992
1 1 1199
0 0 114
1 2 712
0 1 1226
0 2 1233
0 0 120
1 0 1219
1 1 1482
0 3 933
1 0 745
1 2 723
0 2 1529
1 1 1136
0 0 123
1 2 915
1 3 941
0 1 759
1 1 1443
0 2 1233
0 0 119
0 3 817
1 2 709
1 1 753
0 1 1208
1 0 1255
0 0 141
1 3 872
1 1 1367
1 0 1381
0 2 1271
0 1 1281
0 0 112
0 1 809
1 2 787
1 3 804
0 2 1262
0 0 121
1 1 1422
0 1 723
0 2 810
0 0 107
1 2 718
1 1 1442
1 3 1395
0 2 1530
0 3 1558
0 0 108
1 2 769
1 3 784
0 1 765
1 1 1441
0 2 1500
0 0 125
0 1 928
0 2 1184
1 2 774
1 3 787
0 0 109
1 1 1342
0 1 726
0 2 1022
0 0 305
1 2 713
0 2 1453
0 3 1605
1 1 1367
1 3 1439
0 0 127
1 2 788
0 1 1464
1 0 1513
1 1 1531
0 2 1575
0 0 118
1 2 875
0 1 895
1 3 892
0 2 1655
1 1 1654
0 0 148
0 2 932
0 1 960
0 0 152
1 2 747
1 0 1091
0 3 879
1 1 1451
0 2 1487
1 3 724
1 2 723
1 1 892
0 0 109
0 2 946
0 1 1010
0 0 118
1 2 729
1 0 925
0 3 736
1 1 1274
0 2 1439
1 2 770
1 3 789
1 1 923
0 0 119
0 2 940
0 3 948
1 2 747
1 1 812
1 3 851
0 0 114
0 2 720
0 1 761
1 2 713
1 3 724
1 0 767
1 1 793
1 2 783
1 3 795
1 2 710
1 1 716
1 0 719
1 2 707
1 1 724
1 3 717
1 2 709
1 1 803
1 3 811
1 2 708
1 3 715
1 0 718
0 0 378
0 2 1027
0 1 1036
0 0 110
0 2 778
0 3 809
0 0 109
0 2 721
0 3 724
0 0 124
0 2 736
0 3 740
0 0 150
0 2 761
0 3 765
0 0 120
0 3 729
0 1 733
0 0 455
0 1 942
1 3 786
1 2 820
0 2 1439
0 0 144
1 1 1719
0 1 934
0 2 1027
0 0 327
2 0 178
1 2 1951
1 3 2100
0 1 2385
1 1 2772
0 2 2622
2 1 1390
0 0 167
0 2 764
0 3 840
1 2 911
1 0 945
1 3 1079
0 0 365
0 2 1057
0 1 1099
0 0 134
1 3 921
1 1 1560
1 0 2385
0 1 2191
0 2 2207
3 0 1080
3 1 398
0 0 180
0 2 865
0 1 1222
1 2 900
1 3 930
0 0 112
1 0 2364
0 2 1643
4 0 209
4 1 216
0 1 1961
0 0 119
0 1 758
1 2 710
1 1 717
0 3 1331
1 3 1411
0 0 230
1 2 1368
0 2 2540
0 1 2555
1 1 2665
1 0 2586
0 0 115
5 1 2362
5 0 2378
1 2 712
0 1 1652
0 2 1644
1 0 1566
1 1 1574
0 0 231
1 3 722
0 1 1430
0 2 1448
1 0 1335
1 1 1357
0 0 267
0 1 850
0 2 995
0 0 113
1 2 782
1 3 1087
1 1 1381
0 3 1030
0 2 1171
0 0 107
1 2 741
1 1 1086
1 0 1088
0 2 1159
0 1 1370
0 0 121
1 2 742
1 3 914
1 0 929
0 2 858
0 3 1037
0 0 127
1 2 717
1 1 908
1 0 926
0 1 981
1 3 712
1 2 709
0 2 1364
0 0 242
1 1 1252
0 3 958
0 1 959
0 0 112
1 3 715
1 2 721
1 1 923
0 1 806
0 2 1008
0 0 101
1 2 766
1 0 1418
1 1 1443
0 1 1363
0 2 1382
0 0 104
1 3 811
1 2 812
0 1 713
1 1 1458
0 2 1358
0 0 217
0 3 795
0 2 1127
1 2 805
1 0 813
1 1 1130
0 0 113
1 2 770
1 0 1422
1 1 1424
0 1 1368
0 2 1368
0 0 350
1 3 1080
1 2 1093
0 1 761
1 1 1733
0 2 1397
0 0 120
0 2 1106
0 1 1149
1 2 850
0 0 124
1 0 1172
1 1 1391
0 3 895
0 2 1514
1 0 733
1 3 748
1 1 1092
0 0 104
0 1 822
0 2 1103
1 3 882
1 2 889
0 0 105
1 1 1481
0 1 720
0 2 1015
0 0 125
0 1 754
1 3 725
1 2 723
0 2 1383
1 1 1384
0 0 131
0 3 988
0 2 1033
1 2 710
1 3 842
1 1 909
0 0 133
0 1 740
0 2 944
0 0 120
1 2 787
1 3 945
1 1 1404
0 3 879
0 2 1117
0 0 122
1 2 953
1 3 1292
1 1 1344
0 3 1103
0 2 1146
0 0 115
1 2 754
1 0 1007
1 1 1040
0 1 1121
0 2 1468
1 3 723
1 2 725
1 1 1044
1 1 720
1 0 725
1 2 722
1 2 713
1 1 723
1 3 724
1 2 712
1 0 730
1 1 733
1 2 713
1 3 723
1 1 732
1 2 707
1 3 718
1 1 723
1 2 710
1 0 728
1 3 732
1 3 732
1 1 734
1 2 714
1 2 707
1 0 723
1 1 727
1 1 727
1 2 708
1 3 716
1 2 709
1 3 722
1 1 723
1 2 707
1 0 729
1 3 731
