0 0 298
0 2 408
0 1 410
0 0 31
0 2 152
0 3 156
0 0 26
0 3 145
0 2 144
0 0 68
0 3 181
0 2 181
0 0 26
0 3 144
0 2 145
1 3 154
1 1 155
1 2 167
0 0 48
0 3 232
0 1 234
1 3 146
1 2 147
1 1 148
0 0 34
0 1 148
0 2 147
1 2 148
1 0 155
1 3 149
0 0 29
0 2 213
0 1 213
2 0 59
1 3 152
2 1 374
2 2 376
1 0 272
1 1 283
0 0 143
2 0 78
1 2 201
2 3 231
0 2 363
0 1 380
2 2 314
1 0 362
1 3 382
2 0 139
0 0 144
3 1 79
3 0 94
1 2 361
1 3 407
1 1 418
3 2 258
2 2 378
2 3 371
0 2 474
0 3 461
3 1 50
2 0 49
3 0 56
1 0 258
1 2 288
1 1 298
2 3 154
0 0 37
3 2 207
2 2 273
0 1 152
0 2 279
3 0 39
3 1 36
1 0 149
1 1 148
2 0 30
3 2 286
1 2 286
2 2 149
2 3 145
0 0 30
0 2 146
0 1 146
3 1 27
3 0 34
3 2 253
4 2 60
4 1 63
4 0 63
1 0 177
1 3 177
1 1 177
2 0 28
2 2 147
2 1 144
0 0 151
3 2 204
3 1 210
3 0 224
4 0 57
0 1 426
4 2 51
4 1 52
0 2 495
1 2 317
1 3 317
1 1 382
2 0 29
2 3 145
2 2 147
3 0 36
3 1 36
3 2 157
4 1 88
4 0 93
4 2 98
0 0 39
1 2 153
0 1 288
1 0 294
0 2 291
1 1 298
3 1 63
4 1 90
4 0 100
3 0 103
0 0 76
2 0 115
4 2 123
2 2 175
3 2 301
1 2 299
1 3 303
0 3 302
2 1 365
1 0 363
0 1 444
4 2 30
4 0 31
4 1 39
3 0 28
3 1 34
3 2 184
2 0 34
1 0 157
1 2 189
2 3 152
0 0 31
1 1 244
0 1 149
2 2 313
0 2 246
4 1 33
4 2 35
4 0 43
3 1 96
3 0 99
3 2 164
2 0 32
1 2 149
1 3 154
1 1 188
2 1 149
4 2 33
4 0 36
4 1 44
2 2 193
0 0 26
0 1 145
0 2 146
3 1 26
3 0 34
3 2 153
4 1 37
4 0 37
4 2 37
1 1 147
1 3 146
1 2 146
2 0 30
2 2 145
2 1 148
3 1 41
3 0 55
0 0 56
3 2 152
0 1 156
0 2 159
4 2 34
4 0 38
4 1 43
1 1 147
1 0 148
1 2 147
2 0 26
2 2 145
2 1 149
3 1 26
3 0 29
4 2 32
4 0 33
4 1 36
3 3 154
0 0 33
0 1 816
1 2 891
1 3 908
4 2 67
4 0 93
3 0 82
2 0 80
4 1 95
3 1 87
0 2 1053
5 0 156
2 3 175
0 0 31
3 2 284
5 2 271
1 1 1182
0 3 146
2 2 541
5 1 518
1 2 143
1 0 144
0 2 421
4 1 35
4 0 38
4 2 43
1 1 249
3 1 205
3 0 207
2 0 31
3 2 400
5 2 253
5 0 280
2 1 280
5 1 286
2 2 293
0 0 30
4 0 35
4 2 42
4 1 46
1 2 144
0 1 240
0 2 241
1 0 248
3 1 35
3 0 36
1 1 299
5 3 153
5 1 210
5 2 242
3 2 247
2 0 26
2 1 146
2 2 147
4 2 31
4 1 31
4 0 31
3 1 41
3 0 54
0 0 46
1 1 301
1 2 304
1 3 345
5 2 339
5 3 389
5 1 427
3 2 281
0 3 276
0 2 292
4 0 38
4 1 39
4 2 41
2 0 28
2 2 151
2 1 160
5 2 172
5 1 207
3 1 37
3 0 37
5 0 214
1 1 199
1 0 204
1 2 292
3 2 260
4 2 31
4 1 31
4 0 32
0 0 26
0 1 145
0 2 144
5 2 308
2 0 60
3 1 44
3 0 54
5 3 330
5 1 383
4 2 42
4 0 41
4 1 41
1 3 170
2 1 283
1 0 284
1 1 407
2 2 424
3 3 476
0 0 34
5 2 145
5 3 201
5 0 203
0 3 204
0 1 208
4 0 41
4 1 46
4 2 49
3 0 61
2 0 57
3 1 46
2 1 312
1 3 314
3 2 387
2 2 391
1 2 393
1 1 417
5 3 148
5 2 159
5 1 179
4 2 35
4 0 36
4 1 36
3 1 29
3 0 31
0 0 26
3 2 146
0 1 151
2 0 30
0 2 193
1 2 150
1 3 299
2 3 314
1 1 357
5 2 144
2 2 359
5 3 212
5 1 766
4 0 581
4 2 581
4 1 776
3 1 69
0 0 249
3 0 78
4 0 61
4 1 66
4 2 67
2 0 52
0 1 389
1 3 213
2 1 203
3 2 313
0 2 344
3 1 31
3 0 42
5 3 206
1 2 380
5 2 359
1 1 464
2 2 492
3 2 263
5 1 427
4 2 26
4 0 28
4 1 31
0 0 27
0 1 151
2 0 38
3 1 37
3 0 48
5 3 383
1 3 382
5 2 414
2 1 152
0 2 477
1 2 436
3 2 256
5 1 568
4 2 31
4 1 33
4 0 35
1 1 580
2 2 382
5 2 144
5 0 144
5 1 147
1 2 143
1 3 160
0 0 31
1 1 169
3 1 46
3 0 53
2 0 40
3 2 149
4 1 44
4 0 45
4 2 48
0 3 260
0 2 268
2 3 245
2 2 250
5 1 146
5 2 144
5 3 146
3 0 35
3 1 37
1 0 149
1 1 153
4 0 34
4 1 38
4 2 32
1 2 176
3 2 185
2 0 30
0 0 25
2 1 259
2 2 259
0 1 259
0 2 270
5 2 144
5 0 151
5 1 159
4 2 28
4 1 30
4 0 30
3 1 31
3 0 34
1 1 148
1 3 153
1 2 279
3 2 278
2 0 43
0 0 45
4 1 38
4 0 49
4 2 55
5 2 152
2 3 293
5 3 291
5 1 294
0 2 306
2 1 319
0 1 306
3 1 37
3 0 40
3 2 197
1 0 156
1 1 151
1 2 222
4 0 43
4 2 40
4 1 48
2 0 35
5 0 149
5 2 150
5 1 218
2 3 146
2 2 221
0 0 189
3 0 204
3 1 41
0 1 311
1 3 153
0 2 403
4 1 42
4 0 43
4 2 45
3 2 284
1 1 293
1 2 293
5 3 151
5 1 186
5 2 185
2 0 31
2 1 145
2 2 163
3 1 36
3 0 38
3 2 146
0 0 33
4 2 36
4 1 40
4 0 47
0 3 163
1 0 220
1 2 216
5 2 204
5 0 208
1 1 406
0 2 406
5 1 354
3 0 44
3 1 44
2 0 48
4 2 37
4 0 45
4 1 45
3 2 153
2 3 154
2 2 165
5 2 247
5 3 261
5 1 278
0 0 38
1 2 250
1 3 263
1 1 304
0 1 148
0 2 199
3 1 26
3 0 29
4 2 28
4 1 30
4 0 34
3 2 147
2 0 28
5 2 143
5 1 333
5 0 335
2 1 337
1 2 147
1 3 151
2 2 420
1 1 249
4 1 29
4 0 33
4 2 32
0 0 30
3 1 34
3 0 35
0 1 152
0 2 155
3 2 146
5 2 146
5 3 149
5 1 150
2 0 32
2 2 150
1 2 147
1 0 146
4 1 28
4 0 31
4 2 27
2 3 287
1 3 285
3 1 29
3 0 31
0 0 29
3 2 423
5 2 194
4 1 36
4 2 37
4 0 41
5 0 300
0 1 297
5 1 324
2 0 33
0 2 327
1 2 145
1 3 214
1 1 227
2 1 149
2 3 220
3 1 36
3 0 37
5 0 151
5 1 149
3 2 264
5 2 265
4 0 29
4 1 29
4 2 29
0 0 35
0 3 153
1 2 147
1 0 149
3 0 42
3 1 50
2 0 35
0 2 448
1 1 502
4 1 43
4 0 51
4 2 52
5 3 286
3 2 277
2 3 272
5 2 294
5 1 395
2 2 372
0 0 36
1 2 252
3 0 35
1 3 274
3 1 38
5 3 265
1 1 320
5 2 292
4 2 34
4 1 37
4 0 42
0 1 156
5 1 341
3 2 371
2 0 213
0 2 471
2 1 314
2 2 345
5 0 146
5 3 166
5 1 173
4 2 45
4 1 53
4 0 63
1 2 170
1 1 176
1 3 182
3 1 33
3 0 39
3 2 154
0 0 26
2 0 27
0 3 144
0 2 180
2 1 147
2 2 198
5 2 143
5 0 146
5 1 165
4 2 27
4 1 28
4 0 29
3 0 41
3 1 36
1 3 268
1 0 268
1 2 307
3 2 195
0 0 38
2 0 44
5 2 147
5 3 203
2 1 151
0 3 206
5 1 293
3 0 31
3 1 32
2 2 365
0 2 361
3 2 144
5 1 144
5 2 144
5 0 147
2 0 26
0 0 24
2 2 170
2 1 178
3 1 35
3 0 39
0 1 178
0 2 291
3 3 268
5 0 277
5 1 281
5 2 278
2 0 23
2 1 143
2 2 144
5 3 143
5 1 144
5 2 144
2 0 29
2 1 145
5 2 144
5 3 148
2 2 277
5 1 281
5 3 145
5 1 146
5 2 146
2 0 29
2 3 144
2 2 144
5 0 147
5 3 147
5 1 148
2 0 26
2 1 144
2 2 144
5 3 146
5 1 145
5 2 145
2 0 24
2 3 147
2 2 202
5 0 148
5 2 146
5 1 204
5 2 144
5 3 144
5 0 147
5 1 144
5 3 144
5 2 144
5 1 145
5 3 145
5 2 144
5 3 144
5 1 144
5 2 145
