0 6 620
0 3 625
0 2 663
0 1 668
0 5 662
0 0 675
0 4 670
0 1 362
0 0 366
0 3 371
0 2 376
0 5 370
0 4 374
0 6 372
0 0 387
0 1 388
0 4 378
0 6 378
0 2 381
0 5 367
0 3 365
0 1 373
0 0 376
0 2 382
0 3 382
0 4 379
0 5 384
0 6 375
0 4 341
0 2 357
0 3 366
0 5 396
0 1 406
0 0 431
0 6 436
0 0 297
0 4 369
0 3 375
0 6 380
0 1 381
0 2 381
0 5 388
0 5 287
0 6 321
0 4 371
0 3 433
0 2 377
0 1 437
0 0 462
0 5 264
0 6 275
0 3 319
0 1 389
0 4 340
0 0 421
0 2 372
0 3 350
0 2 398
0 0 399
0 5 408
0 6 427
0 1 447
0 4 433
0 0 250
0 2 304
0 1 338
0 3 344
0 6 352
0 5 374
0 4 374
0 1 297
0 0 330
0 5 318
0 2 338
0 6 349
0 4 365
0 3 367
0 6 279
0 1 318
0 4 327
0 2 353
0 5 364
0 3 383
0 0 387
0 5 282
0 3 300
0 4 319
0 0 343
0 1 370
0 6 374
0 2 377
0 2 317
0 1 324
0 6 318
0 4 341
0 5 341
0 0 366
0 3 367
0 1 284
0 3 306
0 6 303
0 2 350
0 5 350
0 0 360
0 4 366
0 6 253
0 4 298
0 1 412
0 5 340
0 3 441
0 0 461
0 2 465
0 4 225
0 0 324
0 5 348
0 6 350
0 2 361
0 1 371
0 3 382
0 3 332
0 1 333
0 4 351
0 6 368
0 5 373
0 0 376
0 2 389
0 6 321
0 0 357
0 2 345
0 4 360
0 3 375
0 5 390
0 1 398
0 0 282
0 2 345
0 1 362
0 6 348
0 4 374
0 5 382
0 3 388
0 0 252
0 5 288
0 4 319
0 3 340
0 1 348
0 6 342
0 2 358
0 3 282
0 5 351
0 6 348
0 4 359
0 2 377
0 0 379
0 1 379
0 2 349
0 3 360
0 5 371
0 4 387
0 6 379
0 0 390
0 1 399
0 2 268
0 4 324
0 5 338
0 0 360
0 1 370
0 6 387
0 3 387
0 0 331
0 3 338
0 5 337
0 2 336
0 1 342
0 6 340
0 4 340
0 5 336
0 1 339
0 4 343
0 6 361
0 3 362
0 0 369
0 2 377
0 0 286
0 1 321
0 2 322
0 5 382
0 4 374
0 6 382
0 3 392
