0 0 328
0 1 411
0 2 416
0 0 72
0 2 65
0 1 90
0 0 24
0 2 59
0 1 74
0 0 29
0 1 43
0 2 52
0 0 30
0 1 71
0 2 69
0 0 142
0 1 156
0 2 127
1 1 133
1 2 200
1 3 205
1 1 44
0 0 38
1 2 168
1 3 169
0 2 70
0 1 88
1 1 43
1 3 147
1 2 149
0 0 32
0 2 36
0 1 35
1 1 40
1 2 147
1 3 147
0 0 32
0 2 39
0 1 42
1 1 32
1 2 150
1 3 151
0 0 35
0 2 42
0 1 49
1 1 28
1 3 145
1 2 148
1 1 70
0 0 37
0 2 63
0 1 71
1 2 177
1 3 172
1 1 37
1 2 146
1 3 146
0 0 36
0 1 45
0 2 80
1 1 101
1 2 152
1 3 148
0 2 33
0 0 38
0 1 46
1 1 26
1 3 145
1 2 145
0 0 40
0 1 44
0 2 47
1 1 53
1 2 171
1 3 150
2 1 43
2 2 43
2 0 48
0 0 31
0 2 53
0 1 52
1 1 41
1 2 147
1 3 148
2 0 44
2 1 56
2 2 55
3 1 60
1 1 56
3 2 181
3 3 177
0 0 40
0 1 55
0 2 57
1 3 262
1 2 291
2 2 46
2 0 44
2 1 57
3 1 49
1 1 42
3 3 211
3 2 226
1 3 186
1 2 201
0 0 41
0 2 46
0 1 47
2 0 32
2 2 40
2 1 42
3 1 47
3 3 147
3 2 150
1 1 41
1 3 144
1 2 149
2 0 49
2 2 85
2 1 90
0 0 83
0 2 89
0 1 227
3 1 45
3 3 151
3 2 163
1 1 39
1 3 147
1 2 155
3 1 48
2 0 44
2 2 50
2 1 62
3 3 148
3 2 160
0 0 35
0 2 56
0 1 59
1 1 46
1 3 147
1 2 149
3 1 33
3 3 144
3 2 149
2 1 53
2 0 50
2 2 61
1 1 39
0 0 34
0 1 48
0 2 58
1 3 150
1 2 158
3 1 45
3 3 145
3 2 146
2 0 28
2 1 39
2 2 48
1 1 47
1 2 148
1 3 146
0 0 36
0 1 42
0 2 48
3 1 48
3 3 146
3 2 147
2 0 42
1 1 108
2 2 71
2 1 69
1 2 156
1 3 156
3 1 41
3 3 145
3 2 145
0 0 35
0 1 42
0 2 48
1 1 37
1 3 146
1 2 146
2 0 28
2 1 42
2 2 50
3 1 44
3 2 152
3 3 153
0 0 35
0 2 46
0 1 47
1 1 39
1 3 274
2 0 64
1 2 296
3 1 194
2 1 89
2 2 104
4 0 65
4 1 73
4 2 107
3 3 185
3 2 197
0 0 31
0 1 33
0 2 39
1 1 36
3 1 41
4 0 41
4 2 58
4 1 60
1 2 242
1 3 246
3 2 245
3 3 244
2 0 37
2 2 55
2 1 74
4 0 42
4 1 84
4 2 106
3 1 110
1 1 102
0 1 43
0 0 45
0 2 54
3 3 301
1 3 294
3 2 312
1 2 308
2 0 37
2 1 50
2 2 45
4 0 32
4 2 33
4 1 45
3 1 48
1 1 48
3 3 204
3 2 211
1 3 208
1 2 215
0 0 31
0 2 44
0 1 52
4 0 45
2 0 51
4 1 61
4 2 69
2 2 67
2 1 72
3 1 41
3 2 148
3 3 148
1 1 43
1 3 148
1 2 158
5 1 52
4 0 53
4 1 62
4 2 66
5 3 150
5 2 161
0 2 36
0 0 41
0 1 40
2 0 29
2 1 47
2 2 41
3 1 38
3 2 145
3 3 149
4 0 56
1 1 93
4 1 101
5 1 99
4 2 107
1 2 280
1 3 290
5 2 286
5 3 287
3 1 39
3 2 155
3 3 156
2 0 63
2 1 65
0 1 76
0 0 73
2 2 100
0 2 86
4 0 42
4 1 52
4 2 74
5 1 94
1 1 95
5 3 297
1 3 301
5 2 319
1 2 320
3 1 40
3 3 146
3 2 152
4 0 37
4 2 44
4 1 48
5 1 41
2 0 37
2 1 58
2 2 54
5 2 155
5 3 162
1 1 45
0 0 39
0 2 52
0 1 53
1 2 157
1 3 162
4 0 35
3 1 89
4 1 85
4 2 87
3 3 160
3 2 183
5 1 172
5 3 263
5 2 276
2 0 40
2 1 77
2 2 78
1 1 83
1 3 155
1 2 170
0 0 47
0 1 59
0 2 66
4 0 40
4 2 74
4 1 64
3 1 45
5 1 45
3 3 172
3 2 197
5 3 177
5 2 192
1 1 39
4 0 180
4 1 186
4 2 186
1 3 262
2 0 45
1 2 276
2 1 66
2 2 70
3 1 49
5 1 44
0 0 37
0 1 44
0 2 48
3 3 238
3 2 263
5 3 239
5 2 261
4 0 36
4 1 39
4 2 39
1 1 34
1 2 154
1 3 217
2 0 57
2 1 74
2 2 81
5 1 80
3 1 83
5 3 295
5 2 305
3 3 299
3 2 293
0 0 74
4 2 85
4 0 86
4 1 101
0 1 98
0 2 106
1 1 40
5 1 45
3 1 61
1 3 235
1 2 255
5 3 286
2 0 118
5 2 344
2 1 118
2 2 132
4 0 91
4 1 123
4 2 120
3 2 477
3 3 507
5 1 56
1 1 348
0 1 152
5 3 524
1 3 443
1 2 504
0 0 338
4 2 319
4 1 327
4 0 330
0 2 346
5 2 690
2 1 155
2 0 166
2 2 142
3 3 228
3 1 413
3 2 440
5 1 62
1 1 51
5 3 202
5 2 218
4 0 37
4 1 57
4 2 64
3 1 49
1 3 236
0 0 44
1 2 245
0 1 58
0 2 63
3 3 180
3 2 195
2 0 178
2 2 187
2 1 193
5 1 45
5 2 147
5 3 150
4 0 26
4 1 40
4 2 41
1 1 35
3 1 65
1 2 206
1 3 206
3 3 208
3 2 209
0 0 33
0 2 44
0 1 51
5 1 41
2 0 87
2 1 93
2 2 103
4 0 27
4 1 55
4 2 49
5 3 191
5 2 200
1 1 44
3 1 28
1 2 250
1 3 252
3 2 253
3 3 257
4 0 39
4 2 59
4 1 60
5 1 62
5 3 147
5 2 146
2 0 37
0 0 47
0 1 62
0 2 61
2 1 68
2 2 65
3 1 31
1 1 36
3 2 228
3 3 231
4 0 37
4 1 63
5 1 70
4 2 73
1 2 393
1 3 394
5 3 181
5 2 180
2 0 23
2 1 38
2 2 38
3 1 41
0 0 30
0 1 40
0 2 42
1 1 30
3 2 170
3 3 171
4 0 25
4 1 44
4 2 45
5 1 33
1 2 237
1 3 243
5 2 169
5 3 171
3 1 34
2 0 26
2 1 43
2 2 48
4 0 30
3 2 150
3 3 157
4 2 283
4 1 289
0 0 52
0 1 87
1 1 323
5 1 104
0 2 108
1 2 500
1 3 283
5 2 273
5 3 282
4 0 30
4 1 57
3 1 63
4 2 60
3 3 146
3 2 148
2 0 50
2 1 56
2 2 78
1 1 147
5 1 56
1 3 302
1 2 302
5 2 239
5 3 248
0 0 27
0 2 176
0 1 183
4 0 41
3 1 66
4 1 61
4 2 64
3 3 146
3 2 155
5 1 32
1 1 33
2 0 35
2 1 41
2 2 42
5 2 260
5 3 270
1 2 234
1 3 237
4 0 28
4 2 38
4 1 37
3 1 37
0 0 29
0 1 40
0 2 42
3 3 143
3 2 144
5 1 40
5 3 147
5 2 148
1 1 39
1 2 146
1 3 151
2 1 53
2 2 62
2 0 65
4 2 57
4 0 58
4 1 56
3 1 34
5 1 41
3 2 187
3 3 187
5 2 184
5 3 185
0 0 30
0 1 32
0 2 36
4 0 28
4 1 34
4 2 43
2 0 30
2 2 41
2 1 50
3 1 38
5 1 35
3 2 248
3 3 254
5 2 215
5 3 216
4 0 28
4 1 40
4 2 35
0 0 29
0 1 34
0 2 41
3 1 53
5 1 67
2 0 38
2 1 60
2 2 64
3 2 280
5 3 284
5 2 283
3 3 289
4 0 81
4 1 39
4 2 48
5 1 39
3 1 42
0 0 31
0 1 48
0 2 51
5 3 353
5 2 354
3 3 357
4 0 46
3 2 365
2 0 52
2 1 77
2 2 83
4 2 93
4 1 93
5 1 48
3 1 41
5 2 219
5 3 229
4 0 28
3 2 226
3 3 224
4 1 50
4 2 53
2 0 29
2 1 35
2 2 36
5 1 40
5 2 143
5 3 144
3 1 39
4 0 49
4 1 54
4 2 61
3 3 183
3 2 194
5 1 48
2 0 34
2 1 48
2 2 54
5 3 144
5 2 147
4 0 50
4 1 64
4 2 72
3 1 73
3 3 146
3 2 146
5 1 39
5 3 208
5 2 215
4 0 29
4 1 44
4 2 40
2 0 37
2 1 47
2 2 52
3 1 55
3 2 150
3 3 149
5 1 35
4 0 31
4 1 60
4 2 60
5 2 150
5 3 150
3 1 41
3 2 180
3 3 183
2 0 37
2 2 44
2 1 52
5 1 49
4 0 35
4 2 50
4 1 62
5 2 145
5 3 146
3 1 40
3 3 147
3 2 155
4 0 71
2 0 85
2 2 103
4 2 117
4 1 118
2 1 133
5 1 69
5 2 146
5 3 153
4 0 27
4 2 46
4 1 74
5 1 74
5 3 144
5 2 147
2 0 30
2 2 38
2 1 39
4 0 29
4 2 41
4 1 36
5 1 30
5 3 144
5 2 146
2 0 28
2 2 32
2 1 34
4 0 29
4 1 36
4 2 36
5 1 39
5 2 143
5 3 143
4 1 30
4 0 30
4 2 33
2 0 25
2 1 38
2 2 38
5 1 42
5 3 145
5 2 145
5 1 29
2 0 30
2 2 43
2 1 47
5 2 169
5 3 174
5 1 43
5 3 145
5 2 144
2 0 26
2 1 28
2 2 41
5 1 40
5 3 146
5 2 148
5 1 33
5 2 143
5 3 148
5 1 34
5 2 146
5 3 148
5 1 33
5 3 173
5 2 178
5 1 38
5 2 145
5 3 149
