0 0 310
0 2 422
0 1 429
0 0 32
0 3 86
0 5 305
0 0 44
0 1 59
0 4 328
0 0 30
0 2 47
0 5 290
0 0 31
0 2 48
0 4 327
0 0 27
0 1 59
0 2 72
1 0 30
1 3 104
1 2 113
0 0 29
0 3 37
0 5 307
1 0 27
2 0 28
2 1 97
0 0 26
0 1 51
1 4 619
1 5 930
2 4 914
1 0 74
2 0 46
1 2 108
1 3 110
0 4 790
2 2 135
0 0 27
2 5 480
0 2 43
0 5 321
2 0 26
2 2 40
1 0 88
1 3 44
2 4 478
0 0 24
0 2 48
1 4 570
0 4 371
2 0 34
2 2 64
2 1 79
1 0 26
1 1 37
1 5 295
0 0 33
0 1 57
0 2 68
2 0 24
2 3 39
2 5 299
1 0 24
1 3 62
1 2 79
0 0 83
0 3 97
2 0 24
2 1 57
0 5 459
1 0 23
2 4 528
1 5 516
0 0 38
0 1 46
2 0 24
2 2 38
1 4 943
2 5 497
1 0 31
1 2 73
1 3 76
0 4 734
2 0 78
0 0 28
2 2 116
0 2 70
3 0 23
3 3 60
3 2 65
0 5 561
1 0 25
1 3 41
2 4 720
1 4 345
2 0 41
3 0 40
0 0 50
2 2 153
3 3 153
2 1 165
0 2 137
3 4 470
0 4 549
1 0 27
1 1 44
3 0 22
3 1 36
2 0 23
2 3 41
0 0 29
0 2 67
0 1 68
1 5 625
3 5 767
2 5 735
3 0 25
1 0 34
3 3 86
3 2 105
1 2 80
1 3 115
2 0 27
2 1 53
2 4 291
0 0 28
0 3 45
3 0 22
0 5 372
1 0 24
2 0 27
2 2 41
3 5 888
1 4 968
1 5 1055
3 4 1481
2 5 1134
1 0 25
1 3 81
1 2 89
2 0 26
2 2 153
3 0 26
3 3 82
3 2 119
2 4 382
3 0 22
3 3 45
2 0 34
1 0 25
2 1 99
1 3 80
2 2 115
3 4 358
1 4 447
3 0 26
3 1 43
3 5 290
2 0 25
2 3 61
1 0 23
1 1 68
2 5 427
3 0 32
3 3 61
3 2 75
1 5 446
2 0 26
2 1 35
4 0 24
4 2 36
1 0 22
1 2 57
1 3 63
3 0 23
4 4 816
4 0 22
4 2 57
4 1 64
3 5 799
3 4 853
2 4 1237
1 0 26
3 0 29
2 0 30
3 3 87
3 2 92
2 2 101
4 0 24
4 3 38
3 0 28
3 3 41
1 5 956
2 5 938
4 5 955
1 4 1340
3 4 593
4 0 27
4 1 40
3 0 24
3 1 38
4 4 366
3 5 364
4 0 25
4 2 55
3 0 23
3 3 70
3 2 70
4 5 323
4 0 21
4 2 42
3 0 22
4 4 369
3 5 615
4 0 30
4 2 58
3 4 674
4 1 63
5 0 37
5 1 40
3 0 24
3 2 54
3 3 68
5 5 408
4 0 21
4 3 40
5 0 55
5 3 62
5 2 66
4 5 321
3 0 21
3 3 45
3 4 294
4 0 25
4 1 41
5 0 20
4 4 542
4 0 26
5 5 702
5 4 709
4 2 61
5 0 28
5 3 67
5 2 70
4 5 331
4 0 28
4 2 44
5 0 22
5 3 36
4 4 374
5 4 367
4 0 21
4 1 57
4 2 61
5 0 22
5 1 45
5 5 289
4 0 21
4 3 63
5 0 40
5 2 58
5 3 73
4 5 330
4 0 23
4 1 39
5 0 22
4 4 461
5 4 570
4 0 24
4 2 37
5 5 693
5 0 29
5 2 69
5 3 71
4 5 356
4 0 24
4 2 41
5 0 23
5 3 39
4 4 300
5 4 308
5 0 23
5 1 57
5 5 287
5 0 25
5 2 53
5 3 63
5 0 25
5 4 525
5 5 570
5 0 29
5 2 65
5 3 68
5 0 23
5 3 38
5 4 295
5 0 23
5 1 77
5 5 286
