0 1 446
0 4 458
0 3 460
0 0 488
0 5 463
0 6 471
0 2 481
0 0 106
0 5 104
0 1 118
0 4 117
0 6 126
0 2 127
0 3 129
0 3 89
0 6 97
0 1 96
0 2 104
0 4 105
0 0 115
0 5 121
0 3 92
0 0 98
0 1 111
0 6 100
0 5 112
0 2 115
0 4 115
0 5 177
0 1 178
0 2 186
0 0 197
0 4 192
0 3 198
0 6 196
0 0 88
0 2 92
0 6 90
0 1 103
0 5 98
0 4 99
0 3 107
0 3 98
0 1 103
0 2 106
0 4 102
0 6 104
0 5 109
0 0 112
0 5 77
0 4 83
0 3 84
0 6 96
0 1 97
0 0 98
0 2 100
0 3 83
0 1 87
0 5 83
0 0 99
0 6 100
0 4 101
0 2 102
0 5 92
0 2 89
0 4 92
0 6 133
0 1 107
0 3 107
0 0 133
0 3 80
0 5 83
0 6 83
0 1 96
0 4 96
0 0 103
0 2 102
0 5 62
0 2 71
0 0 94
0 3 110
0 1 119
0 6 116
0 4 118
0 0 116
0 4 89
0 6 92
0 3 108
0 5 112
0 2 112
0 1 113
0 6 85
0 1 91
0 3 92
0 5 105
0 2 110
0 0 108
0 4 104
0 1 82
0 5 87
0 2 88
0 6 89
0 0 98
0 4 98
0 3 109
0 2 113
0 4 114
0 6 116
0 1 130
0 3 131
0 0 132
0 5 131
0 6 80
0 2 85
0 5 102
0 3 105
0 0 107
0 4 107
0 1 107
0 5 88
0 4 88
0 6 89
0 3 106
0 1 107
0 2 108
0 0 111
0 6 79
0 2 82
0 5 82
0 0 92
0 1 97
0 3 100
0 4 97
0 1 86
0 4 85
0 2 86
0 0 101
0 5 100
0 6 100
0 3 103
0 5 84
0 3 85
0 6 86
0 0 99
0 4 99
0 2 100
0 1 101
0 5 78
0 6 76
0 1 84
0 4 89
0 2 91
0 3 94
0 0 94
0 2 81
0 5 83
0 4 85
0 0 99
0 6 99
0 1 100
0 3 100
0 4 77
0 5 79
0 6 77
0 1 97
0 3 97
0 0 98
0 2 98
0 2 77
0 4 80
0 5 86
0 3 101
0 6 102
0 1 102
0 0 101
0 3 83
0 1 83
0 4 79
0 0 97
0 6 94
0 5 98
0 2 100
0 6 80
0 4 81
0 5 84
0 2 98
0 1 98
0 3 99
0 0 100
