0 0 691
0 6 713
0 3 768
0 5 807
0 1 903
0 4 906
0 2 927
0 1 480
0 4 517
0 5 546
0 3 565
0 0 613
0 2 618
0 6 633
0 2 495
0 1 514
0 0 552
0 6 546
0 4 587
0 5 589
0 3 605
0 2 496
0 3 512
0 6 520
0 1 571
0 4 528
0 5 616
0 0 618
0 5 417
0 1 532
0 3 549
0 6 488
0 2 567
0 0 598
0 4 599
0 6 444
0 5 460
0 4 517
0 1 527
0 0 580
0 2 588
0 3 600
0 6 465
0 2 490
0 4 494
0 1 523
0 5 527
0 0 533
0 3 550
0 4 402
0 6 585
0 5 604
0 3 596
0 0 645
0 2 633
0 1 662
0 3 541
0 6 538
0 2 569
0 4 557
0 0 563
0 1 573
0 5 563
0 0 507
0 4 530
0 5 540
0 3 569
0 1 625
0 2 634
0 6 615
0 5 466
0 2 487
0 3 508
0 1 516
0 4 519
0 6 534
0 0 548
0 3 445
0 0 484
0 4 497
0 2 514
0 5 531
0 1 543
0 6 544
0 4 475
0 0 539
0 5 569
0 2 581
0 1 587
0 3 579
0 6 594
0 2 345
0 6 512
0 5 583
0 3 540
0 0 618
0 4 609
0 1 641
0 4 392
0 5 474
0 2 500
0 0 537
0 3 557
0 1 596
0 6 549
0 6 414
0 5 421
0 0 504
0 4 534
0 1 566
0 3 570
0 2 580
0 6 419
0 4 501
0 0 558
0 5 549
0 3 550
0 1 585
0 2 567
0 3 461
0 0 508
0 6 502
0 2 553
0 4 569
0 5 574
0 1 576
0 2 492
0 0 499
0 4 502
0 3 521
0 5 515
0 1 546
0 6 546
0 2 442
0 6 450
0 3 476
0 1 523
0 0 551
0 5 565
0 4 565
0 4 388
0 1 498
0 0 500
0 5 494
0 3 503
0 6 530
0 2 533
0 1 448
0 0 457
0 3 519
0 2 543
0 6 542
0 5 550
0 4 558
0 0 462
0 6 474
0 3 503
0 2 550
0 1 562
0 5 576
0 4 574
0 4 353
0 3 448
0 1 522
0 2 527
0 0 539
0 5 544
0 6 553
0 1 426
0 3 432
0 2 469
0 5 493
0 0 508
0 6 546
0 4 562
0 3 415
0 0 444
0 6 481
0 2 499
0 1 508
0 5 506
0 4 522
0 2 466
0 0 475
0 4 458
0 1 505
0 3 495
0 5 506
0 6 523
