0 0 283
0 3 428
0 2 465
0 0 69
0 2 190
0 3 224
0 0 65
0 2 195
0 3 196
0 0 75
0 3 170
0 2 275
0 0 65
0 3 220
0 2 233
0 0 88
0 2 295
0 3 310
0 0 115
0 2 250
0 3 300
1 0 245
1 2 445
1 3 657
0 0 106
0 3 302
0 2 372
1 0 149
1 3 312
1 2 363
0 0 119
0 3 280
0 2 281
1 0 87
1 2 237
1 3 462
0 0 63
0 2 218
0 3 248
1 0 76
1 3 317
1 2 336
0 0 58
0 3 259
0 2 302
1 0 187
1 2 302
1 3 544
0 0 99
0 2 259
0 3 253
1 0 78
1 3 254
1 2 301
0 0 68
0 3 136
0 2 337
1 0 158
1 1 256
1 2 311
0 0 61
0 2 177
0 3 198
1 0 123
2 0 142
2 3 311
1 2 317
2 1 423
1 3 448
0 0 102
2 0 86
1 0 82
0 2 468
0 3 669
2 1 407
1 2 490
1 1 641
0 0 70
2 3 782
2 0 65
0 2 393
0 3 451
1 0 86
2 1 366
2 3 450
1 3 287
1 2 485
3 0 261
2 0 97
0 0 111
1 0 77
3 2 849
3 3 855
2 3 798
0 2 893
1 3 486
2 1 960
0 3 997
1 2 856
3 0 84
2 0 180
0 0 165
1 0 66
3 3 773
3 2 930
0 2 843
2 3 912
2 1 1081
1 2 838
0 3 1083
3 0 88
1 3 1007
0 0 82
2 0 71
3 2 506
3 3 621
1 0 187
3 0 60
0 2 911
1 3 837
2 3 928
2 1 944
0 3 1036
1 2 927
3 3 579
3 2 749
0 0 74
1 0 188
2 0 103
4 0 262
4 1 274
3 0 93
0 3 807
4 1 93
4 0 99
0 0 83
2 3 1298
1 2 1444
1 1 1497
0 2 1646
2 1 1492
3 3 1219
3 2 1235
4 2 1468
4 1 280
4 0 282
2 0 258
1 0 113
0 3 1063
3 0 66
4 0 73
4 1 77
0 0 471
4 2 1555
4 2 2234
0 2 2218
4 0 72
4 1 65
2 3 1967
1 2 1781
2 1 2075
3 3 1709
1 3 1898
3 2 1779
4 2 1639
0 2 1721
1 0 277
4 1 138
4 0 140
2 0 301
4 2 1045
3 0 80
0 3 1929
0 0 66
4 1 64
2 1 1046
4 2 943
4 0 388
2 0 73
1 3 1377
2 3 1375
1 2 1393
3 2 1180
0 2 910
3 3 1282
0 3 1009
4 2 827
4 0 218
4 1 244
1 0 94
2 1 867
0 0 101
3 0 86
2 0 92
2 3 1203
4 1 73
4 0 72
4 2 995
1 3 944
1 2 1085
0 3 862
3 2 1009
2 3 985
3 3 1069
0 2 1101
2 1 1048
4 2 967
0 0 117
4 1 121
4 0 128
1 0 168
3 0 75
2 0 66
1 2 739
4 0 95
4 1 85
5 0 90
1 0 1769
4 2 3346
0 3 3437
1 1 3664
0 2 3667
2 3 3518
3 3 3559
0 0 81
3 2 3878
2 1 3940
4 2 3393
5 3 3388
2 0 220
3 0 70
5 2 3682
1 2 3147
1 3 3429
5 0 66
1 0 66
0 3 1422
0 2 1427
2 3 1319
3 3 1166
2 1 1372
3 2 1478
5 3 1180
1 3 934
0 0 295
5 2 1451
1 2 1218
2 0 85
3 0 218
5 0 82
1 0 68
2 1 792
0 3 1145
0 2 1347
2 0 70
3 2 1168
1 3 1137
2 3 1566
0 0 85
3 3 1621
3 0 64
5 3 1627
1 2 1672
1 0 84
5 2 1757
2 1 1369
5 0 192
2 0 78
2 3 1743
3 3 1028
0 3 1353
0 2 1424
1 1 1046
3 0 84
1 2 1352
1 0 79
0 0 102
3 2 1675
5 2 1224
2 1 1180
2 3 1188
5 3 1434
2 0 62
5 0 76
1 1 907
0 2 923
1 0 68
0 3 1304
0 0 66
3 3 1516
3 2 1807
1 2 1802
2 3 1329
5 2 1313
3 0 230
2 1 1753
5 3 1634
2 0 63
1 3 1318
1 2 1387
5 0 64
0 3 1353
0 2 1397
1 0 61
3 3 998
0 0 73
2 1 1202
3 0 63
3 2 1806
2 0 75
5 2 1255
5 1 1350
2 3 1754
1 1 1537
5 0 78
1 0 76
1 2 1694
0 3 1512
3 3 1383
2 3 1025
0 2 1740
5 3 822
3 2 1798
0 0 80
2 1 1445
5 2 1120
3 0 78
2 0 76
1 3 1067
1 2 1181
5 0 68
1 0 68
0 3 1190
3 3 985
2 3 1090
0 2 1350
2 1 1389
1 2 756
3 2 1658
5 2 1388
0 0 233
3 0 94
5 3 1724
2 0 220
1 3 1419
1 0 65
5 0 58
3 2 1035
3 3 1190
0 3 1446
2 1 1241
0 2 1616
1 2 1060
2 3 1553
5 3 1224
2 0 263
3 0 86
1 3 1359
0 0 73
5 2 1380
1 0 65
5 0 88
2 3 1114
0 2 966
3 2 1175
2 1 1380
0 3 1128
3 3 1332
0 0 78
2 0 69
1 2 1222
3 0 74
5 3 1245
1 3 1556
1 0 218
5 2 1896
5 0 69
2 3 1145
0 2 1213
0 3 1260
3 3 1138
2 1 1369
3 2 1275
1 3 782
1 2 1085
5 3 948
0 0 245
5 2 1173
2 0 241
3 0 88
1 0 60
5 0 64
0 2 801
2 1 990
2 0 289
0 0 70
2 3 1406
0 3 1467
3 3 1310
5 2 941
3 2 1387
1 3 1321
1 2 1393
5 3 1366
3 0 68
5 0 77
1 0 88
2 3 1233
2 1 1442
2 0 60
0 3 1395
5 3 621
1 2 861
3 3 1184
3 2 1195
0 2 1838
0 0 241
5 2 1304
5 0 70
1 3 1353
1 0 70
3 0 85
2 1 1344
2 0 69
2 3 1546
0 3 1266
0 2 1284
5 3 1075
1 2 1223
3 3 1025
1 3 1302
5 2 1432
3 2 1107
2 3 874
2 1 1116
0 0 218
5 0 85
3 0 78
1 0 80
2 0 66
0 3 1027
5 2 903
0 2 1311
3 2 1051
1 2 1134
1 3 1336
5 0 249
0 0 247
5 3 1646
3 3 1372
2 3 1256
2 1 1337
3 0 81
1 0 68
2 0 61
5 2 948
0 3 1264
0 2 1310
5 0 72
5 3 1504
3 2 1035
1 3 1007
3 3 1288
1 2 1259
2 3 1294
5 3 682
2 1 1360
5 2 770
3 0 220
1 0 78
2 0 82
5 0 86
1 3 662
3 3 877
3 2 938
1 2 859
2 3 591
5 3 771
2 1 811
5 2 846
1 0 109
3 0 85
2 0 65
5 0 70
1 3 632
3 3 759
1 2 990
2 3 758
3 2 1052
5 3 691
2 1 859
1 0 90
3 0 76
5 2 1099
5 0 63
1 1 576
3 3 458
2 0 65
1 2 907
5 3 628
3 2 769
1 0 77
3 0 75
5 2 1018
2 3 779
5 0 64
2 1 984
2 0 60
3 3 765
1 3 898
1 2 934
5 3 639
2 3 560
3 0 84
5 2 1161
3 2 1548
1 0 198
5 0 62
2 0 62
3 3 613
2 1 1556
1 3 930
3 0 64
5 1 827
2 3 745
5 0 84
3 2 1503
2 0 61
3 3 686
1 2 1776
5 3 503
2 1 1673
5 2 1778
2 3 558
3 0 74
5 2 915
3 2 1444
5 0 58
2 1 1038
3 3 503
2 0 61
5 3 470
5 2 690
3 2 995
2 3 563
3 0 65
2 1 657
3 3 429
5 0 69
3 2 439
2 0 67
5 2 370
5 3 650
2 3 564
2 1 600
3 0 77
3 2 267
3 3 267
5 0 72
5 3 346
2 0 60
5 2 436
3 0 66
2 3 340
2 1 553
5 0 74
3 3 491
5 3 239
3 2 662
5 2 325
2 0 62
3 0 57
2 1 238
2 3 256
5 0 76
5 3 229
3 2 548
3 3 562
5 2 552
2 0 63
3 0 62
5 0 57
2 3 447
2 1 545
3 3 563
5 2 368
5 3 415
3 2 754
3 0 67
5 0 72
3 2 366
5 3 326
3 3 389
5 2 412
3 0 58
5 0 60
3 3 309
3 2 379
5 3 324
5 2 396
3 0 81
5 0 70
3 2 333
3 3 331
5 2 345
5 3 348
3 0 82
3 2 324
3 3 326
5 0 59
5 3 240
5 2 286
5 0 58
5 2 214
5 1 246
5 0 99
5 3 206
5 2 233
5 0 75
5 3 214
5 2 240
5 0 56
5 1 211
5 2 233
5 0 59
5 3 192
5 2 234
5 0 55
5 3 166
5 2 184
5 0 58
5 3 167
5 2 191
