0 5 703
0 4 707
0 0 722
0 2 727
0 1 731
0 3 733
0 6 740
0 5 274
0 4 291
0 0 341
0 6 355
0 2 380
0 1 386
0 3 377
0 4 287
0 6 302
0 3 325
0 5 339
0 1 361
0 2 368
0 0 369
0 5 255
0 6 272
0 3 320
0 4 329
0 1 358
0 0 359
0 2 366
0 3 260
0 6 277
0 1 322
0 5 323
0 4 350
0 0 355
0 2 357
0 3 252
0 5 270
0 4 311
0 0 321
0 2 338
0 1 343
0 6 348
0 2 209
0 5 217
0 1 270
0 4 272
0 0 299
0 6 304
0 3 306
0 2 264
0 0 283
0 5 324
0 6 324
0 3 349
0 1 367
0 4 362
0 0 201
0 5 199
0 6 258
0 4 262
0 3 294
0 1 298
0 2 298
0 4 268
0 5 273
0 3 321
0 6 326
0 1 367
0 0 368
0 2 372
0 6 189
0 5 191
0 4 256
0 3 256
0 1 293
0 2 295
0 0 294
0 4 267
0 6 263
0 3 326
0 5 323
0 2 364
0 1 369
0 0 369
0 6 201
0 5 199
0 0 255
0 2 254
0 1 291
0 3 294
0 4 294
0 6 221
0 5 224
0 2 279
0 3 280
0 0 317
0 1 318
0 4 319
0 6 195
0 3 195
0 0 293
0 2 295
0 4 316
0 1 325
0 5 326
0 5 217
0 2 215
0 6 277
0 4 282
0 0 369
0 3 360
0 1 361
0 3 279
0 4 196
0 6 337
0 5 341
0 1 388
0 0 388
0 2 392
0 5 188
0 4 192
0 6 247
0 3 248
0 0 291
0 2 293
0 1 298
0 3 230
0 5 230
0 2 282
0 1 285
0 6 314
0 4 316
0 0 318
0 6 284
0 5 337
0 3 347
0 4 366
0 2 386
0 1 389
0 0 392
0 5 193
0 6 192
0 1 248
0 3 244
0 0 286
0 2 289
0 4 291
0 4 182
0 5 184
0 6 237
0 3 247
0 0 289
0 2 271
0 1 278
0 5 187
0 6 192
0 3 250
0 4 253
0 2 287
0 0 293
0 1 294
0 6 184
0 5 181
0 3 242
0 4 242
0 2 397
0 1 400
0 0 402
0 5 185
0 4 188
0 3 245
0 6 247
0 2 281
0 1 285
0 0 289
0 6 191
0 5 190
0 0 254
0 4 248
0 1 288
0 3 291
0 2 290
0 0 186
0 6 190
0 1 247
0 4 253
0 5 287
0 2 288
0 3 290
