0 2 465
0 3 508
0 3 280
0 0 311
0 2 320
0 1 1592
0 2 269
0 0 303
0 3 433
0 1 243
0 2 287
0 0 300
0 3 364
0 2 450
0 1 590
1 0 454
1 1 507
1 2 560
0 1 670
1 2 611
2 1 935
0 2 742
2 2 1119
2 0 1178
1 3 917
1 1 975
0 0 1102
0 1 798
0 2 842
2 3 881
0 0 924
2 2 908
1 1 692
2 0 1043
1 0 725
1 2 739
3 0 120
0 2 1005
0 3 1039
0 0 1077
1 2 1077
2 1 1005
1 3 1160
1 0 1216
2 3 1227
2 2 1593
3 1 1067
3 0 105
3 2 1472
0 1 1178
0 0 1230
1 2 1153
3 1 1185
2 1 1040
3 0 93
0 2 1682
3 2 1666
1 1 1686
1 0 1684
2 2 1407
2 3 1645
3 1 901
0 0 1135
0 1 1156
3 2 961
3 0 66
0 2 1486
1 3 943
3 1 870
1 1 1028
2 2 1087
2 3 1096
0 3 949
0 0 965
3 0 246
2 0 1393
1 2 1452
0 2 1250
3 2 1323
3 2 902
3 1 930
1 3 816
3 0 66
1 1 1002
0 2 902
2 3 699
1 2 1116
0 0 1012
2 2 803
2 1 809
0 3 1225
3 1 624
3 0 233
1 0 483
1 2 743
3 2 1450
3 3 1180
0 3 1199
2 2 1102
0 2 1291
2 1 1250
2 3 1248
0 1 1503
1 1 1816
3 2 1703
3 0 71
1 0 915
1 2 1089
1 3 1171
3 1 830
3 3 1008
3 0 69
0 0 846
2 2 913
0 2 979
2 3 1127
0 1 1113
2 1 1204
1 1 902
1 3 928
3 2 680
1 2 974
3 1 716
3 0 69
0 2 673
0 0 729
0 3 802
2 1 939
1 1 903
2 2 1089
2 0 1191
3 2 1018
3 3 1033
1 0 1276
1 2 1254
3 0 66
0 3 1011
0 2 1020
0 0 1270
2 0 888
3 3 834
1 3 1013
2 2 1037
3 1 959
1 0 1106
1 2 1101
2 3 1099
0 1 441
3 0 70
0 0 631
0 2 836
3 2 546
1 1 870
1 3 870
2 3 939
3 3 1038
3 0 73
2 1 1123
1 2 1147
2 2 1378
0 1 1051
0 3 1105
3 3 892
3 1 1053
1 2 825
3 0 62
1 1 996
1 3 1006
2 1 802
2 2 880
2 3 952
0 0 776
0 1 766
0 2 838
3 1 756
3 2 786
3 0 76
2 2 713
2 1 899
2 3 1037
1 0 1058
3 2 964
1 3 1109
1 2 1162
3 3 1091
0 2 1061
0 1 1088
0 0 1195
3 0 81
2 2 695
2 3 790
2 0 802
1 2 779
1 1 988
3 1 1041
3 2 1071
1 3 1042
0 3 949
0 0 1013
3 0 77
0 2 1141
2 2 670
2 0 794
3 2 826
2 1 931
3 1 1049
1 3 940
3 0 74
0 0 878
1 1 1015
0 2 887
0 1 1057
1 2 1181
3 3 753
2 2 846
2 1 971
3 1 993
3 0 70
2 0 1151
1 2 912
0 0 957
0 3 949
0 2 1010
1 0 1027
1 1 1039
2 0 431
3 2 849
2 1 751
3 3 1206
2 2 942
3 0 66
1 2 685
0 2 875
1 0 908
0 0 1152
0 1 1282
1 3 1127
3 3 850
3 2 886
2 3 904
2 1 916
2 2 1153
3 0 273
1 2 980
0 1 748
1 0 1112
1 3 1161
0 3 940
0 2 1050
2 0 884
2 3 895
3 2 1053
3 1 1065
2 2 935
3 0 67
1 2 584
1 3 587
1 0 712
0 0 1028
2 3 824
0 2 1118
2 2 874
0 1 1042
2 0 1024
3 3 1047
3 1 1079
1 0 433
1 2 687
1 1 731
3 0 75
0 3 734
0 0 785
2 1 946
3 1 903
2 2 980
2 0 1173
0 2 1293
3 0 79
3 3 1324
1 3 964
1 2 1019
1 1 1157
3 3 676
0 0 1016
3 1 1081
0 3 1134
3 0 65
2 2 1093
0 2 1362
2 1 1357
1 3 800
2 0 1531
1 2 1004
3 2 988
3 1 999
1 0 1283
0 3 604
0 1 1035
3 0 65
0 2 1111
2 2 856
2 3 926
2 0 1098
1 3 571
1 2 707
1 1 810
3 3 1048
3 2 1185
0 3 735
0 2 972
2 1 695
3 0 86
2 0 767
2 2 796
0 1 1463
1 2 747
1 0 819
3 1 1011
1 3 1313
3 0 61
3 2 1204
2 3 971
2 2 1139
0 2 1077
2 0 1207
0 0 1149
0 1 1184
3 2 634
1 2 750
1 3 759
3 1 838
1 1 953
3 0 68
0 0 923
0 3 930
2 1 1019
0 2 1104
2 0 1132
3 3 944
3 2 1196
1 1 1047
2 2 1441
1 3 1059
1 2 1103
3 0 65
0 1 936
2 2 922
2 3 1058
0 2 1098
3 3 858
2 1 1177
0 0 1225
1 3 658
3 1 1002
1 1 720
1 2 725
3 0 64
0 1 701
0 0 761
0 2 816
3 1 872
2 1 725
3 0 65
2 2 825
3 2 1256
1 1 1018
2 0 1158
1 0 1173
1 2 1202
0 2 728
0 0 775
0 1 794
3 1 1069
3 2 1117
3 0 77
2 3 1034
2 1 1068
2 2 1099
1 3 1106
1 2 1148
1 1 1170
3 1 736
3 2 789
3 0 65
0 0 1112
0 2 1114
0 3 1157
3 3 856
2 2 955
2 3 977
2 0 1024
1 2 840
3 1 1100
1 3 1138
3 0 188
1 0 1177
0 2 845
0 1 848
0 0 1011
2 0 749
3 3 1041
2 2 882
3 1 1276
2 3 1061
3 0 70
1 3 804
1 1 894
1 2 1072
0 3 978
0 0 1178
0 2 1177
3 2 770
2 3 816
3 3 959
2 0 885
2 2 1001
3 0 62
1 2 729
1 3 779
1 1 933
0 2 810
3 3 794
0 0 934
2 3 815
0 1 1183
2 2 893
3 1 1296
3 0 70
2 0 1185
1 3 998
1 2 1007
1 1 1141
3 3 759
0 2 702
3 1 1054
0 1 1002
0 3 1101
3 0 65
2 3 802
2 0 1003
2 2 1035
1 2 572
3 3 465
1 0 645
3 2 539
1 1 660
3 0 78
2 3 569
2 0 656
3 2 620
1 1 620
2 2 825
3 1 772
1 3 734
1 2 733
2 3 412
2 2 432
2 0 441
1 0 326
1 2 329
1 3 331
2 2 230
2 3 246
2 0 364
1 0 275
1 1 288
1 2 296
2 0 203
2 2 257
2 3 275
1 0 234
1 3 276
1 2 280
2 1 233
2 3 286
2 2 296
2 2 238
2 3 360
2 1 364
