0 0 313
0 1 417
0 2 418
0 0 49
0 2 151
0 1 167
1 1 157
1 3 161
1 2 169
0 0 32
0 1 147
0 2 146
1 1 150
1 2 152
1 3 190
0 0 57
0 1 152
1 3 146
1 2 186
0 2 239
1 1 302
1 3 191
1 1 200
1 2 202
0 0 87
0 1 189
0 2 197
1 3 146
1 1 148
1 2 150
0 0 31
0 1 146
0 2 147
1 3 149
1 1 150
1 2 148
0 0 37
0 1 146
0 2 146
1 3 147
1 2 147
1 1 147
2 0 30
0 0 30
2 1 154
2 2 155
0 1 209
0 2 235
1 3 162
1 2 170
1 1 196
2 0 32
2 1 146
2 2 154
0 0 32
1 3 144
1 2 155
0 1 150
1 1 242
0 2 263
2 0 27
2 1 145
2 2 211
1 3 146
1 2 147
1 1 205
0 0 30
0 2 148
0 1 148
2 0 36
1 2 185
1 3 153
2 1 152
1 1 320
2 2 286
0 0 33
0 1 150
0 2 158
3 3 143
3 2 147
3 1 159
2 0 34
1 2 149
1 3 150
2 1 150
1 1 238
2 2 241
3 2 145
3 1 147
3 3 147
0 0 28
0 1 148
0 2 145
2 0 292
1 2 397
1 3 406
1 1 434
2 1 406
3 3 163
3 2 166
2 2 479
3 1 299
0 0 30
0 1 149
0 2 183
1 3 143
1 2 146
1 1 187
2 0 34
2 1 152
3 3 146
3 2 156
2 2 293
3 1 293
0 0 30
1 3 144
1 2 148
1 1 192
0 1 150
0 2 196
2 0 33
3 3 153
3 2 163
2 1 160
3 1 259
2 2 254
1 3 148
1 2 150
1 1 151
0 0 33
3 3 144
3 2 149
3 1 225
2 0 33
0 1 181
2 1 180
0 2 297
2 2 235
4 0 28
4 1 289
4 2 432
1 2 306
1 3 298
3 3 298
3 2 305
1 1 370
0 0 41
2 0 67
3 1 483
4 0 36
0 1 297
2 1 302
0 2 416
2 2 410
4 1 274
4 2 407
1 3 234
1 2 257
3 3 230
3 2 247
1 1 335
3 1 306
4 0 60
2 0 59
0 0 31
4 1 390
4 2 408
2 1 408
0 1 366
2 2 458
3 3 264
3 2 274
1 3 263
1 2 274
0 2 509
3 1 461
4 0 27
1 1 457
4 1 146
4 2 172
2 0 26
2 1 188
2 2 209
0 0 40
0 1 171
3 3 232
3 2 250
1 3 245
4 0 36
1 2 257
4 1 150
3 1 452
0 2 482
1 1 477
4 2 383
2 0 34
3 3 145
3 2 146
2 1 161
4 0 31
3 1 282
1 3 149
1 2 148
4 1 158
0 0 28
2 2 418
0 1 148
1 1 486
4 2 616
0 2 486
4 0 44
3 2 150
3 3 160
4 1 153
2 0 28
3 1 253
2 1 158
1 3 146
1 2 149
4 2 379
2 2 369
1 1 350
0 0 28
0 1 145
0 2 147
4 0 28
4 1 152
3 3 143
3 2 151
4 2 253
3 1 250
2 0 35
1 2 209
1 3 209
2 1 149
1 1 291
2 2 241
4 0 32
4 1 154
5 3 185
5 2 191
0 0 30
4 2 306
3 3 188
3 2 192
0 1 149
5 1 403
3 1 405
0 2 382
1 3 150
1 2 163
4 0 33
2 0 36
1 1 244
5 3 362
5 2 382
2 1 498
4 1 500
3 3 148
3 2 164
4 2 645
2 2 647
0 0 33
4 0 28
5 1 681
0 1 239
1 3 147
1 2 152
4 1 233
2 0 31
5 3 145
5 2 151
2 1 148
3 1 705
4 2 609
0 2 756
1 1 670
4 0 30
3 2 154
3 3 158
4 1 151
5 1 639
2 2 916
0 0 36
1 3 316
3 1 687
1 2 346
2 0 32
4 2 680
5 3 187
5 2 200
0 1 301
4 0 32
2 1 329
3 2 146
3 3 146
4 1 226
1 1 846
2 2 657
1 2 146
1 3 145
5 1 872
0 2 895
4 2 656
0 0 53
2 0 44
4 0 47
3 1 1046
5 3 193
5 2 196
1 1 718
0 1 430
2 1 452
4 1 449
3 3 187
3 2 199
0 2 646
1 3 189
1 2 199
2 2 860
5 1 787
4 2 873
3 1 608
4 0 44
2 0 43
0 0 42
1 1 877
5 2 210
5 3 224
3 3 226
3 2 244
4 1 588
2 1 584
0 1 584
1 3 144
1 2 158
2 2 846
4 2 920
0 2 924
4 0 37
2 0 31
5 1 794
3 1 794
0 0 33
1 1 816
4 1 445
2 1 456
0 1 407
5 3 222
5 2 227
3 3 284
3 2 301
1 3 204
1 2 217
4 2 815
2 2 835
0 2 906
4 0 31
2 0 31
5 1 819
3 1 814
0 0 32
4 1 267
2 1 343
1 1 838
0 1 251
5 2 230
5 3 229
3 3 240
3 2 245
2 2 803
4 2 835
1 3 307
1 2 320
4 0 27
0 2 745
4 1 150
2 0 28
2 1 149
3 1 781
5 1 859
1 1 768
0 0 50
4 2 708
2 2 616
4 0 82
0 1 247
4 1 230
5 3 391
5 2 394
3 3 410
3 2 421
1 3 300
1 2 302
2 0 26
2 1 145
0 2 827
3 1 800
1 1 639
5 1 834
4 2 768
2 2 606
4 0 58
0 0 47
4 1 345
0 1 338
2 0 28
3 2 459
3 3 465
2 1 147
1 3 413
5 3 411
1 2 429
5 2 427
0 2 723
4 2 736
4 0 26
3 1 745
5 1 748
1 1 935
4 1 313
0 0 34
0 1 152
2 2 881
2 0 29
4 2 739
3 3 357
3 2 368
2 1 154
4 0 27
5 3 367
1 3 361
5 2 372
1 2 378
4 1 148
3 1 773
0 2 910
5 1 938
1 1 931
0 0 38
2 2 884
4 2 768
0 1 211
2 0 55
4 0 120
3 3 211
3 2 220
4 1 348
2 1 294
1 3 286
5 3 273
1 2 312
5 2 296
3 1 656
0 2 959
4 2 853
4 0 39
0 0 38
5 1 884
1 1 1010
3 3 186
3 2 194
2 2 1184
4 1 314
2 0 34
5 3 189
5 2 217
2 1 153
1 3 187
1 2 209
4 2 606
4 0 29
0 2 782
4 1 148
5 1 817
1 1 722
3 1 1145
0 0 40
4 2 507
2 2 906
0 1 292
2 0 98
4 0 96
2 1 326
4 1 327
5 3 422
0 2 714
5 2 444
1 3 432
1 2 447
3 3 353
3 2 375
1 1 640
5 1 800
3 1 681
4 2 799
0 0 33
2 2 845
4 0 47
2 0 38
0 1 508
1 2 406
1 3 425
4 1 488
2 1 449
0 2 694
5 3 472
5 2 477
3 3 324
3 2 332
1 1 808
4 2 846
3 1 631
4 0 30
5 1 834
2 2 963
0 0 55
2 0 107
4 1 326
0 1 377
1 3 370
1 2 376
2 1 344
3 3 402
3 2 410
5 3 308
5 2 315
4 2 754
4 0 27
4 1 145
1 1 808
0 2 830
2 2 818
3 1 861
5 1 740
2 0 52
0 0 70
1 2 206
1 3 233
4 2 766
0 1 341
4 0 27
2 1 349
3 2 277
3 3 303
5 2 230
5 3 235
4 1 176
1 1 884
2 2 752
0 2 804
3 1 827
2 0 31
4 2 735
1 2 152
1 3 165
5 1 860
0 0 192
4 0 198
2 1 378
3 3 148
3 2 165
0 1 469
4 1 467
5 3 143
5 2 159
1 1 733
2 2 881
1 3 143
1 2 146
2 0 25
4 2 926
0 2 927
3 1 790
4 0 33
2 1 209
5 1 862
0 0 122
4 1 354
3 3 146
3 2 151
0 1 300
1 1 763
5 3 145
5 2 148
2 2 901
4 2 895
2 0 32
1 3 143
1 2 151
4 0 37
3 1 857
0 2 908
2 1 278
4 1 274
0 0 34
5 1 949
0 1 150
3 3 144
3 2 149
1 1 782
5 3 143
5 2 147
2 2 732
4 2 836
4 0 28
2 0 25
3 1 672
0 2 689
5 1 631
4 1 258
2 1 255
3 3 207
3 2 206
0 0 42
4 2 587
2 2 550
5 2 148
5 3 145
0 1 148
4 0 27
4 1 143
3 1 561
0 2 510
5 1 517
2 0 32
4 2 596
2 1 151
3 3 144
3 2 157
4 0 28
5 3 192
5 2 197
4 1 147
0 0 25
2 2 484
3 1 491
0 1 145
5 1 531
4 2 490
0 2 354
4 0 33
2 0 32
3 3 234
3 2 237
5 3 188
3 1 334
5 2 193
4 1 284
2 1 282
5 1 486
2 2 458
4 2 493
0 0 30
4 0 30
0 1 263
3 2 261
3 3 263
4 1 256
0 2 377
5 2 262
5 3 216
2 0 27
2 1 145
3 1 512
4 2 615
5 1 596
2 2 372
4 0 28
4 1 200
4 2 285
0 0 32
0 1 158
3 3 282
3 2 290
5 3 284
5 2 289
3 1 428
5 1 439
2 0 181
4 0 31
0 2 541
2 1 285
4 1 281
2 2 519
4 2 363
3 3 289
3 2 298
5 3 292
5 2 300
3 1 381
5 1 379
4 0 31
2 0 25
4 1 168
4 2 169
2 1 208
2 2 219
5 2 276
5 1 283
5 3 276
3 2 279
3 3 278
3 1 283
4 0 25
4 2 145
4 1 148
2 0 28
2 1 151
5 3 232
5 2 241
3 3 225
3 2 233
5 1 353
2 2 384
3 1 363
5 3 145
5 1 146
5 2 147
2 0 31
3 3 151
3 2 153
3 1 170
2 1 149
2 2 212
5 2 145
5 1 145
5 3 145
3 2 146
3 1 147
3 3 146
5 1 146
5 3 145
5 2 147
5 3 144
5 2 144
5 1 144
5 1 145
5 3 145
5 2 145
5 2 145
5 1 145
5 3 145
5 1 146
5 2 146
5 3 145
5 1 145
5 2 145
5 3 144
5 1 145
5 2 145
5 3 147
5 1 145
5 3 146
5 2 146
5 2 145
5 1 145
5 3 145
5 1 148
5 2 145
5 3 146
5 3 147
5 2 148
5 1 149
5 3 144
5 1 151
5 2 151
