0 0 372
0 3 557
0 1 565
0 0 61
0 1 199
0 3 237
0 0 73
0 3 194
0 1 401
0 0 102
0 1 174
0 3 228
0 0 81
0 3 180
0 1 396
0 0 74
0 1 190
0 3 237
0 0 86
0 1 252
0 3 293
0 0 67
0 1 187
0 3 359
1 0 211
1 2 324
1 3 366
0 0 74
0 1 248
0 3 329
1 0 52
1 3 128
1 2 164
0 0 115
0 1 202
0 3 215
1 0 58
1 2 157
1 3 169
0 0 73
0 1 194
0 3 258
1 0 121
1 2 200
1 3 230
0 0 53
0 1 169
0 3 244
1 0 60
1 2 124
1 3 173
2 0 128
2 1 152
2 3 298
0 0 58
0 1 165
0 3 178
2 0 70
1 0 73
1 2 187
2 3 307
2 2 342
1 3 350
0 0 59
0 1 173
0 3 186
2 0 90
2 2 196
1 0 63
2 3 240
1 2 115
1 3 251
0 0 53
0 1 207
0 3 215
2 0 47
2 2 172
2 3 193
1 0 52
1 3 208
1 1 411
0 0 53
2 0 54
2 2 164
1 0 77
1 2 111
0 1 845
1 3 311
0 3 987
2 3 858
0 0 68
2 0 63
2 2 204
0 3 421
2 3 442
1 0 72
1 2 101
0 1 737
1 3 223
2 0 60
0 0 51
0 1 421
0 3 425
2 3 574
1 0 62
2 2 673
1 2 99
1 3 167
2 0 64
0 0 59
2 2 449
0 3 335
0 1 393
2 3 627
1 0 63
1 2 81
1 3 158
2 0 48
2 3 236
0 0 61
2 2 457
0 3 274
0 1 295
1 0 55
1 2 94
1 3 152
2 0 57
2 2 205
2 3 240
0 0 52
3 0 86
0 3 293
3 1 388
1 0 65
3 3 534
0 1 650
1 2 117
2 0 180
2 1 268
1 3 403
3 0 52
0 0 53
3 1 340
2 3 676
0 3 236
3 3 555
0 1 356
2 0 55
1 0 181
3 0 51
2 3 433
1 1 437
1 3 509
0 0 59
3 3 608
2 2 799
0 3 251
2 0 59
3 1 1059
1 0 83
3 0 91
1 2 123
0 1 934
2 3 719
0 0 64
2 2 791
0 3 402
2 0 61
1 3 941
3 3 972
3 1 1012
2 2 211
1 0 75
0 1 775
1 2 131
1 3 305
2 3 626
3 0 56
0 0 56
2 0 50
3 3 394
3 1 507
0 3 369
2 3 328
0 1 593
1 0 185
1 2 232
3 0 64
2 2 740
3 1 222
3 3 398
0 0 176
2 0 51
1 3 710
0 3 361
3 0 67
1 0 64
1 2 104
0 1 951
2 2 927
0 0 69
2 3 1163
3 1 778
3 3 803
1 3 782
3 0 50
2 0 53
1 0 61
1 2 106
0 3 783
0 1 801
3 1 809
3 0 55
2 2 909
3 3 1143
2 3 1008
0 0 63
1 0 63
1 3 1222
1 2 108
2 0 63
3 3 820
3 1 1191
1 3 765
0 1 1079
3 0 83
0 3 1213
2 2 1142
0 0 419
1 0 119
1 2 140
4 0 167
4 1 200
4 1 1975
4 0 1976
2 3 3979
2 0 1484
3 1 3547
4 0 65
0 1 4000
4 1 563
3 0 57
4 3 5188
0 0 1298
1 3 5604
4 0 669
5 2 119
5 0 130
3 3 6398
0 3 6453
2 2 4722
0 1 1953
5 0 67
5 2 112
3 1 2968
4 3 3563
5 3 1096
2 3 4716
2 0 58
4 3 1869
4 3 5886
5 3 587
2 3 319
2 2 325
5 0 64
5 2 81
5 3 138
2 0 50
2 3 253
5 0 56
5 2 71
2 2 481
5 3 390
5 0 56
2 0 102
5 2 92
2 3 262
5 3 216
2 2 448
5 0 51
5 2 85
5 3 113
2 0 53
2 3 138
2 2 313
5 0 46
5 2 91
5 3 108
2 0 49
2 2 197
2 3 212
5 0 51
5 2 83
5 3 180
2 0 48
2 3 220
2 2 227
5 0 56
5 2 89
5 3 275
2 0 51
2 1 62
2 3 259
5 0 86
5 2 89
5 3 141
5 0 55
5 2 97
2 0 85
2 3 247
5 3 302
2 2 467
5 0 51
5 2 123
5 3 148
2 0 55
2 2 215
2 3 232
5 0 54
5 2 124
5 3 127
2 0 76
2 3 196
2 2 195
5 0 51
5 2 90
5 3 146
2 0 45
2 2 175
2 3 175
5 0 59
5 3 131
5 2 146
2 0 70
5 0 58
5 2 106
2 3 244
2 2 271
5 3 318
5 0 71
2 0 61
5 2 99
5 3 223
2 2 249
2 3 395
5 0 55
5 2 135
2 0 63
5 3 189
2 1 129
2 3 174
5 0 50
5 2 190
5 3 226
2 0 48
2 2 160
2 3 209
5 0 55
5 2 80
5 3 242
2 0 49
2 3 206
5 0 67
5 2 91
2 2 406
5 3 176
2 0 48
5 0 59
5 2 79
2 3 264
2 2 311
5 3 268
5 0 66
2 0 60
5 2 95
2 3 248
5 3 378
2 2 390
5 0 66
5 2 101
2 0 52
5 3 231
2 3 214
2 2 413
5 0 52
5 2 73
5 3 158
2 0 51
2 2 190
2 3 395
5 0 66
5 2 97
5 3 157
2 0 61
5 0 63
5 2 86
2 2 262
2 3 264
5 3 196
5 0 58
5 2 96
5 3 248
5 0 51
5 2 75
5 3 141
5 0 51
5 2 89
5 3 128
5 0 49
5 2 96
5 3 139
5 0 53
5 2 102
5 3 138
5 0 52
5 2 76
5 3 128
5 0 52
5 2 90
5 3 131
5 0 50
5 2 89
5 3 124
5 0 49
5 2 93
5 3 133
5 0 70
5 2 113
5 3 134
5 0 52
5 2 114
5 3 169
5 0 57
5 2 99
5 3 149
5 0 49
5 3 110
5 2 184
