0 0 290
0 2 457
0 3 460
0 0 74
0 3 177
0 2 213
0 0 81
0 3 199
0 1 231
1 0 79
1 1 172
1 2 210
0 0 67
0 2 153
0 3 195
1 0 102
1 1 253
1 2 361
0 0 159
0 3 272
0 1 303
2 0 110
2 3 309
1 0 87
2 1 424
1 1 369
0 0 112
1 2 644
2 0 85
0 1 649
0 3 717
2 1 476
2 3 652
1 0 155
1 1 339
0 0 109
1 2 480
2 0 76
0 3 472
0 1 541
2 1 437
2 3 461
1 0 60
1 2 189
1 3 199
0 0 195
2 0 81
2 1 327
0 3 507
2 3 388
0 2 629
1 0 60
2 0 81
1 3 335
0 0 76
1 2 422
2 3 348
0 1 463
2 1 563
0 3 558
3 0 65
1 0 63
3 3 286
2 0 193
0 0 68
3 2 559
1 1 600
1 2 942
3 0 86
2 1 812
4 0 88
4 1 92
2 3 875
0 3 733
0 1 755
1 0 215
2 0 75
3 3 3409
4 2 3484
1 1 3346
3 2 3700
2 1 3303
2 3 3299
3 0 228
1 0 189
1 2 3677
2 0 78
4 2 839
3 3 719
2 3 553
3 2 767
1 1 710
1 2 761
2 1 633
3 0 60
2 0 72
1 0 62
3 3 583
2 3 487
3 2 853
1 1 695
2 1 700
1 2 752
3 0 59
2 0 56
3 3 227
3 2 401
1 0 70
2 1 536
2 3 617
1 1 353
1 2 399
3 0 62
3 3 224
3 2 224
2 0 61
2 1 291
1 0 73
2 3 323
1 1 287
3 0 59
1 2 380
3 3 233
3 2 288
2 0 72
2 1 193
2 3 247
3 0 99
1 0 73
1 1 315
3 3 340
3 2 377
1 2 368
2 0 82
3 0 57
2 1 241
2 3 318
3 2 261
3 3 358
1 0 65
1 1 179
1 2 205
2 0 185
3 0 69
2 3 429
2 1 445
3 3 313
3 2 312
1 0 70
3 0 77
2 0 72
1 2 366
1 3 449
3 3 603
2 3 599
3 2 616
2 1 639
1 0 223
2 0 72
3 0 73
1 1 593
3 3 438
2 3 491
3 2 537
1 2 719
2 1 594
3 0 222
1 0 202
2 0 74
3 3 591
2 3 492
1 1 639
2 1 538
1 2 710
3 2 745
3 0 82
1 0 79
2 0 71
3 2 356
3 3 339
2 3 404
2 1 638
1 3 660
1 2 687
3 0 66
3 2 235
3 3 443
1 0 77
2 0 87
1 3 350
2 3 357
1 2 608
3 0 95
2 1 701
3 3 274
3 2 298
2 0 84
1 0 77
3 0 58
2 1 520
2 3 502
1 3 530
3 3 519
1 2 731
3 2 546
2 0 72
2 1 207
2 3 364
3 0 75
1 0 68
3 2 288
3 3 346
1 3 335
1 2 415
2 0 79
3 0 61
2 3 274
2 1 340
3 2 337
3 3 551
1 0 73
1 1 225
1 2 421
3 0 69
2 0 63
3 3 271
3 2 293
2 3 304
2 1 506
1 0 64
1 3 229
1 2 242
3 0 71
3 3 389
3 2 379
2 0 78
2 3 252
2 1 263
3 0 82
1 0 66
2 0 63
1 2 427
3 2 496
3 3 487
1 3 499
2 3 352
2 1 385
3 0 69
1 0 63
3 2 240
3 3 251
2 0 78
1 1 339
1 2 501
2 3 295
2 1 376
3 0 62
3 2 229
3 3 228
2 0 72
1 0 84
3 0 67
1 3 371
1 2 462
2 3 480
2 1 690
3 3 487
3 2 548
1 0 67
2 0 159
3 0 65
1 1 534
2 3 627
3 3 474
2 1 676
3 2 520
1 2 711
3 0 184
2 0 64
1 0 63
3 3 475
3 2 606
2 1 457
2 3 455
1 3 513
1 2 534
3 0 65
3 3 203
3 2 344
2 0 63
1 0 65
2 3 248
2 1 332
1 1 285
1 2 334
3 0 68
3 2 162
3 3 197
2 0 85
2 3 162
2 1 201
1 0 174
3 0 62
1 3 393
1 2 406
3 3 283
3 2 338
2 0 55
3 0 56
2 1 208
2 3 218
3 2 326
1 0 64
3 3 325
1 1 189
1 2 235
3 0 68
2 0 74
2 3 287
3 2 313
1 0 66
2 1 567
3 3 618
1 2 261
1 3 276
3 0 61
3 2 299
3 3 323
2 0 62
2 1 209
2 3 210
1 0 68
3 0 67
1 2 343
1 3 345
3 3 330
3 2 514
2 0 70
2 3 215
2 1 261
3 0 75
3 3 186
3 2 206
1 0 77
2 0 71
1 2 349
1 3 378
2 3 309
3 0 83
2 1 481
3 3 438
3 2 493
1 0 59
2 0 58
1 1 236
1 2 246
3 0 56
2 3 276
2 1 456
3 3 331
3 2 352
1 0 177
3 0 172
2 0 72
3 3 475
1 3 603
2 3 452
1 2 613
2 1 510
3 2 637
3 0 77
3 2 177
3 3 300
2 0 75
1 0 73
2 1 344
1 1 345
1 2 377
2 3 434
3 0 73
3 3 182
3 2 196
2 0 155
1 0 61
2 1 357
2 3 377
1 3 258
1 2 307
1 0 57
1 3 168
1 2 192
1 0 58
1 1 171
1 2 186
