0 0 286
0 3 420
0 2 481
0 0 69
0 2 199
0 3 200
0 0 62
0 3 183
0 1 213
0 0 95
0 3 189
0 2 206
0 0 75
0 1 190
0 3 225
0 0 77
0 1 181
0 3 180
0 0 62
0 3 166
0 1 192
0 0 135
0 3 157
0 2 328
0 0 74
0 1 180
0 3 218
1 0 74
1 1 167
1 2 234
0 0 91
1 0 78
0 3 298
1 2 303
0 1 359
1 1 383
0 0 74
1 0 78
1 2 317
0 3 348
0 1 380
1 1 424
1 0 61
1 1 174
1 2 224
0 0 63
0 3 156
0 2 218
1 0 58
1 2 182
1 3 323
2 0 81
0 0 73
2 3 340
2 1 372
0 2 361
0 3 396
1 0 87
1 3 182
1 2 235
2 0 64
0 0 69
2 1 418
2 3 432
1 0 73
0 1 341
1 2 291
0 3 429
1 1 369
2 0 58
2 3 170
2 1 181
0 0 82
1 0 66
0 1 367
0 3 375
1 1 393
1 2 402
2 0 82
2 3 164
2 1 189
1 0 217
0 0 69
1 2 419
1 1 443
0 3 311
0 1 325
2 0 62
2 3 172
2 1 283
1 0 80
1 2 195
1 1 210
0 0 90
0 2 187
0 3 205
2 0 122
1 0 111
1 1 352
2 1 394
2 3 399
1 2 439
0 0 76
0 3 171
0 1 178
3 0 112
2 0 104
1 0 103
3 2 518
2 3 578
3 3 610
2 1 622
1 1 746
1 2 870
0 0 120
4 0 287
4 1 302
1 0 281
3 0 99
2 0 73
4 0 75
4 1 74
1 2 870
0 1 978
0 3 977
1 1 978
3 3 965
0 0 68
2 1 926
3 2 1079
4 2 1365
2 3 989
2 0 341
4 1 346
4 0 361
1 0 111
3 0 66
4 2 1244
4 1 80
4 0 80
0 2 1121
2 1 1138
2 3 1174
1 1 879
1 2 873
3 2 903
4 2 1377
0 3 1598
2 0 142
3 3 1080
1 0 159
4 1 331
4 0 345
0 0 366
5 0 77
3 0 64
4 2 1661
4 0 75
4 1 67
4 1 69
4 0 75
2 1 1647
5 1 1191
2 3 1987
4 2 3243
1 2 3332
2 0 1645
5 0 1454
0 1 3574
4 0 720
3 3 3090
0 3 3591
5 3 3325
0 0 77
1 3 3818
3 2 3580
4 3 3439
1 0 78
3 0 80
5 3 2774
4 2 3542
5 1 2888
2 1 3098
2 3 3210
2 0 69
3 3 893
5 0 194
0 1 1764
0 3 1788
1 2 1386
3 2 1191
0 0 76
1 1 1219
3 0 67
2 1 958
1 0 62
2 0 63
5 1 1168
5 3 1250
2 3 1441
5 0 67
0 3 1090
0 2 1098
2 1 553
2 3 752
3 3 1296
3 2 1348
0 0 86
1 1 1162
2 0 68
5 1 849
1 0 63
1 2 1306
3 0 233
5 0 67
5 3 1142
2 3 975
0 3 1142
2 1 1101
1 2 974
5 1 741
0 2 1305
5 3 849
3 2 1074
5 0 235
1 3 1392
2 0 74
3 3 1392
0 0 79
1 0 68
3 0 81
5 3 1163
5 1 1200
1 2 953
2 3 1091
0 3 1035
1 3 1015
2 1 1202
3 3 698
0 1 1158
3 2 760
5 0 86
1 0 85
2 0 72
0 0 201
3 0 65
5 3 742
5 1 810
5 0 66
3 2 632
2 1 931
3 3 796
2 0 70
1 2 1165
2 3 1144
1 3 1397
3 0 63
0 3 1332
0 2 1351
5 1 888
5 0 207
1 0 210
0 0 78
5 3 1323
3 2 834
2 1 1279
5 1 631
3 3 985
2 3 1349
2 0 71
5 0 71
3 0 63
0 1 957
1 3 1223
0 0 63
0 3 1157
5 3 1429
1 2 1433
1 0 65
5 1 1021
2 1 1121
2 3 1296
5 0 79
3 3 1064
2 0 70
3 2 1163
0 1 985
0 3 1015
0 0 62
5 3 1798
3 0 67
1 1 1240
1 2 1370
5 3 936
1 0 73
5 1 1066
0 1 805
2 3 1116
2 1 1217
5 0 67
0 3 1033
3 2 1029
3 3 1101
0 0 87
2 0 71
1 2 991
1 3 1035
3 0 70
1 0 65
5 3 1188
0 1 960
5 2 1297
0 0 68
2 3 1067
0 3 1164
2 1 1213
5 0 66
3 2 1166
2 0 74
3 3 1387
1 2 1042
1 3 1079
3 0 76
5 3 825
0 3 1065
2 1 780
1 0 73
0 1 1322
5 1 1142
2 3 1147
2 0 211
5 0 210
0 0 85
3 2 1067
3 3 1192
1 2 1054
3 0 67
1 1 1082
2 3 838
5 3 830
5 1 904
0 3 805
0 2 1110
2 1 1265
3 3 718
2 0 222
1 0 233
5 0 93
0 0 68
3 2 1042
3 0 71
1 3 889
2 1 1024
2 0 65
1 2 1301
5 2 1121
2 3 1398
0 3 1118
1 0 81
0 1 1180
5 3 1275
3 3 998
3 2 1031
5 0 72
0 0 73
3 0 62
1 2 820
2 1 1139
1 1 1060
2 0 78
1 0 69
5 2 869
2 3 1491
0 2 1192
5 3 1230
0 3 1307
5 0 67
3 2 1296
3 3 1478
1 2 924
0 0 67
1 3 1089
3 0 65
2 3 1380
5 1 918
1 0 202
5 0 67
5 3 1093
2 1 1681
2 0 69
0 3 1179
0 1 1237
1 1 793
3 2 1049
1 2 1070
1 0 77
3 3 1334
5 3 987
5 1 1094
0 0 73
2 1 1129
2 3 1165
3 0 195
2 0 64
5 0 68
1 2 828
1 3 853
0 3 939
1 0 73
5 3 840
0 1 1222
5 2 863
3 2 1142
2 1 970
2 3 975
3 3 1257
2 0 83
0 0 70
5 0 62
3 0 66
1 1 877
1 0 71
2 1 947
0 2 930
1 2 1487
2 3 1230
2 0 68
0 3 1266
3 3 1052
3 2 1163
5 2 1258
5 3 1312
0 0 273
1 3 1111
2 3 834
3 0 71
2 1 888
5 0 72
1 2 1536
1 0 198
0 2 1089
2 0 102
0 3 1382
0 0 67
5 2 987
3 2 1110
5 3 1187
1 3 1028
2 3 1021
2 1 1037
1 2 1299
5 0 83
3 3 1658
3 0 98
0 1 902
1 0 76
0 0 69
2 0 81
5 3 823
0 3 1532
3 3 1042
1 2 987
5 0 69
5 1 1481
0 3 1083
3 2 1490
0 2 1140
1 3 1197
3 0 73
2 3 1220
1 0 101
2 1 1467
5 3 836
5 1 854
2 0 67
3 3 895
3 2 899
1 2 837
5 0 76
1 1 937
2 3 665
2 1 748
3 0 80
1 0 63
5 3 515
2 0 73
5 1 741
3 3 646
5 0 65
3 2 733
1 2 857
2 1 747
3 0 74
2 3 829
1 3 1101
5 1 647
2 0 62
5 3 675
5 0 65
1 0 72
2 1 494
3 3 678
3 2 821
2 3 739
5 1 638
1 2 658
5 3 708
1 1 683
5 0 79
3 0 82
2 0 70
1 0 66
5 2 511
5 3 569
2 3 759
3 2 906
5 0 71
3 3 926
1 3 649
2 1 1112
1 2 822
2 0 60
5 3 480
5 2 521
1 0 203
3 0 216
5 0 82
2 3 712
2 1 751
1 3 546
3 3 793
3 2 796
1 2 804
5 2 569
2 0 266
1 0 76
5 3 908
3 0 73
5 0 70
2 1 753
1 1 567
2 3 851
1 2 713
5 3 588
2 0 65
3 3 685
5 1 663
3 2 826
2 3 297
2 1 329
5 0 204
3 0 83
3 2 324
3 3 353
5 1 416
5 3 452
2 0 70
2 1 225
2 3 229
5 0 55
3 0 63
5 3 434
5 1 456
3 3 237
3 2 293
2 0 76
5 0 65
3 0 68
2 3 536
2 1 561
5 2 561
5 3 602
3 3 395
3 2 441
5 0 65
3 0 59
5 1 407
5 3 410
3 3 263
3 2 296
5 0 53
5 1 193
3 0 59
5 3 224
3 3 196
3 2 212
5 0 58
5 3 154
5 2 202
3 0 65
3 2 181
3 3 264
5 0 62
5 1 173
5 3 172
3 0 57
3 3 175
3 2 198
5 0 53
5 3 164
5 1 194
3 0 59
3 2 189
3 3 198
5 0 61
5 3 185
5 1 193
3 0 60
3 3 173
3 2 197
5 0 60
5 2 175
5 3 193
3 0 56
3 3 179
3 2 183
3 0 57
3 3 174
3 2 175
3 0 54
3 2 178
3 3 194
