0 0 313
0 1 369
0 2 368
0 0 131
0 1 166
0 2 182
1 2 250
1 3 236
1 1 227
2 0 33
2 1 63
2 2 62
1 1 138
1 2 141
1 3 149
0 1 49
0 0 51
0 2 67
2 0 83
2 1 106
2 2 105
1 3 115
1 2 121
1 1 127
0 0 119
0 1 125
0 2 125
2 0 51
2 1 60
2 2 61
1 2 56
1 1 66
1 3 71
0 0 40
0 2 54
0 1 63
2 0 217
3 1 259
3 2 259
3 3 261
2 1 296
2 2 297
1 2 213
1 1 261
1 3 253
0 0 45
3 2 290
0 1 298
3 1 304
0 2 281
2 0 195
3 3 363
1 1 252
4 0 186
4 1 220
4 2 157
1 2 284
1 3 225
2 1 325
2 2 326
3 2 46
3 1 55
3 3 65
4 0 96
0 0 90
4 2 152
0 1 142
2 0 64
1 2 159
1 3 151
0 2 168
1 1 200
4 1 228
2 2 162
2 1 180
4 0 69
4 2 92
3 1 82
4 1 109
3 2 95
3 3 108
1 1 48
1 2 59
1 3 66
2 0 34
2 2 46
2 1 52
0 0 195
4 0 47
0 2 193
0 1 199
4 2 64
4 1 78
3 2 45
3 1 50
3 3 61
1 2 45
1 1 47
1 3 62
4 0 28
4 1 47
4 2 71
2 0 40
2 1 39
2 2 46
0 0 44
0 1 64
0 2 76
3 2 77
3 1 88
3 3 96
4 0 35
4 1 41
4 2 51
1 2 54
1 1 61
1 3 67
2 0 35
2 1 43
2 2 47
3 2 47
3 1 56
3 3 67
0 0 50
0 1 78
4 0 67
0 2 86
4 2 80
4 1 88
1 2 48
1 1 51
1 3 66
5 1 56
5 2 62
5 3 71
3 2 49
3 1 55
3 3 69
2 0 49
2 2 45
2 1 59
4 0 33
4 1 45
4 2 45
0 0 65
0 2 108
0 1 137
1 1 127
5 1 136
5 3 137
5 2 139
1 2 135
1 3 139
3 1 56
3 2 64
3 3 79
4 0 56
4 2 57
4 1 63
2 0 37
2 1 39
2 2 47
5 2 48
5 1 49
5 3 77
1 2 235
0 0 53
1 3 252
1 1 251
4 0 55
3 3 138
3 2 140
0 1 153
0 2 150
3 1 153
4 1 137
4 2 145
2 0 29
2 1 43
2 2 50
5 2 53
5 1 56
5 3 68
4 0 41
1 2 81
1 1 87
1 3 89
4 2 87
4 1 87
3 2 44
3 1 51
3 3 69
0 0 265
0 2 267
0 1 265
5 2 59
5 1 63
5 3 68
2 1 41
2 0 37
2 2 45
4 0 30
4 1 43
4 2 43
1 1 59
1 2 62
1 3 81
3 2 67
3 1 68
3 3 81
5 2 48
5 1 49
5 3 79
0 0 42
0 1 50
0 2 53
4 2 47
4 1 46
4 0 49
2 1 43
2 2 49
2 0 73
3 2 98
3 1 101
1 1 96
1 2 90
3 3 114
1 3 122
5 2 51
5 1 56
5 3 65
4 2 38
4 0 40
4 1 46
0 1 35
0 0 37
0 2 38
3 2 59
2 0 39
3 3 79
3 1 81
2 1 67
2 2 68
1 2 52
1 1 56
1 3 67
4 0 37
5 3 73
5 2 94
5 1 101
4 1 89
4 2 89
3 2 52
3 1 52
3 3 64
0 0 35
0 2 45
0 1 64
5 2 76
2 0 73
5 1 124
5 3 125
4 0 34
2 2 138
1 3 140
2 1 137
1 2 141
1 1 135
4 2 101
4 1 99
3 1 52
3 2 53
3 3 66
4 0 71
4 1 96
5 1 163
5 2 162
5 3 194
4 2 204
2 0 83
1 3 162
1 2 175
1 1 204
0 0 81
2 1 166
2 2 149
0 1 109
0 2 113
3 1 48
3 2 49
3 3 64
4 0 40
4 1 44
4 2 45
5 1 56
5 3 63
5 2 56
1 1 185
1 3 191
1 2 197
2 0 36
2 2 51
2 1 66
0 0 27
0 2 39
0 1 38
4 0 40
4 2 45
4 1 57
3 2 65
3 1 70
3 3 69
5 1 54
5 2 61
5 3 67
1 2 53
1 1 53
1 3 66
4 0 55
2 0 62
2 1 68
2 2 67
4 1 64
4 2 72
0 0 45
3 1 203
3 3 200
3 2 226
5 3 107
0 2 121
0 1 111
5 1 112
5 2 131
1 2 48
1 1 49
1 3 68
4 2 51
4 0 49
4 1 62
3 2 70
3 1 71
3 3 73
2 0 44
2 1 78
2 2 98
5 2 71
5 1 75
5 3 82
0 0 42
0 1 154
0 2 160
4 0 39
1 3 88
1 1 94
4 1 100
1 2 94
4 2 92
3 1 75
3 2 88
5 2 90
5 1 91
3 3 119
5 3 149
2 0 67
2 2 79
2 1 86
4 0 42
4 1 57
4 2 58
1 2 63
1 1 70
1 3 71
0 0 56
0 1 88
0 2 85
5 3 215
5 1 224
5 2 226
3 1 75
3 2 83
3 3 91
4 0 47
4 1 50
4 2 75
2 0 33
2 2 41
2 1 41
5 2 84
5 1 89
1 1 90
1 2 86
5 3 123
1 3 121
3 1 63
3 2 65
3 3 77
4 1 60
4 2 60
0 2 49
0 1 63
4 0 114
0 0 88
2 0 30
2 2 38
2 1 41
4 0 53
1 3 151
5 3 160
5 2 185
5 1 189
4 2 184
1 1 188
4 1 187
1 2 190
3 1 188
3 2 229
3 3 246
0 0 36
0 1 41
0 2 41
5 1 44
5 2 53
5 3 68
2 0 43
2 1 53
2 2 48
4 2 53
4 0 55
4 1 47
3 1 47
3 2 50
3 3 176
1 1 56
1 2 57
1 3 72
5 2 44
5 1 44
5 3 70
4 0 29
4 1 43
4 2 43
0 0 30
0 1 43
0 2 52
2 0 43
3 2 73
3 3 76
3 1 79
2 2 74
2 1 71
1 1 57
1 2 60
1 3 64
5 1 169
5 2 169
5 3 179
4 0 37
4 1 50
4 2 53
3 1 49
3 2 50
3 3 62
0 0 27
0 1 43
0 2 50
2 0 29
2 1 46
2 2 49
1 1 53
1 2 52
1 3 63
4 0 45
4 1 74
4 2 75
5 3 78
5 1 86
5 2 87
3 1 54
3 2 55
3 3 64
4 0 25
4 2 42
4 1 52
0 0 58
2 0 69
1 3 147
1 2 161
5 3 168
5 2 179
2 1 182
5 1 177
0 1 165
1 1 202
2 2 194
0 2 204
3 1 44
3 2 47
3 3 66
4 0 30
4 1 44
4 2 37
5 1 62
5 2 70
1 1 66
5 3 110
1 2 84
1 3 106
2 0 44
0 0 51
2 2 69
2 1 77
0 1 66
0 2 65
4 0 49
4 1 85
4 2 87
3 1 88
3 3 91
3 2 108
5 1 53
5 2 53
5 3 62
1 1 80
1 2 76
1 3 91
4 0 34
4 2 41
4 1 41
2 0 37
2 1 41
2 2 42
3 1 47
3 2 56
3 3 68
0 0 176
0 1 175
0 2 179
5 3 66
5 2 66
5 1 65
1 1 53
1 2 56
1 3 66
4 0 40
4 1 49
4 2 52
3 1 54
3 2 55
3 3 61
2 0 37
2 1 52
2 2 53
5 2 51
5 1 56
5 3 61
4 0 64
0 2 70
0 0 77
0 1 82
4 1 90
4 2 87
1 2 58
1 1 58
1 3 73
3 2 56
3 1 59
3 3 69
5 1 52
5 2 52
5 3 66
2 0 37
2 2 49
2 1 50
4 0 33
4 2 45
4 1 44
1 2 49
1 1 50
1 3 71
0 0 41
0 2 44
0 1 48
3 2 58
3 1 60
3 3 71
5 1 56
5 2 57
5 3 64
4 0 35
4 2 41
4 1 44
2 0 38
2 2 43
2 1 46
1 1 46
1 2 50
1 3 64
3 1 57
3 2 53
3 3 67
5 3 71
4 0 48
5 2 79
5 1 83
4 1 91
4 2 83
0 0 45
0 2 53
0 1 66
2 0 39
2 2 37
2 1 43
4 0 185
1 3 157
1 2 188
1 1 194
4 1 323
4 2 324
3 2 199
3 1 199
5 2 194
5 1 200
5 3 218
3 3 239
0 0 42
0 2 41
0 1 46
4 2 36
4 0 38
4 1 40
2 0 32
2 1 41
2 2 43
3 2 47
3 1 49
3 3 109
5 2 80
5 1 95
1 1 91
1 2 91
5 3 139
1 3 121
4 0 32
4 2 39
4 1 42
0 0 33
0 1 37
0 2 40
5 1 86
5 2 95
3 2 91
3 1 91
5 3 114
2 0 34
3 3 140
2 1 68
2 2 82
1 2 73
1 1 76
1 3 88
5 1 44
5 2 44
5 3 82
3 1 63
3 2 64
3 3 76
0 0 54
2 0 61
1 3 94
0 2 117
1 2 122
1 1 123
0 1 130
2 1 124
2 2 124
5 2 48
5 1 51
5 3 66
3 1 54
3 2 50
3 3 63
1 1 42
1 2 43
1 3 119
2 0 46
0 0 54
0 2 70
0 1 88
2 1 81
2 2 85
5 1 52
5 2 53
5 3 72
3 1 54
3 2 56
3 3 64
1 2 45
1 1 46
1 3 69
5 1 52
5 2 53
5 3 68
2 0 33
2 2 47
2 1 52
0 0 35
0 2 40
0 1 44
3 2 52
3 1 57
3 3 74
5 2 73
5 1 77
5 3 84
1 1 78
1 2 76
1 3 96
2 0 46
2 2 88
2 1 94
3 1 94
3 3 107
3 2 103
0 0 36
0 2 42
0 1 61
5 2 47
5 1 48
5 3 64
2 0 33
2 1 36
2 2 48
5 1 44
5 2 50
5 3 65
0 0 35
0 1 35
0 2 48
5 1 45
5 2 45
5 3 68
2 0 33
2 2 40
2 1 45
0 0 31
0 1 34
0 2 51
5 2 48
5 1 54
5 3 63
2 0 31
2 1 39
2 2 46
0 0 32
0 1 40
0 2 41
2 2 34
2 1 38
2 0 40
0 1 36
0 0 36
0 2 45
0 0 30
0 1 32
0 2 52
0 0 33
0 1 35
0 2 50
