0 0 338
0 1 395
0 2 413
0 0 69
0 1 95
0 2 97
0 0 44
0 1 69
0 2 64
0 0 42
0 1 60
0 2 62
0 0 204
0 1 206
0 2 182
1 1 148
1 2 161
1 3 167
1 1 67
1 2 64
1 3 84
0 0 53
0 2 69
0 1 70
2 0 115
2 2 131
2 1 138
1 2 56
1 1 60
1 3 74
0 0 54
0 1 54
0 2 64
2 0 42
2 2 52
2 1 57
1 2 53
1 1 55
1 3 74
0 0 62
0 1 66
2 2 78
0 2 83
2 0 103
2 1 116
1 1 51
1 2 58
1 3 80
2 1 147
2 0 148
0 0 52
2 2 148
0 1 82
0 2 76
1 1 44
1 2 48
1 3 70
2 0 39
2 2 40
2 1 45
0 0 48
1 1 79
1 2 79
0 1 75
0 2 75
1 3 104
2 0 38
2 1 57
2 2 65
1 1 50
1 2 58
1 3 79
0 0 36
0 1 47
0 2 51
2 0 47
1 1 80
1 2 84
2 2 80
2 1 86
1 3 109
0 0 34
0 2 38
0 1 43
1 1 43
1 2 46
1 3 73
2 0 45
2 2 55
2 1 57
0 0 33
0 1 41
0 2 44
1 1 51
1 2 48
1 3 78
2 0 41
2 1 47
2 2 50
0 1 42
0 2 44
0 0 50
1 1 55
1 2 54
1 3 73
2 0 111
2 2 120
2 1 119
3 1 45
3 2 47
3 3 69
1 2 40
1 1 45
1 3 67
0 0 39
0 1 48
0 2 51
3 1 128
3 2 126
2 0 38
2 2 64
2 1 73
3 3 162
1 1 37
1 2 42
1 3 76
3 2 42
3 1 43
3 3 72
0 0 50
2 0 50
0 2 72
2 2 66
0 1 83
2 1 81
4 0 41
4 2 58
4 1 77
1 1 60
1 2 61
1 3 86
3 2 47
3 1 48
3 3 74
0 0 37
0 1 44
0 2 46
2 0 28
2 1 38
2 2 42
4 0 36
4 1 46
4 2 52
1 1 44
1 2 44
1 3 72
3 1 48
3 2 49
3 3 64
4 1 33
4 2 47
4 0 56
2 0 36
2 2 41
2 1 46
0 0 30
0 1 41
0 2 44
1 1 74
1 2 82
3 1 87
3 2 128
1 3 145
5 2 184
5 1 186
3 3 214
5 3 231
4 0 43
4 2 56
4 1 59
2 0 121
2 1 193
5 1 121
3 1 299
0 0 238
2 2 405
4 0 55
1 2 296
3 2 344
0 1 301
5 2 382
4 2 106
4 1 107
3 3 424
0 2 350
1 1 410
5 3 454
1 3 414
5 2 72
5 1 72
5 3 102
4 0 49
4 1 65
4 2 73
3 2 93
3 1 102
2 0 161
3 3 236
2 1 186
2 2 193
1 2 61
1 1 73
1 3 115
0 0 50
0 1 50
0 2 52
5 2 76
5 1 77
4 0 34
4 1 49
4 2 49
5 3 127
3 1 46
3 2 46
3 3 72
2 0 42
1 2 65
1 1 68
2 1 66
2 2 72
1 3 101
5 2 181
4 0 161
5 1 190
4 1 188
4 2 192
0 0 39
0 2 61
0 1 58
5 3 248
3 1 41
3 2 41
3 3 70
1 1 42
1 2 40
1 3 68
2 0 35
2 1 40
2 2 45
4 2 48
4 1 58
4 0 60
5 2 99
5 1 104
5 3 118
3 1 41
3 2 41
3 3 86
0 0 40
0 2 41
0 1 44
4 0 42
1 1 202
1 2 102
5 1 107
4 1 127
4 2 128
5 2 132
2 0 44
2 2 58
2 1 63
5 3 188
1 3 210
3 2 43
3 1 46
3 3 84
4 0 33
4 1 40
4 2 44
0 0 50
0 1 90
0 2 103
5 2 95
5 1 103
1 2 116
1 1 108
1 3 162
5 3 165
2 0 33
2 2 33
2 1 50
3 1 38
3 2 45
3 3 66
4 0 34
4 1 42
4 2 42
5 1 39
5 2 38
5 3 62
1 1 43
1 2 45
1 3 70
0 0 31
0 2 41
0 1 43
4 0 38
4 2 68
4 1 75
3 1 87
3 2 93
2 0 42
2 1 59
2 2 60
3 3 143
5 1 33
5 2 45
5 3 66
1 1 45
1 2 68
1 3 75
4 0 25
4 2 45
4 1 55
3 1 58
0 0 38
3 2 60
0 1 54
0 2 54
3 3 155
2 0 51
2 2 61
5 1 115
5 2 131
2 1 84
5 3 152
4 0 34
4 1 42
4 2 44
1 1 39
1 2 46
1 3 69
3 1 52
3 2 73
5 1 55
5 2 57
3 3 120
5 3 122
0 0 34
0 1 97
0 2 111
2 2 60
2 0 65
4 0 41
2 1 86
4 2 54
4 1 57
1 1 35
1 2 41
1 3 71
5 1 53
5 2 62
3 1 56
3 2 62
5 3 106
3 3 139
4 0 48
4 1 60
4 2 45
2 0 45
2 2 55
0 0 45
2 1 68
0 1 63
0 2 65
1 1 37
1 2 43
1 3 101
5 1 35
5 2 49
5 3 95
3 1 42
3 2 48
3 3 83
4 0 94
4 2 108
4 1 107
2 0 35
2 2 40
2 1 44
5 1 40
5 2 44
5 3 240
0 0 63
4 0 84
1 1 331
0 1 160
3 2 163
1 2 190
0 2 179
4 2 176
4 1 189
3 1 181
1 3 241
3 3 249
5 1 41
5 2 41
5 3 76
4 0 94
2 1 98
2 0 104
4 1 102
2 2 112
1 1 125
4 2 129
1 2 123
3 1 87
3 2 93
1 3 164
0 0 33
0 1 46
0 2 48
3 3 216
5 1 35
5 2 41
5 3 68
4 0 29
4 1 37
4 2 49
2 0 41
3 2 102
3 1 107
1 1 103
2 1 102
1 2 111
2 2 104
1 3 137
3 3 169
0 0 50
0 2 69
0 1 71
5 1 71
5 2 79
4 0 34
4 2 42
4 1 48
5 3 144
3 2 41
3 1 42
3 3 63
1 1 46
1 2 54
1 3 89
2 0 34
2 2 59
2 1 68
4 0 34
5 1 68
5 2 79
4 1 78
4 2 78
5 3 108
0 0 32
0 2 38
0 1 39
3 1 43
3 2 44
3 3 63
1 2 95
1 1 101
4 0 37
1 3 155
4 2 132
4 1 134
5 1 100
5 2 119
2 0 46
2 2 68
2 1 65
5 3 175
3 2 88
3 1 94
3 3 113
0 0 38
0 2 47
0 1 55
4 0 36
4 2 47
4 1 54
5 1 51
5 2 50
5 3 66
1 1 44
1 2 45
1 3 63
2 0 30
2 2 32
2 1 34
3 1 141
3 2 144
4 0 44
3 3 186
4 2 67
5 2 64
4 1 89
5 1 79
5 3 85
0 0 39
1 2 63
1 1 75
0 2 66
0 1 73
1 3 84
4 0 41
2 0 42
2 1 68
4 2 70
2 2 68
4 1 121
3 2 55
3 1 57
5 1 53
3 3 99
5 2 58
5 3 82
1 2 44
1 1 47
1 3 62
4 0 31
4 2 43
4 1 47
0 0 33
0 2 38
0 1 39
3 2 83
3 1 86
2 0 36
5 2 79
5 1 81
2 2 63
2 1 70
3 3 171
5 3 125
4 0 33
4 2 62
4 1 74
1 2 64
1 1 71
5 1 52
5 2 54
1 3 151
3 2 54
3 1 64
3 3 94
0 0 36
0 1 54
0 2 54
2 0 40
2 1 44
2 2 46
5 3 343
4 0 33
4 1 45
4 2 43
5 2 39
5 1 45
5 3 61
1 1 43
1 2 50
3 1 94
3 2 95
1 3 168
3 3 124
4 0 32
4 2 37
4 1 41
2 2 231
0 0 48
2 0 235
2 1 241
0 1 75
0 2 74
5 2 55
5 1 55
5 3 75
3 2 105
3 1 107
1 1 67
1 2 70
3 3 146
1 3 124
4 0 44
4 1 56
4 2 60
2 0 70
2 2 98
2 1 102
5 1 66
5 2 73
0 0 37
0 1 48
0 2 53
5 3 125
3 2 88
3 1 92
4 0 40
4 1 75
4 2 72
1 1 71
1 2 70
3 3 193
1 3 100
5 1 35
5 2 40
5 3 59
2 2 67
2 0 67
4 0 69
2 1 92
4 2 92
4 1 102
3 1 82
3 2 84
3 3 100
0 0 36
0 2 69
0 1 81
1 1 80
1 2 78
1 3 129
5 1 44
5 2 47
5 3 66
4 1 35
4 0 34
4 2 46
3 1 41
3 2 42
3 3 64
2 0 30
2 1 43
2 2 42
1 1 36
1 2 44
1 3 63
0 0 38
5 2 65
5 1 72
0 1 71
0 2 72
5 3 102
4 0 36
4 1 40
4 2 41
3 1 38
3 2 38
3 3 57
2 0 34
2 1 34
2 2 36
1 1 79
5 1 90
4 0 39
5 2 99
1 2 104
4 1 67
4 2 69
5 3 131
1 3 164
0 0 46
0 2 57
0 1 77
3 1 64
3 2 69
3 3 99
5 1 69
5 2 80
5 3 106
4 0 46
4 1 45
4 2 55
2 0 37
2 1 38
2 2 42
3 1 36
3 2 58
3 3 59
4 0 43
4 2 65
4 1 77
5 1 87
0 0 39
0 2 75
5 3 128
0 1 83
5 2 136
2 1 40
2 2 41
2 0 40
3 1 37
3 2 52
3 3 61
4 0 30
4 1 45
4 2 47
5 1 36
5 2 56
5 3 64
0 0 37
0 1 38
0 2 41
2 0 58
4 0 66
4 2 89
4 1 111
2 1 122
2 2 116
3 1 115
3 2 140
5 2 77
5 1 81
3 3 222
5 3 163
4 0 30
4 2 32
4 1 45
0 0 47
0 1 50
0 2 56
3 2 76
3 1 76
5 1 62
5 2 72
2 0 36
2 2 41
2 1 47
3 3 269
5 3 257
5 1 65
5 2 66
3 2 41
3 1 47
5 3 131
3 3 82
2 0 33
2 2 35
2 1 42
5 2 42
5 1 42
5 3 61
3 2 45
3 1 51
3 3 69
5 2 37
5 1 39
5 3 62
3 1 45
3 2 40
3 3 58
5 2 38
5 1 41
5 3 55
3 2 36
3 1 39
3 3 64
5 1 42
5 2 72
5 3 90
