0 0 577
0 1 1380
0 2 1423
0 0 136
0 2 209
0 1 665
0 0 45
0 1 74
0 2 101
0 0 86
1 0 115
1 3 205
0 2 274
0 3 510
1 1 529
1 1 111
1 3 119
1 0 130
0 0 140
0 3 176
0 2 304
1 0 79
1 1 79
1 2 138
0 0 137
0 3 64
0 2 105
1 0 81
1 2 94
1 1 115
0 1 60
0 0 121
0 2 134
1 0 41
1 1 53
1 2 52
0 0 390
1 0 52
0 3 454
1 1 115
1 3 164
0 2 419
1 0 60
1 3 60
1 1 172
0 0 46
0 1 72
0 2 101
1 0 55
1 2 82
1 1 128
0 0 63
0 3 60
0 2 71
1 0 53
1 1 52
1 3 69
0 0 38
0 3 44
0 2 90
1 0 47
1 1 52
1 2 61
2 1 55
2 0 382
0 0 88
0 1 129
2 2 439
1 0 158
1 1 153
1 3 205
0 2 227
2 0 38
2 1 52
2 2 97
0 0 54
0 1 71
1 0 52
1 2 80
1 1 97
0 2 132
2 1 320
2 0 394
1 0 356
0 0 362
0 3 361
1 2 387
3 0 182
2 2 465
1 1 452
2 0 93
3 1 511
2 1 140
0 2 651
2 2 234
3 0 151
3 1 198
3 2 71671
