0 3 595
0 4 625
0 1 649
0 0 653
0 6 654
0 2 658
0 5 664
0 3 266
0 2 282
0 5 301
0 0 305
0 4 312
0 1 292
0 6 316
0 4 257
0 5 253
0 1 297
0 6 299
0 0 314
0 2 318
0 3 323
0 0 254
0 6 246
0 5 245
0 1 286
0 3 298
0 2 296
0 4 297
0 5 250
0 2 257
0 3 265
0 4 293
0 0 297
0 6 298
0 1 300
0 4 209
0 6 209
0 3 211
0 0 235
0 5 242
0 2 241
0 1 243
0 3 255
0 5 257
0 2 262
0 1 311
0 6 298
0 0 315
0 4 300
0 5 209
0 2 200
0 6 200
0 4 235
0 1 255
0 3 247
0 0 272
0 2 262
0 3 280
0 5 280
0 6 311
0 0 318
0 1 320
0 4 319
0 4 210
0 3 211
0 6 217
0 2 251
0 5 253
0 1 255
0 0 254
0 1 253
0 3 254
0 6 248
0 0 296
0 5 299
0 4 300
0 2 302
0 4 224
0 6 221
0 5 223
0 2 266
0 0 273
0 1 271
0 3 257
0 6 233
0 5 227
0 4 243
0 2 282
0 3 286
0 1 289
0 0 289
0 2 255
0 4 224
0 6 211
0 0 381
0 3 273
0 5 263
0 1 308
0 2 204
0 1 222
0 4 205
0 3 252
0 0 255
0 5 240
0 6 240
0 1 202
0 0 204
0 3 195
0 5 245
0 2 248
0 4 250
0 6 239
0 4 199
0 3 199
0 5 203
0 0 249
0 2 252
0 6 241
0 1 257
0 4 190
0 2 196
0 3 211
0 6 250
0 0 252
0 5 241
0 1 256
0 4 193
0 6 198
0 3 199
0 1 278
0 5 249
0 0 279
0 2 252
0 3 292
0 5 291
0 6 286
0 4 333
0 1 334
0 0 336
0 2 335
0 4 194
0 5 196
0 6 190
0 0 239
0 3 239
0 1 241
0 2 241
0 6 185
0 4 183
0 5 184
0 2 233
0 1 238
0 0 238
0 3 226
0 3 194
0 6 192
0 2 198
0 0 229
0 5 229
0 4 230
0 1 233
0 3 203
0 6 200
0 2 197
0 0 244
0 4 241
0 1 248
0 5 244
0 2 204
0 4 208
0 3 203
0 1 289
0 5 292
0 0 294
0 6 293
0 6 197
0 4 202
0 3 201
0 1 244
0 0 248
0 5 234
0 2 237
0 3 202
0 0 205
0 6 205
0 5 246
0 2 249
0 1 249
0 4 249
