0 404
0 60
0 46
0 48
0 51
0 64
0 45
0 46
1 208
0 43
1 357
1 46
0 47
1 54
0 51
1 71
0 160
1 49
0 43
2 42
1 44
2 41
1 65
0 107
1 72
2 62
0 43
1 44
2 41
0 41
1 93
2 53
0 54
1 218
2 72
0 41
1 44
2 43
1 43
0 42
3 64
2 66
1 43
0 45
3 46
2 42
1 231
3 43
0 43
2 41
4 62
1 43
3 43
4 42
0 62
5 70
2 88
1 45
3 57
4 42
5 45
2 55
1 171
0 201
3 166
4 104
5 41
4 66
3 65
1 90
2 77
0 41
5 42
4 43
3 42
1 42
2 41
5 44
0 41
4 43
3 43
1 64
5 67
2 41
4 76
0 40
3 41
5 44
1 43
4 41
2 43
3 45
5 42
0 64
4 79
1 44
2 41
5 43
3 139
4 43
1 42
0 41
4 56
2 43
5 387
3 338
1 40
4 91
5 98
0 40
3 44
2 41
1 50
4 53
5 42
3 41
0 41
2 42
4 42
5 41
1 42
3 41
4 41
0 65
5 83
2 68
1 41
3 46
4 41
5 43
2 41
0 75
1 81
3 44
4 41
5 40
4 60
3 66
1 72
2 66
0 41
5 40
4 43
3 41
1 41
2 41
5 41
0 41
4 42
3 41
1 59
5 64
2 41
4 41
0 42
3 42
5 41
1 40
4 40
2 40
3 40
5 40
4 43
0 43
1 39
2 42
5 77
3 77
4 49
1 40
0 45
5 41
4 61
3 64
2 43
1 40
4 45
5 48
0 43
3 59
2 40
1 86
4 82
5 40
3 41
0 40
2 40
4 41
5 41
1 40
3 42
4 40
0 41
5 44
2 43
1 40
3 40
4 40
5 40
2 43
3 43
4 55
5 39
4 61
3 82
2 42
5 41
4 40
3 43
2 41
5 42
4 42
3 41
5 41
2 43
4 41
3 41
5 40
4 41
2 43
3 42
5 41
4 42
2 53
3 107
5 130
4 48
5 44
4 75
3 75
2 41
5 42
3 40
2 40
5 40
3 41
2 39
5 41
3 41
5 41
