0 0 311
0 1 316
0 2 439
0 1 109
0 0 117
0 2 249
0 1 43
0 0 50
0 2 189
0 1 47
0 0 55
0 2 187
0 1 49
0 0 49
0 2 238
0 1 50
0 0 61
0 2 193
0 1 48
0 0 69
0 2 186
0 1 52
0 0 55
0 2 183
1 0 64
1 2 189
1 1 201
0 1 49
0 0 54
0 2 187
1 0 49
1 2 188
1 3 194
0 1 77
0 0 82
1 0 68
1 1 190
0 2 255
1 2 377
1 0 45
1 3 303
1 2 320
2 1 105
2 0 119
0 0 110
0 1 116
2 2 343
0 2 420
1 0 42
1 1 188
1 2 200
2 1 42
2 0 45
0 1 50
0 0 53
2 3 313
0 3 271
1 0 48
1 1 188
1 2 191
2 1 54
2 0 60
3 0 195
3 1 195
0 0 52
0 1 48
2 2 445
3 2 461
1 0 43
0 2 451
1 1 192
1 2 254
2 1 51
2 0 65
3 0 193
3 1 204
0 1 40
0 0 41
3 2 376
2 2 391
1 0 55
1 1 191
0 2 369
1 2 346
3 3 181
3 1 193
3 2 222
2 0 48
2 1 50
2 2 200
1 0 50
0 1 45
0 0 57
1 1 191
1 2 358
3 3 181
3 1 187
0 2 425
3 2 366
2 0 47
2 1 49
2 2 188
1 0 50
1 1 342
1 2 341
0 0 69
0 1 78
3 3 194
3 1 205
0 2 230
3 0 275
2 1 44
2 0 45
1 0 42
2 3 195
1 3 186
3 0 200
3 1 204
1 2 342
3 2 348
0 0 46
0 1 46
0 2 186
2 1 83
2 0 81
1 0 74
1 3 187
3 1 207
3 0 363
1 1 369
2 2 388
3 2 390
0 1 39
0 0 43
0 2 244
1 0 52
2 0 71
2 1 69
3 1 206
3 0 319
1 1 312
3 2 522
1 2 523
2 2 491
3 1 366
3 0 379
3 2 392
2 0 102
1 0 107
0 0 133
2 1 124
0 1 148
1 1 234
0 2 483
1 2 468
2 2 656
3 0 185
3 1 191
3 2 264
1 0 54
0 1 61
0 0 70
2 0 61
2 1 59
1 1 191
1 2 446
0 2 558
3 3 187
2 2 542
3 0 200
3 2 315
1 0 48
1 3 240
1 2 250
2 0 78
2 1 70
0 0 82
0 1 82
4 0 65
3 3 202
3 1 203
2 2 390
0 2 389
3 0 295
4 3 270
4 1 286
1 0 43
1 1 185
1 2 187
4 0 263
2 0 262
2 1 273
0 1 88
0 0 102
4 3 489
3 3 332
4 2 528
3 1 365
2 2 679
1 0 46
3 2 570
0 2 581
4 0 53
1 1 283
4 2 199
1 2 297
4 1 319
2 1 69
2 0 79
3 3 197
3 2 205
0 0 41
3 1 347
0 1 58
2 3 357
0 2 196
4 0 283
1 0 52
4 2 416
5 0 71
4 1 465
1 3 268
2 1 55
2 0 57
3 3 258
5 1 351
4 0 52
1 2 475
3 0 515
4 2 188
4 1 284
5 2 624
0 1 52
0 0 54
3 2 638
2 2 616
5 0 266
1 0 66
4 0 64
2 1 63
2 0 68
3 3 190
0 2 715
5 1 650
4 2 370
3 1 368
1 1 500
4 1 472
5 2 821
5 0 40
0 1 48
0 0 52
4 0 44
1 2 825
5 1 246
1 0 46
3 2 873
4 2 196
4 1 253
2 2 845
1 3 194
2 0 67
2 1 63
5 2 846
0 2 833
4 0 79
5 0 60
3 0 275
4 3 202
1 2 825
5 1 254
0 1 54
0 0 62
2 3 512
3 1 526
4 2 494
3 2 615
1 0 63
5 2 551
1 3 183
2 1 199
2 0 202
4 0 200
0 2 613
5 0 87
1 2 641
3 3 337
4 2 447
4 1 460
3 1 363
5 3 330
3 0 376
2 2 578
5 2 474
1 0 61
0 1 76
4 0 74
0 0 100
1 2 251
5 0 42
3 3 367
2 1 70
2 0 74
1 1 603
4 1 618
4 2 652
0 3 661
5 1 550
3 1 614
4 0 55
3 2 683
5 2 699
2 2 468
1 0 64
4 2 234
4 1 278
5 0 64
1 3 193
0 1 48
0 0 54
5 2 294
3 1 196
2 0 46
2 1 47
1 1 486
5 1 475
4 0 51
3 0 440
4 2 196
0 2 549
3 2 562
4 1 237
2 2 545
5 0 47
1 0 45
3 1 192
4 0 43
0 0 64
0 1 71
5 1 488
2 0 61
2 1 55
5 2 516
1 1 523
4 2 194
1 2 577
3 0 537
5 0 38
3 2 613
4 1 395
5 3 179
1 0 36
4 0 62
3 3 341
0 2 908
2 2 896
4 2 202
1 1 532
5 2 782
2 1 50
2 0 52
3 0 611
0 0 53
0 1 52
4 1 394
1 2 798
5 0 32
3 2 868
4 0 59
5 3 187
1 0 49
4 2 195
4 1 339
2 2 690
1 1 391
3 1 188
0 2 792
3 0 271
5 2 909
1 2 762
2 0 157
2 1 162
4 0 72
0 1 53
0 0 60
3 2 666
1 0 47
4 2 197
4 1 321
5 0 45
3 1 195
1 1 409
2 2 744
4 0 47
0 2 688
5 1 514
4 2 188
3 0 515
1 2 677
2 0 45
2 1 46
4 1 318
5 2 732
3 2 722
1 0 40
5 0 43
0 0 46
0 1 54
4 0 39
2 2 620
3 1 295
4 2 292
1 1 650
5 1 646
1 2 818
3 0 654
4 1 569
5 2 853
2 1 51
2 0 52
3 2 781
1 0 63
5 0 68
4 0 49
0 2 924
4 2 204
5 3 393
1 3 416
0 1 49
0 0 51
4 1 364
3 0 357
3 3 439
2 2 825
5 2 1009
1 2 1014
3 2 984
2 1 80
2 0 90
4 0 109
4 1 204
4 2 207
0 2 849
1 0 46
5 0 51
2 2 480
3 1 211
1 3 286
4 0 75
0 0 95
0 1 100
3 3 289
5 1 362
4 2 213
3 0 429
5 2 552
1 2 562
4 1 343
0 2 419
2 1 49
2 0 56
5 0 48
1 0 46
4 0 44
3 1 342
4 2 341
5 1 494
0 0 50
0 1 48
2 2 547
5 2 584
3 2 598
1 1 622
3 0 667
4 1 647
5 0 41
4 0 38
0 2 378
2 1 65
2 0 68
1 2 1166
5 3 467
3 1 195
4 3 472
1 0 36
5 1 607
4 1 698
2 2 492
3 2 488
3 0 552
0 0 63
5 0 71
1 1 402
0 1 75
4 0 40
1 2 588
5 3 302
2 0 54
2 1 52
3 1 353
4 2 340
3 3 406
4 3 387
1 0 46
5 2 637
0 2 780
1 3 291
3 2 772
4 0 48
2 2 761
4 2 193
4 3 193
5 0 59
0 0 92
1 2 604
0 1 97
5 1 288
2 1 66
2 0 82
3 1 227
3 0 277
1 0 36
5 2 566
4 0 48
1 3 182
4 2 190
4 1 191
0 2 778
5 0 54
2 2 697
5 1 197
1 2 707
0 1 45
0 0 45
3 2 1111
2 0 84
4 0 85
2 1 116
1 0 45
4 2 213
5 2 646
5 0 39
3 0 299
4 3 388
1 1 294
3 3 387
0 2 649
5 3 264
4 0 36
3 2 789
2 2 1058
1 2 909
4 3 365
4 1 372
0 1 80
0 0 86
2 1 83
2 0 87
1 0 66
5 2 913
1 3 220
4 0 51
3 1 217
3 3 223
5 0 51
4 2 218
4 1 345
2 2 684
5 1 343
1 2 751
0 2 838
3 2 726
5 2 588
1 0 175
2 0 164
2 1 163
1 3 283
5 0 104
0 0 171
4 0 153
0 1 165
3 3 183
0 3 384
4 2 384
1 2 620
4 1 517
5 1 503
3 0 461
2 2 633
5 2 671
3 2 585
4 0 52
1 0 269
4 3 339
5 0 109
2 0 94
2 1 102
4 1 567
3 3 178
3 1 192
1 1 629
5 1 474
1 2 687
4 0 47
5 2 674
2 2 664
4 2 191
4 1 209
5 0 60
1 0 63
3 2 627
2 1 50
2 0 63
5 1 407
1 1 417
5 2 437
3 3 180
1 2 463
3 1 209
3 0 352
4 0 50
2 2 400
4 3 188
4 2 191
5 0 43
5 2 188
5 1 188
4 0 74
3 1 200
2 1 52
2 0 56
3 2 235
3 0 276
4 3 191
4 1 277
2 2 227
5 0 76
5 2 194
5 3 191
4 0 212
4 2 366
3 2 205
3 0 231
2 0 79
5 0 57
2 1 88
4 3 479
3 3 342
2 3 217
5 1 201
5 2 218
4 0 38
4 1 186
4 2 249
3 3 182
3 2 199
3 1 254
5 0 41
5 1 186
5 2 187
2 1 42
2 0 40
4 0 44
2 2 296
4 1 191
4 2 242
3 2 186
3 3 187
3 1 238
5 0 40
5 1 183
5 2 188
4 0 40
4 1 182
4 2 184
2 1 45
2 0 47
2 2 182
5 0 35
5 1 184
5 2 187
4 0 37
4 1 184
4 3 186
2 1 36
2 0 39
5 0 47
4 0 40
2 2 356
4 2 194
5 2 262
5 1 347
4 1 346
5 0 44
5 1 184
5 2 185
5 0 35
5 1 183
5 2 185
5 0 32
5 3 179
5 2 184
5 0 40
5 3 178
5 2 183
5 0 34
5 3 179
5 2 180
5 0 32
5 3 209
5 2 213
5 0 34
5 1 182
5 2 183
5 0 37
5 1 183
5 2 182
5 0 37
5 2 182
5 1 183
