0 1 288
0 0 296
0 2 378
0 1 33
0 0 20
0 2 46
0 1 16
0 0 26
0 2 44
0 1 17
0 0 21
0 2 45
0 1 16
0 0 23
0 2 47
0 1 23
0 0 23
0 2 47
0 1 15
0 0 17
0 2 42
0 1 14
0 0 20
0 2 43
1 0 70
1 2 47
1 1 206
0 1 13
0 0 22
0 2 41
1 0 13
1 2 40
1 3 355
1 0 14
1 1 42
1 2 42
0 0 13
0 1 19
0 2 42
1 0 15
1 3 40
1 2 39
0 1 17
0 0 19
0 2 39
1 0 20
1 1 42
1 2 44
0 1 14
0 0 18
0 3 157
1 0 14
1 1 46
1 2 46
0 1 14
0 0 14
0 2 39
2 1 14
2 0 17
2 2 40
1 0 13
1 2 39
1 1 41
2 1 11
2 0 16
2 3 39
0 1 25
1 0 27
0 0 55
1 2 61
1 1 61
0 2 99
1 0 14
2 1 18
2 0 20
1 1 43
1 2 68
2 2 60
0 1 10
0 0 15
0 2 39
1 0 12
1 2 40
1 1 42
2 0 12
2 1 15
2 2 38
0 0 14
0 1 11
0 2 39
1 0 15
1 2 40
1 3 82
2 0 15
2 1 13
2 2 41
0 0 18
0 1 11
0 2 44
1 0 12
1 1 44
1 3 203
2 0 13
2 1 14
2 2 40
0 1 10
0 0 13
0 2 39
1 0 12
1 1 41
1 2 40
2 1 12
2 0 15
2 3 39
1 0 17
1 1 39
1 2 41
0 1 13
0 0 17
0 2 39
3 2 41
3 0 43
3 1 62
2 1 32
2 0 36
2 2 62
1 0 15
1 1 40
1 2 40
0 1 15
0 0 19
0 2 43
3 2 40
3 0 40
3 1 44
2 1 14
2 0 24
2 2 39
1 0 18
1 2 47
1 3 134
3 3 39
3 2 39
3 1 41
0 1 12
0 0 14
0 2 40
2 1 12
2 0 13
2 2 39
4 0 11
4 1 40
4 3 59
1 0 11
1 1 40
1 2 39
3 3 39
3 2 41
3 1 41
4 0 11
4 3 39
4 2 40
0 1 11
0 0 17
5 0 15
5 1 46
0 2 57
2 1 17
2 0 22
5 2 63
2 2 85
1 0 15
1 1 43
1 2 40
3 0 41
3 3 42
3 1 42
4 0 12
4 2 39
4 1 38
5 0 15
5 2 41
5 1 42
2 1 12
2 0 19
2 2 41
0 0 19
0 1 16
1 0 12
1 2 153
1 3 155
4 0 28
3 0 47
3 1 45
0 2 178
3 2 66
4 1 96
4 2 101
5 0 11
5 2 39
5 1 39
4 0 10
4 2 61
4 1 62
3 2 45
1 0 24
2 0 16
2 1 16
3 1 63
3 0 64
1 2 80
1 1 86
2 2 70
0 1 12
0 0 12
0 2 38
5 0 12
5 2 39
5 1 40
4 0 10
4 2 40
4 1 40
3 0 39
3 2 39
3 1 39
1 0 11
1 3 38
1 2 40
2 1 12
2 0 13
2 3 38
5 0 11
5 2 39
5 3 39
0 1 10
0 0 12
0 2 39
4 0 14
4 2 39
4 1 40
3 2 39
3 0 39
3 1 40
1 0 19
5 0 12
1 3 45
5 1 39
1 2 63
5 2 62
2 1 10
2 0 11
2 2 38
4 0 12
4 3 39
4 2 41
0 1 11
0 0 12
0 2 38
3 0 40
3 1 40
3 2 39
5 0 14
5 1 40
5 2 41
1 0 12
1 2 39
1 1 40
4 0 12
4 1 39
4 2 38
2 1 10
2 0 11
2 2 39
3 2 38
3 0 38
3 3 42
5 0 11
5 1 39
5 2 38
4 0 11
0 1 16
0 0 18
4 1 40
0 3 61
4 2 78
1 0 12
1 1 39
1 3 40
2 1 11
2 0 12
2 3 38
5 0 14
5 3 41
5 2 41
3 0 41
3 1 42
4 0 12
3 3 136
4 1 40
4 2 40
1 0 12
1 2 39
1 1 39
0 1 10
0 0 13
0 2 39
5 0 11
5 2 39
4 0 10
4 1 39
4 2 54
3 2 39
2 1 10
2 0 14
3 1 57
2 2 40
5 3 383
3 3 335
1 0 11
1 2 38
1 1 38
4 0 42
5 0 13
4 2 66
5 2 41
4 1 89
0 1 14
0 0 15
5 1 68
0 2 38
3 1 39
3 2 41
3 3 41
2 1 12
2 0 13
2 2 39
1 0 12
4 0 14
1 2 39
1 1 47
4 2 41
4 1 50
5 0 12
5 1 38
5 2 39
3 3 39
3 2 39
3 0 39
0 0 11
0 1 13
0 2 38
2 1 9
2 0 14
2 2 38
4 0 11
4 1 39
4 2 39
5 0 14
5 2 39
5 3 38
1 0 12
1 1 39
1 2 40
3 2 38
3 1 39
3 3 39
4 0 12
4 2 39
4 1 39
0 1 11
0 0 14
5 0 12
5 1 39
2 1 10
2 0 12
0 2 63
5 2 79
2 2 66
1 0 10
1 1 39
1 2 38
3 1 40
3 0 41
3 2 41
4 0 11
4 1 39
4 2 39
5 0 12
5 1 40
5 2 41
2 1 10
2 0 13
2 2 39
0 1 11
0 0 15
1 0 13
1 3 39
0 2 72
1 2 79
3 3 40
3 0 42
3 1 41
4 0 11
4 2 39
4 1 39
5 0 10
5 3 38
5 1 39
4 0 11
4 1 40
1 0 13
4 2 59
3 3 46
3 2 50
2 0 15
2 1 14
3 1 64
1 3 49
1 2 70
2 2 62
0 1 13
0 0 14
0 2 39
5 0 9
5 3 38
5 2 38
4 0 12
4 2 40
4 1 40
3 2 38
3 0 39
3 1 39
1 0 11
1 2 38
1 1 39
2 1 9
2 0 11
2 2 38
5 0 11
5 2 38
5 1 39
0 0 12
0 1 11
0 2 38
4 0 11
4 2 40
4 1 40
3 1 39
3 0 39
3 2 39
1 0 10
5 0 12
1 1 57
1 2 58
5 1 59
5 2 62
2 0 12
2 1 12
2 2 39
4 0 11
4 1 38
4 2 39
0 0 12
0 1 12
0 2 41
3 2 38
3 3 40
3 0 40
5 0 10
5 3 38
5 2 38
1 0 11
1 3 37
1 2 38
4 0 10
4 1 38
4 3 38
2 1 10
2 0 10
2 2 39
3 2 38
3 0 38
3 1 38
5 0 10
5 1 38
5 2 39
4 0 13
0 1 11
0 0 13
4 3 39
4 2 41
0 2 40
1 0 9
1 3 38
1 2 38
2 1 12
2 0 14
2 2 38
5 0 12
3 1 39
3 2 67
5 1 72
5 2 75
3 0 76
4 0 9
4 2 39
4 3 46
1 0 10
1 1 38
1 2 38
0 0 11
0 1 11
0 2 42
5 0 13
5 2 38
5 1 39
4 0 11
3 2 39
4 1 60
4 2 59
3 0 62
3 1 62
2 0 12
2 1 13
2 2 39
1 0 11
1 3 38
1 2 37
4 0 14
5 0 16
4 3 39
4 2 42
5 2 39
5 1 43
0 0 12
0 1 10
0 2 39
3 2 39
3 0 40
3 3 40
2 1 11
2 0 11
2 2 38
1 0 9
4 0 9
1 2 38
4 1 39
1 3 84
5 0 15
4 3 80
5 2 38
5 1 39
3 0 39
3 1 38
3 3 38
0 1 9
0 0 10
0 2 37
2 0 10
2 1 11
2 2 38
4 0 10
4 1 38
4 2 39
5 0 9
5 2 38
5 3 39
1 0 10
1 2 38
1 1 38
3 0 38
3 1 38
3 2 39
4 0 10
4 2 38
4 1 38
0 0 10
0 1 11
5 0 9
0 3 38
5 1 39
5 2 40
2 1 11
2 0 14
2 2 38
1 0 10
1 1 38
1 2 38
3 2 38
3 1 39
3 0 39
4 0 9
4 3 38
4 1 38
5 0 11
5 2 38
5 1 38
2 1 14
2 0 17
2 2 42
3 2 38
3 3 39
3 1 40
4 0 25
4 2 38
4 1 39
5 0 10
5 2 38
5 1 38
4 0 9
4 3 38
3 2 40
3 0 40
4 2 59
2 0 13
2 1 15
3 1 72
2 2 38
5 0 11
5 2 38
5 1 38
4 0 11
4 3 38
4 1 38
3 3 38
3 2 40
3 0 41
2 1 11
2 0 11
2 2 40
5 0 10
5 2 38
5 1 41
4 0 11
4 3 38
4 2 39
3 3 38
3 1 39
3 2 39
5 0 10
5 2 38
5 1 38
2 0 12
2 1 11
2 2 41
4 0 10
4 1 38
4 2 39
3 3 39
3 2 39
3 0 39
5 0 10
5 2 38
5 1 38
4 0 10
4 1 38
4 2 39
2 1 12
2 0 13
2 2 37
3 3 38
3 1 39
3 2 40
5 0 9
5 2 38
5 3 38
4 0 9
4 2 39
4 1 39
2 1 11
2 0 13
2 3 38
5 0 12
3 0 39
3 1 39
5 2 41
3 3 104
4 0 10
5 3 127
4 1 39
4 3 45
5 0 10
5 2 41
5 3 42
4 0 14
3 2 40
4 1 68
2 0 11
4 2 70
2 1 15
3 0 71
3 1 71
2 2 39
5 0 11
5 3 38
5 2 39
3 3 38
3 2 38
3 0 38
2 1 11
2 0 12
2 2 38
5 0 10
5 2 38
5 1 38
3 3 38
3 2 38
3 1 38
2 0 11
2 1 11
2 2 38
5 0 10
5 2 38
5 1 39
3 2 39
3 1 39
3 3 38
5 0 13
5 2 38
5 1 39
