0 2 598
0 1 607
0 0 610
0 0 306
0 2 311
0 1 315
0 0 323
0 2 327
0 1 330
1 0 332
1 1 325
1 2 354
0 0 323
0 2 346
0 1 358
1 3 74
1 2 303
1 0 306
0 1 331
0 0 338
0 2 336
1 0 316
1 2 312
1 1 317
2 2 263
1 3 122
0 0 483
0 2 575
0 1 582
2 0 607
1 0 443
2 1 696
1 2 666
2 1 498
0 1 623
0 0 651
1 2 371
2 3 710
1 0 424
2 0 801
0 2 839
2 2 78
1 1 991
0 1 518
0 0 522
3 1 98
3 2 339
1 0 322
0 2 924
2 1 714
3 0 721
2 0 1159
3 1 125
1 1 1010
1 2 1005
2 2 98
0 1 514
0 0 602
3 2 578
1 0 419
0 2 1076
3 0 776
3 1 74
1 2 797
2 0 1073
2 1 1074
1 1 1126
2 2 93
0 0 758
3 2 748
3 3 811
0 1 838
0 2 974
2 1 678
1 2 824
4 0 121
3 1 75
2 0 1182
1 1 1137
2 2 268
0 1 1002
0 0 1065
3 3 831
4 1 946
3 2 1002
1 0 510
2 1 757
0 2 1335
1 2 573
4 3 1585
2 0 1256
3 1 87
0 0 484
1 1 1119
0 1 558
0 3 597
4 0 76
2 3 478
3 3 899
3 0 906
2 1 882
0 0 326
2 0 973
1 2 914
1 0 975
1 1 1128
3 1 86
1 3 73
4 2 1047
4 3 1054
3 2 325
2 2 80
0 2 987
0 1 1024
1 0 740
4 0 63
3 0 823
2 0 636
3 1 63
1 2 926
0 2 413
2 1 892
2 2 70
0 1 791
0 0 802
4 2 765
1 3 74
3 0 678
4 1 911
2 1 507
4 0 83
3 2 1024
3 1 67
2 0 870
1 0 787
3 0 303
2 2 59
1 1 1169
0 0 1121
0 1 1148
2 1 294
4 1 1064
0 2 1311
4 2 1110
5 1 1218
3 2 1187
5 2 1295
4 0 78
3 1 71
1 2 556
2 0 1053
3 0 449
5 0 1822
2 2 67
1 0 1085
2 1 428
1 1 1168
4 2 1027
0 2 1137
0 1 1206
4 1 1269
1 2 290
3 2 1222
0 0 1384
4 0 199
3 1 78
2 0 1256
5 1 1023
3 0 295
2 2 67
5 0 1208
5 2 1213
1 0 970
2 1 294
1 1 1159
4 1 1271
4 2 1343
0 1 1198
3 2 1224
1 2 294
4 0 83
0 0 1383
0 2 1443
2 0 1349
3 0 410
2 2 55
5 0 1307
5 1 1380
5 2 1403
2 1 297
4 1 1061
1 1 1352
3 2 1072
1 0 1476
1 3 59
0 0 1049
3 3 1453
5 0 754
0 2 1141
2 0 1109
4 2 1679
5 2 932
1 2 325
4 0 72
3 1 70
2 3 414
5 1 1355
0 1 1759
2 1 563
2 0 818
3 0 567
4 3 898
1 0 1274
5 3 447
5 0 547
0 0 543
2 2 62
4 2 1340
3 3 1180
5 2 1062
0 2 1034
0 1 1058
2 1 414
4 0 70
1 2 555
3 1 73
2 0 1058
2 2 68
1 0 1065
1 1 1204
2 1 294
0 0 1052
0 2 1097
1 2 292
4 1 1083
0 1 1175
3 2 1100
5 0 1035
5 2 1164
4 2 1577
2 0 1105
0 0 301
4 0 58
3 3 1728
5 1 1520
1 1 1047
2 1 416
0 2 972
1 0 1487
3 1 55
1 3 61
2 0 832
0 1 1249
4 1 902
2 3 911
5 2 564
1 2 390
5 0 987
2 2 56
0 2 326
3 2 950
4 2 1544
2 1 299
0 0 571
2 0 329
4 0 58
5 1 1359
4 1 536
5 2 289
3 3 1721
5 0 422
1 0 1648
0 1 1291
2 2 70
2 1 393
2 0 535
0 0 452
4 2 1305
5 1 1121
4 0 76
0 2 783
2 2 63
3 2 675
1 1 794
1 2 812
3 0 845
0 1 1245
4 1 736
5 0 607
5 2 703
5 3 736
2 1 690
2 0 695
3 3 1284
0 0 434
4 2 1250
1 0 1520
0 2 592
2 2 264
4 0 253
1 3 243
3 1 63
0 1 1018
2 0 589
2 1 765
4 1 744
5 2 583
1 2 836
5 3 674
0 2 539
2 2 53
5 0 951
4 2 1281
3 2 977
1 0 1257
0 0 824
2 0 289
2 1 310
4 0 69
3 3 1368
0 1 1159
1 3 96
4 1 760
2 2 241
3 1 69
5 2 664
1 2 608
5 0 875
4 2 1238
0 2 814
0 0 868
2 0 571
4 0 57
2 1 622
3 0 557
3 2 645
1 0 1352
2 2 74
3 1 65
0 1 1373
4 1 512
5 1 1554
2 0 459
5 2 578
0 0 644
4 2 1244
2 1 909
5 0 644
3 0 926
1 1 437
4 0 58
2 2 56
4 1 287
0 3 1023
2 0 288
3 3 1325
1 2 965
5 1 1354
2 1 646
0 1 1485
3 1 77
1 0 1401
4 2 1263
5 3 528
5 2 548
2 2 94
1 3 96
4 0 65
5 0 706
2 1 443
3 3 1086
3 2 1101
2 0 947
4 1 1056
0 0 1112
1 1 1131
0 2 1107
2 2 179
3 1 75
4 2 1249
0 1 1376
5 0 861
1 0 1446
4 0 70
5 2 909
2 1 645
3 0 556
5 1 1073
2 0 699
3 2 790
2 2 69
3 1 66
0 2 833
4 2 1074
0 1 1155
4 1 1253
0 0 1175
4 0 72
5 2 989
1 2 901
5 1 1007
2 1 817
3 0 826
5 0 1109
1 1 1046
1 0 1195
2 0 1054
3 2 1093
2 2 74
0 2 768
1 1 657
2 0 700
4 1 1181
0 1 1219
0 0 1268
5 3 895
4 2 1309
5 0 1106
4 0 53
2 1 1123
1 2 1130
3 2 1103
3 0 1133
2 2 52
5 1 1359
0 2 406
2 1 287
3 3 1560
2 0 518
1 0 1719
0 0 739
4 1 731
3 1 65
0 1 1135
4 2 1176
5 0 516
2 2 76
5 2 618
4 0 61
5 3 791
1 1 926
1 0 990
1 2 1057
3 2 867
3 0 991
0 1 868
2 1 936
0 2 914
0 0 919
2 0 954
3 1 61
4 2 919
4 1 1090
2 2 64
4 0 47
1 2 861
3 0 812
2 1 640
5 0 1106
5 2 1106
1 0 1110
5 1 1150
1 1 1194
3 2 1182
0 1 1039
3 1 69
0 0 1117
0 2 1147
2 0 1167
4 2 1248
4 1 1264
2 2 58
4 0 58
1 2 741
3 0 789
5 1 962
2 1 567
1 0 970
0 1 672
5 0 1154
5 2 1157
3 2 1124
1 1 1426
0 0 1294
1 3 55
4 1 1132
0 2 1383
3 3 459
2 0 1435
4 3 1556
5 3 895
2 2 63
5 0 1039
3 0 874
1 0 716
3 2 930
0 1 611
5 2 1183
1 2 876
0 0 684
4 0 81
2 1 517
0 2 1089
3 1 58
4 2 464
2 0 1034
1 3 177
2 2 57
4 3 1039
3 0 709
5 0 666
0 0 557
1 2 755
2 1 588
3 3 967
4 0 59
5 2 1111
1 0 1205
0 2 1114
2 0 1005
5 1 1291
0 1 1365
3 1 222
2 2 207
4 2 871
3 0 779
4 3 1066
3 2 818
2 1 823
5 0 879
3 1 64
0 0 868
1 2 793
5 1 1042
2 0 1210
0 1 978
4 0 55
1 0 1000
3 0 417
3 2 576
4 2 351
0 2 1314
1 1 1269
5 2 1426
2 1 460
3 1 254
1 2 465
4 1 1145
2 0 1168
4 0 56
2 3 1277
2 2 56
0 0 1215
0 1 1231
3 2 1222
0 2 1235
5 0 1225
1 1 1412
1 0 1496
2 1 436
5 2 1352
3 3 1608
1 3 59
0 0 296
5 1 1705
1 2 294
4 3 1411
3 1 59
4 2 1464
2 0 1172
3 0 291
5 0 552
0 2 1020
2 2 67
4 0 65
0 1 1083
3 2 525
1 0 1008
5 1 1001
2 1 450
5 2 1039
1 3 57
4 1 913
2 0 1024
4 3 964
0 3 815
2 2 79
3 0 864
0 0 966
0 1 973
5 2 726
3 2 1110
4 0 59
2 0 513
1 2 863
3 3 1245
5 0 1081
2 1 642
5 1 1204
1 0 1067
4 1 376
3 1 66
4 2 722
5 2 454
5 3 448
4 0 69
5 0 662
1 2 287
1 1 293
3 2 694
3 3 788
4 1 771
5 2 294
4 2 949
1 0 952
4 0 237
5 0 660
1 3 73
3 0 533
4 3 444
1 2 377
3 2 754
5 1 972
4 1 671
3 3 964
5 2 287
1 0 762
5 0 304
4 0 230
3 1 54
5 1 714
1 3 61
4 1 653
1 2 297
5 2 290
3 2 641
4 2 989
5 0 548
4 0 47
3 3 1139
4 3 286
1 0 1118
5 1 1214
3 1 54
4 2 850
5 0 405
3 0 554
5 2 599
1 2 434
4 0 53
1 1 532
4 1 288
3 3 968
5 1 966
4 3 338
1 0 803
3 1 75
4 0 64
5 0 554
1 2 412
3 2 392
3 0 415
5 2 817
5 1 862
1 1 880
1 0 883
4 3 856
4 2 920
5 2 366
3 0 290
5 0 471
3 2 475
4 0 49
5 1 638
3 3 651
5 2 289
4 1 453
3 1 52
5 0 629
4 2 800
4 0 46
5 1 795
3 2 541
5 3 286
5 2 287
3 3 635
4 2 512
4 1 644
5 0 585
4 0 74
3 1 61
4 2 670
3 3 542
5 3 287
5 2 288
4 1 787
3 2 678
4 0 54
5 0 668
4 3 285
4 1 411
4 0 55
5 3 299
5 2 289
5 0 418
4 2 296
4 1 415
5 3 286
5 0 287
5 2 290
5 2 289
5 1 289
5 0 297
5 0 291
5 2 287
5 1 289
5 1 287
5 2 287
5 0 291
