0 2 452
0 1 451
0 0 461
0 0 151
0 1 154
0 2 153
0 1 181
0 2 183
0 0 185
0 0 148
0 1 151
0 2 149
0 1 182
0 0 184
0 2 185
1 0 211
1 1 224
1 2 239
1 3 49
0 2 180
0 0 185
0 1 201
1 2 164
1 0 271
1 2 152
1 1 168
1 0 196
0 0 176
0 1 215
0 2 220
1 3 29
1 2 147
1 0 147
0 2 148
0 1 149
0 0 153
1 2 157
1 0 168
1 1 170
0 1 156
0 0 157
0 2 153
1 1 147
1 0 149
1 2 150
2 2 27
2 0 147
2 1 150
3 1 54
3 0 167
0 1 158
0 2 155
3 2 213
0 0 404
1 2 247
1 1 249
1 0 256
2 1 146
2 0 147
2 3 148
3 1 27
3 2 147
3 0 149
1 2 177
0 0 155
1 1 304
1 0 306
0 2 276
0 1 279
2 2 27
3 1 32
2 1 147
2 0 149
3 2 147
3 3 152
1 0 152
1 1 152
1 2 156
0 1 154
0 0 159
0 3 157
3 1 38
2 2 31
3 2 154
3 3 157
2 0 148
2 1 146
1 1 148
1 0 150
1 2 150
3 1 37
3 0 151
0 0 157
0 2 156
2 2 31
3 3 278
0 1 280
2 1 149
2 0 152
1 3 27
1 2 147
1 0 148
3 1 27
3 0 148
3 2 149
2 2 27
0 0 151
0 1 152
0 2 208
2 1 147
2 0 219
1 3 26
1 0 145
1 1 155
3 1 32
3 0 150
3 2 146
2 1 185
0 1 245
2 3 281
3 1 30
1 2 201
0 0 286
2 0 312
1 0 234
0 2 323
3 0 164
3 2 189
1 1 359
2 2 64
4 0 48
3 1 54
1 0 236
2 1 356
0 1 224
1 2 323
3 0 363
4 1 385
3 2 411
1 1 476
2 0 527
0 0 402
4 3 506
0 2 484
4 0 25
4 3 233
4 2 236
3 1 37
2 2 36
1 0 239
3 2 162
1 1 386
2 0 325
0 0 150
0 1 149
1 2 501
3 0 429
2 1 427
0 2 213
4 0 26
4 1 145
4 2 146
1 3 27
3 2 154
3 0 225
3 3 228
2 2 26
1 0 281
1 2 309
2 0 149
4 0 29
2 1 180
4 1 158
4 2 155
0 2 148
0 1 158
0 0 158
3 1 23
3 3 149
3 0 150
1 1 151
1 2 151
1 0 155
4 0 26
2 2 30
4 1 148
4 2 151
2 0 252
2 1 251
5 0 151
5 2 147
5 1 160
3 1 27
0 2 146
4 0 36
3 3 297
3 2 304
0 1 305
0 0 327
1 1 160
1 2 171
4 1 240
4 2 370
1 0 388
2 2 29
2 1 147
5 0 146
5 1 146
2 0 292
3 1 25
5 2 284
4 0 26
3 2 228
3 3 239
1 3 29
4 1 243
4 2 320
1 2 153
0 2 150
0 0 163
1 0 347
0 1 354
5 2 147
5 0 147
5 1 212
2 2 27
4 0 34
2 0 286
2 1 336
3 2 155
3 0 219
4 3 231
4 2 288
3 3 306
1 2 149
1 1 194
1 0 252
4 0 33
5 0 229
5 2 290
0 2 260
5 1 366
0 0 319
3 1 27
0 1 436
4 1 419
4 2 433
2 0 219
2 1 222
3 3 242
1 3 29
2 3 398
3 2 366
5 2 236
1 0 229
4 0 49
5 0 306
5 3 331
1 2 342
4 2 164
4 1 202
3 1 31
2 2 28
0 1 271
0 0 326
0 2 342
3 0 264
4 0 30
2 1 301
1 3 26
2 0 340
3 2 368
5 1 277
5 2 283
1 2 147
5 0 351
4 1 319
4 2 361
1 0 298
3 1 31
3 3 144
3 0 146
4 0 28
2 2 31
2 1 147
5 2 406
1 2 201
5 0 509
0 0 474
4 1 461
5 1 559
4 2 517
0 1 532
2 0 501
0 2 572
3 1 33
1 1 403
1 0 449
3 2 168
4 0 26
5 2 146
3 3 305
5 0 300
4 1 294
5 1 439
4 2 427
1 3 30
2 1 152
3 1 78
1 0 334
0 1 346
2 3 359
0 0 358
4 0 42
2 0 476
4 2 173
1 1 505
0 2 529
3 0 293
5 3 257
5 2 300
3 2 449
4 1 413
5 0 444
2 2 30
4 0 27
3 1 48
1 0 339
4 1 339
2 1 411
2 0 414
4 2 386
1 2 437
1 1 477
0 1 289
3 0 463
5 3 416
0 2 415
5 2 440
5 0 485
0 0 477
3 2 500
4 0 36
4 2 192
4 1 193
2 2 40
5 0 266
3 2 261
1 2 500
2 1 510
1 1 526
5 1 524
3 0 494
1 0 555
4 0 27
2 0 551
5 2 580
3 3 560
0 2 231
0 0 231
4 1 231
0 1 380
4 2 370
3 1 36
5 0 249
5 2 253
2 2 28
3 2 213
5 1 356
1 0 262
1 1 300
3 0 366
2 0 255
4 0 30
1 2 378
2 1 326
4 1 147
4 2 151
3 1 29
5 2 153
0 1 154
5 0 371
1 0 191
1 1 196
5 3 428
0 0 432
0 3 449
4 0 61
2 2 56
3 2 431
4 2 169
2 0 158
3 0 485
4 1 219
1 2 471
2 1 368
5 0 190
5 1 152
5 2 146
3 1 24
3 2 149
3 0 151
4 0 29
1 2 145
2 2 28
4 1 375
0 0 383
0 2 414
4 2 471
2 1 147
1 1 353
5 0 147
0 1 546
1 0 445
2 0 354
5 1 285
5 2 348
4 0 29
3 0 186
3 2 291
1 3 27
3 3 317
4 1 258
4 2 312
1 2 150
1 0 283
0 2 193
2 2 38
5 3 184
0 0 286
4 0 29
2 0 150
0 1 369
5 0 296
2 1 189
3 1 32
5 1 387
4 1 241
3 0 188
4 2 370
3 3 311
1 3 28
1 0 147
1 2 203
5 0 148
5 2 149
5 3 312
4 0 37
2 2 65
3 1 67
0 1 194
2 1 302
3 0 301
4 1 517
4 3 411
0 0 413
0 2 414
3 2 371
2 0 389
5 0 193
4 0 73
1 2 189
5 1 313
5 2 335
1 0 321
1 1 370
4 3 288
4 2 349
3 1 29
3 2 145
3 0 151
2 2 25
2 1 193
4 0 25
0 0 247
0 1 290
2 0 359
5 0 220
1 2 147
0 2 475
5 1 389
4 2 386
1 0 323
5 2 626
3 1 30
4 3 590
1 1 519
3 3 152
3 2 174
4 0 81
2 2 40
4 2 199
5 2 263
5 3 267
5 0 314
2 1 271
1 3 31
2 0 290
4 1 363
0 1 233
1 2 154
0 2 252
0 0 267
1 0 212
3 1 36
3 0 151
3 2 161
4 0 27
5 0 165
5 1 287
4 3 282
5 2 292
4 2 285
2 2 26
1 3 25
2 0 148
2 1 169
1 2 174
1 0 193
4 0 37
3 0 253
0 2 365
0 0 381
0 1 488
4 3 343
5 2 341
3 3 481
5 1 369
3 2 537
5 0 466
4 1 469
2 2 32
4 0 34
3 1 43
2 1 292
2 0 303
1 0 283
1 2 295
1 1 378
5 2 346
3 2 476
0 2 288
4 1 522
5 0 484
3 3 594
5 1 525
0 0 431
4 2 630
0 1 472
4 0 24
1 3 41
2 2 41
4 1 312
4 2 337
2 0 284
5 2 288
5 0 395
3 2 385
1 2 442
2 1 457
3 0 458
5 1 513
1 0 553
3 3 554
0 0 167
0 2 177
4 0 39
0 1 236
4 1 280
4 3 280
3 1 42
1 3 42
2 2 35
1 2 196
5 2 218
3 2 299
5 0 312
2 1 200
2 0 199
5 1 464
3 3 460
4 0 28
1 0 496
4 1 148
4 2 185
5 3 181
3 1 34
0 1 204
5 0 287
5 2 312
0 0 265
3 0 229
0 2 377
3 3 371
2 2 95
1 2 305
1 1 337
4 0 50
1 0 397
2 1 225
4 2 196
2 0 368
4 3 335
5 0 148
5 1 155
5 2 223
3 1 62
4 0 133
3 0 380
2 2 62
1 2 401
1 0 424
0 1 477
1 1 485
2 1 192
3 2 569
0 2 560
0 0 571
4 1 548
5 1 249
4 3 583
5 0 352
5 2 389
3 0 221
3 3 233
3 2 236
4 0 46
2 0 702
4 2 173
4 3 190
2 2 32
0 2 285
0 0 290
0 1 296
5 1 294
5 0 295
2 1 152
5 2 376
3 1 30
2 0 255
4 0 32
3 2 230
3 3 234
4 1 230
4 2 234
5 1 149
5 0 149
5 2 148
2 2 39
4 0 47
3 1 78
0 2 249
0 0 277
2 1 195
0 1 287
2 0 254
4 2 360
4 1 365
3 2 347
3 3 297
5 2 143
5 0 158
5 1 158
4 0 26
4 1 145
4 2 146
2 2 34
2 0 166
0 1 178
0 0 175
2 1 283
0 3 282
5 2 169
5 0 180
5 1 179
4 0 69
4 1 298
4 3 294
2 2 33
5 0 150
5 1 151
5 2 214
2 1 147
4 0 33
2 0 215
4 2 165
4 1 166
5 0 148
5 3 145
5 2 145
2 0 144
2 3 143
2 1 158
5 0 144
5 2 143
5 3 153
2 2 26
2 0 144
2 1 155
5 0 147
5 2 147
5 3 146
2 2 28
5 0 152
5 2 284
2 0 282
5 3 301
2 1 305
5 0 144
5 2 145
5 1 143
2 2 33
2 0 162
2 1 192
5 1 144
5 2 145
5 0 145
5 1 144
5 2 145
5 0 145
