0 2 614
0 1 614
0 0 617
0 1 337
0 2 340
0 0 352
0 0 340
0 1 343
0 2 338
1 0 474
1 1 473
1 2 509
0 0 430
0 2 429
0 1 436
1 3 96
1 2 347
1 0 353
0 0 391
0 2 435
0 1 558
1 2 396
1 0 545
1 1 545
1 3 69
0 0 390
0 2 400
1 2 396
0 1 670
1 0 690
1 2 346
0 0 338
1 0 595
1 1 606
0 1 628
0 2 636
1 2 381
1 1 427
1 0 435
0 0 397
0 2 438
0 1 442
1 1 322
1 0 322
1 2 342
0 0 334
0 1 334
0 2 324
1 0 332
1 2 322
1 1 334
2 2 186
0 0 525
2 1 598
0 1 739
1 0 563
1 2 582
0 2 946
2 0 938
0 1 364
2 1 321
1 1 1330
0 0 517
2 3 731
1 0 327
1 2 322
0 2 1069
2 0 1019
1 1 613
0 0 382
0 1 381
0 3 385
1 3 79
2 2 87
2 0 455
1 0 458
1 2 660
2 1 782
1 3 84
2 2 79
0 0 384
0 1 468
0 2 555
2 1 325
1 0 414
1 1 740
2 0 725
2 2 79
0 0 451
0 1 469
0 2 700
1 0 348
2 1 516
1 2 518
2 0 731
1 1 678
2 2 67
0 0 430
0 1 562
1 0 459
0 2 744
2 1 633
1 2 639
2 0 801
1 1 797
0 0 690
0 1 697
2 3 566
1 0 577
2 1 641
1 2 640
0 2 949
2 0 896
1 1 893
1 3 75
3 1 71
0 2 476
2 2 61
0 0 541
0 1 712
1 0 711
3 2 408
2 0 328
1 2 751
3 0 906
2 1 909
3 1 62
2 2 69
0 0 570
0 1 650
3 2 563
1 0 639
0 2 866
1 2 885
1 1 877
3 0 1014
2 0 987
2 1 990
3 1 95
2 2 67
0 0 556
1 2 602
3 2 558
2 1 546
0 1 769
1 0 794
0 2 922
1 1 926
3 3 883
2 0 830
1 3 88
2 2 69
0 0 442
3 1 58
0 2 689
1 2 595
2 0 580
2 1 591
3 2 325
0 1 835
1 0 777
3 3 598
2 2 68
0 0 446
3 1 59
0 1 696
2 1 682
0 2 898
1 0 723
2 0 848
1 2 785
1 1 796
3 3 632
3 0 816
2 2 70
1 3 96
0 0 441
3 1 58
0 1 699
0 2 716
2 0 606
1 0 589
3 2 323
2 1 774
1 2 789
3 0 777
3 1 76
1 3 69
0 1 488
2 0 693
0 2 590
2 3 769
2 1 795
1 0 473
0 0 708
3 2 735
3 0 789
1 2 797
2 2 228
3 1 74
0 1 332
2 1 757
2 0 793
0 0 628
3 2 630
1 0 325
0 2 744
3 0 731
2 2 83
3 1 70
1 1 755
1 2 795
1 3 70
3 2 470
0 0 473
0 1 482
2 1 723
3 0 715
2 0 789
1 0 487
3 1 62
0 2 1006
4 0 61
1 1 1170
3 0 756
0 1 326
2 1 539
3 2 1018
2 0 1183
4 3 1179
2 3 1267
0 2 1175
4 1 1350
0 0 1256
1 0 735
1 2 760
1 1 786
3 0 631
3 3 653
3 2 905
2 2 206
4 0 62
0 0 560
3 1 58
0 1 813
0 3 879
1 1 998
2 0 1010
1 0 1030
1 2 1091
4 3 822
2 1 1132
4 2 1073
2 2 65
3 0 954
0 0 441
3 3 1105
4 0 76
0 2 863
1 2 685
2 1 667
4 1 443
3 1 58
0 1 1142
1 1 959
2 0 933
1 0 1069
2 2 79
3 2 517
0 0 643
2 1 691
4 2 1340
1 2 705
4 0 58
0 2 1019
5 0 463
2 0 1137
1 1 1138
4 1 455
2 2 83
0 1 1397
3 3 1561
1 0 1399
5 2 924
2 1 338
0 0 620
3 1 60
1 2 586
2 0 1050
3 2 355
2 2 54
5 1 1829
4 2 1667
4 0 58
0 2 1164
2 1 335
1 1 1165
0 1 1600
5 0 591
1 0 1667
2 0 908
4 1 733
5 2 876
1 3 75
2 2 82
0 0 325
3 3 1777
0 2 646
5 1 1459
2 0 608
1 2 629
2 1 625
4 2 1696
4 0 68
2 2 64
5 2 565
3 0 553
2 0 448
2 1 541
0 1 1640
5 0 885
1 0 1627
3 2 897
4 1 888
0 2 474
5 1 1437
2 2 78
1 3 84
0 0 614
4 2 1588
5 0 334
3 3 1754
2 0 547
4 0 57
1 2 627
2 1 635
5 2 551
4 1 320
0 1 1549
3 1 88
2 2 75
2 1 324
5 1 1346
3 2 496
2 0 502
1 0 1663
0 0 589
0 2 625
4 2 1343
5 3 336
5 0 735
5 2 755
4 0 121
2 2 119
3 3 1508
0 1 1374
2 1 695
3 1 61
1 2 781
3 0 394
4 2 1170
0 0 909
2 0 1307
1 0 1262
1 1 1320
5 0 830
4 3 1432
2 2 64
3 2 761
0 1 1134
5 1 1185
3 1 87
4 0 66
5 2 1577
0 2 1842
2 1 867
4 1 391
1 2 979
1 0 970
3 0 785
2 0 1242
3 3 964
1 1 1361
2 2 101
1 3 85
5 0 810
0 0 789
4 2 1336
3 1 67
2 1 584
0 2 1151
4 0 62
5 2 1216
1 2 565
2 0 761
5 1 1453
0 1 1608
2 2 226
3 2 701
2 1 477
4 1 901
2 0 899
1 0 1760
5 0 766
0 0 732
2 2 76
5 2 886
0 2 907
3 3 1641
4 2 1585
2 1 324
5 1 1413
4 0 83
2 0 720
1 3 92
0 1 1567
3 1 87
2 2 77
4 1 809
5 2 680
1 2 848
1 0 1014
4 2 1043
0 2 854
0 1 881
2 0 720
4 0 83
5 0 1108
5 3 1212
3 0 1114
2 1 915
3 2 1212
0 0 1351
4 2 534
3 1 106
2 2 123
4 1 1021
1 0 724
4 0 57
0 1 563
1 1 1058
1 2 1120
4 2 371
2 0 1195
1 3 75
3 0 1287
2 1 1310
5 2 1150
0 2 1247
5 3 1237
2 2 65
1 0 330
3 2 1444
5 0 1275
0 0 1388
4 1 1070
4 0 72
2 0 613
1 2 1017
0 2 770
2 1 1001
3 0 897
5 2 567
2 2 108
3 3 1097
1 3 70
0 0 1180
3 2 1231
2 0 377
0 1 1295
4 1 1222
2 1 670
5 0 1242
4 2 1376
5 1 1328
3 1 101
1 2 992
4 0 245
2 2 87
0 0 897
0 3 945
1 0 1521
5 2 749
2 0 637
3 0 961
2 1 747
0 1 1318
3 2 1170
4 2 1178
5 1 1144
4 1 1245
5 0 1178
3 1 74
4 0 85
1 0 622
4 2 442
1 1 905
2 0 951
2 1 1074
5 2 673
2 3 1203
1 2 1190
3 2 1156
3 0 1206
4 1 1030
3 1 82
5 0 1333
5 3 1338
4 0 81
1 0 560
1 1 564
2 2 79
4 2 379
2 0 356
3 2 890
4 1 687
1 2 1144
5 2 321
5 1 324
3 0 1135
4 0 77
2 1 956
2 2 66
5 0 763
4 2 655
2 0 468
3 0 578
2 1 593
3 3 713
4 1 948
5 2 482
4 0 55
5 1 606
3 2 893
5 0 969
4 2 520
2 2 77
3 1 64
4 1 718
2 0 327
4 0 64
5 0 543
2 1 810
4 1 455
5 1 732
3 3 793
5 3 874
3 0 855
4 2 698
4 0 66
3 1 61
4 2 334
5 2 320
4 1 687
5 3 586
3 0 592
4 0 59
5 0 899
3 2 894
4 2 321
3 1 69
4 1 823
3 0 328
4 0 55
5 1 327
5 2 530
3 2 789
4 3 533
3 1 52
5 0 884
3 3 321
4 1 883
5 2 462
5 1 463
3 2 870
4 0 65
5 0 674
4 2 323
3 1 60
4 3 428
5 2 432
5 0 509
5 3 550
3 2 628
4 0 67
3 0 651
4 3 338
4 2 417
3 0 321
5 2 325
4 0 65
3 2 597
3 3 742
5 0 821
5 1 880
4 1 645
3 1 56
4 2 781
5 2 332
4 0 53
5 0 604
4 3 323
3 2 532
5 1 831
3 3 894
4 2 869
5 0 327
5 2 321
5 1 680
4 0 65
3 0 327
3 3 561
5 1 558
5 2 581
4 3 577
3 2 745
5 0 841
4 1 810
3 1 63
5 2 331
4 0 58
5 1 646
5 0 671
3 3 753
3 2 820
4 2 645
5 3 319
5 2 328
4 1 825
4 0 158
3 1 61
5 0 685
3 0 324
4 1 460
4 2 737
3 3 714
4 0 56
5 2 343
5 0 364
5 1 514
4 3 350
4 1 359
3 1 79
3 0 335
5 2 326
5 1 329
4 0 58
4 2 324
3 2 761
5 0 768
3 0 328
5 2 320
4 1 847
4 0 65
3 3 828
5 1 845
3 2 891
5 0 887
4 3 319
4 2 576
5 2 322
3 1 63
5 0 364
5 1 547
4 0 53
3 3 463
3 2 730
4 3 634
5 1 344
3 1 69
5 2 391
4 1 887
5 0 625
3 3 333
4 0 55
3 2 642
5 0 467
5 2 770
5 1 774
4 3 770
4 2 777
5 2 321
4 0 54
5 0 375
5 1 383
4 1 375
4 2 380
4 0 60
5 2 320
5 3 324
5 0 414
4 2 321
4 1 517
4 0 59
5 3 323
5 2 334
4 2 327
5 0 576
4 1 565
4 0 56
5 3 322
4 3 546
4 1 546
5 0 542
5 2 549
4 0 53
4 2 334
5 3 322
5 2 322
4 1 536
5 0 538
5 2 320
5 0 323
5 1 323
5 1 327
5 0 331
5 2 321
5 2 327
5 0 326
5 1 328
