0 0 514
0 1 515
0 2 515
0 1 220
0 0 222
0 2 220
0 0 234
0 1 246
0 2 246
0 0 276
0 1 278
0 2 284
0 1 232
0 0 241
0 2 222
0 0 362
0 1 478
0 2 492
1 2 380
1 0 495
1 1 501
1 3 60
1 2 309
0 2 221
1 0 407
0 0 243
0 1 337
1 0 219
1 1 219
1 2 222
0 1 227
0 2 218
0 0 223
1 3 42
1 0 216
1 2 219
0 0 220
0 2 217
0 1 219
1 0 228
1 1 216
1 2 218
0 2 299
0 0 299
0 1 300
2 2 48
1 0 254
1 2 312
1 1 420
2 1 387
2 0 389
0 0 247
1 2 269
0 1 420
1 0 417
2 1 277
2 3 279
0 2 469
1 1 477
2 0 492
1 1 226
2 2 89
1 2 455
1 0 453
3 1 87
0 0 392
0 1 443
2 0 261
0 3 516
3 2 262
2 1 582
3 0 591
1 0 325
1 1 346
3 1 49
2 2 47
1 2 468
0 1 232
0 0 428
3 2 429
0 2 445
2 0 429
3 0 467
2 1 455
1 1 268
1 2 272
3 1 38
1 0 287
3 2 220
3 3 240
2 2 47
2 1 226
0 1 217
0 0 222
2 0 358
0 2 362
1 3 38
3 1 44
1 2 340
1 0 369
3 2 220
3 3 254
2 2 51
2 1 246
2 0 280
0 0 353
1 3 58
3 1 62
0 1 385
0 2 455
3 0 217
1 1 294
1 0 378
3 3 451
2 1 223
2 3 236
2 0 244
3 1 136
4 0 98
1 0 594
0 1 438
1 2 463
3 0 460
0 0 531
3 2 542
2 2 52
1 1 802
4 1 607
0 2 709
4 3 832
4 0 48
1 0 390
3 2 408
1 2 456
3 0 462
0 0 393
2 0 851
0 1 447
4 2 329
2 2 41
1 1 705
0 2 714
3 1 50
1 0 376
2 1 526
4 3 902
3 2 287
0 1 216
1 2 650
3 0 473
0 0 287
2 0 839
4 0 51
1 1 778
0 2 482
4 2 254
4 1 280
3 1 99
2 2 118
1 3 100
2 0 269
1 0 257
3 2 279
4 0 40
2 1 764
3 0 778
1 2 773
3 1 58
0 2 232
2 2 47
0 1 420
4 2 435
3 0 320
0 0 586
4 1 588
1 0 230
4 0 42
2 0 381
3 2 532
2 1 459
1 1 373
1 2 410
4 2 221
4 1 251
2 2 60
3 0 394
4 0 54
3 3 488
3 2 497
0 0 506
2 1 448
1 2 455
0 2 541
4 1 434
0 1 602
3 1 47
2 0 616
1 1 610
1 0 643
3 0 218
4 2 689
4 0 39
3 3 554
2 2 69
1 3 73
4 1 463
0 0 489
3 1 52
0 2 586
1 2 436
2 1 430
2 0 447
4 2 736
3 2 240
4 0 39
0 1 897
5 0 222
1 0 831
4 3 377
5 2 376
3 3 951
4 2 923
0 0 555
5 1 966
3 1 61
2 1 405
1 2 408
2 3 463
0 2 728
4 0 44
2 0 706
1 1 685
0 1 1026
5 2 435
3 2 567
1 0 1055
5 0 712
2 2 55
1 3 48
4 1 669
3 3 939
0 2 471
5 1 955
0 0 537
2 0 380
2 1 387
1 2 397
4 2 1069
5 2 275
4 0 57
3 0 224
5 0 384
0 1 947
3 2 514
2 2 50
4 1 514
1 0 1120
5 1 1077
0 2 541
2 1 454
0 0 575
3 3 1142
2 0 612
4 2 1049
5 0 262
1 3 61
4 0 62
5 2 307
0 1 970
1 2 216
3 1 46
4 1 285
2 1 217
5 1 918
2 0 546
3 2 666
0 2 559
1 0 928
4 2 1006
3 3 854
5 3 215
0 0 767
5 2 240
2 3 786
0 1 826
4 0 73
5 0 556
3 1 92
4 2 378
2 2 93
1 2 314
1 1 349
4 1 533
1 0 535
4 0 50
0 1 514
3 0 571
2 1 544
2 0 649
0 2 679
1 3 44
3 2 795
0 0 792
3 1 48
5 2 482
4 2 580
5 1 591
2 2 56
4 1 639
5 0 635
3 0 280
1 1 383
4 0 57
2 0 482
2 1 487
1 0 816
0 3 427
5 2 302
3 3 909
0 0 717
4 1 733
5 0 590
1 1 222
1 2 224
3 1 54
4 2 907
2 2 49
0 1 945
4 0 58
2 1 223
2 0 230
3 2 339
5 1 1059
4 1 571
1 0 901
0 2 489
0 0 594
1 2 222
5 0 458
5 2 480
2 2 40
3 3 1099
4 2 990
2 1 219
4 0 66
1 1 488
2 0 342
3 1 46
0 1 1039
4 1 277
5 1 995
1 0 805
3 0 227
4 2 731
3 2 585
0 2 469
4 0 55
5 3 467
2 2 59
0 1 666
0 0 681
3 1 45
1 2 466
1 0 535
5 2 724
5 0 743
4 2 396
1 1 625
2 1 466
2 0 465
4 1 543
3 0 374
3 2 485
4 0 57
2 2 55
1 2 564
5 3 606
1 0 725
0 1 747
5 2 827
1 1 832
0 0 846
5 0 851
0 2 840
4 2 645
4 1 709
2 1 523
3 0 539
3 3 589
4 0 54
3 2 660
2 0 678
1 2 275
2 2 47
3 1 53
1 0 654
1 1 684
4 1 718
4 2 758
2 1 390
1 3 62
4 0 61
0 1 770
3 0 427
0 2 783
0 0 832
5 2 789
5 1 867
2 0 591
5 0 878
1 2 270
3 2 789
3 1 60
5 2 315
1 0 777
2 2 44
4 2 769
4 1 802
0 2 535
3 0 435
4 0 49
5 1 718
2 1 308
2 0 335
0 1 702
1 3 53
5 0 856
1 2 291
4 2 457
3 2 888
0 0 1004
5 2 236
1 0 394
3 1 46
5 3 335
4 1 867
2 2 207
0 1 335
3 0 438
4 0 48
0 2 475
5 0 890
2 1 381
2 0 555
4 2 327
1 2 292
1 0 325
1 1 350
3 2 909
0 0 894
5 2 228
4 1 721
3 0 251
5 1 353
2 2 79
4 0 68
3 3 540
2 1 351
0 1 523
5 0 824
1 2 219
3 2 802
1 0 385
0 0 837
2 0 878
0 2 879
5 1 298
4 3 918
3 1 62
4 1 922
2 2 55
5 0 462
3 3 233
3 0 348
4 0 53
1 1 947
2 1 324
0 0 369
1 3 49
0 1 440
5 2 1008
1 2 246
3 1 55
4 2 610
2 0 865
0 2 809
4 3 742
1 0 527
2 2 63
5 1 414
5 0 429
3 2 417
5 3 469
3 0 481
2 0 248
4 0 198
2 1 479
1 3 88
0 0 339
3 1 64
0 2 594
1 2 434
0 1 624
4 3 608
4 2 667
1 0 564
3 2 457
5 2 436
5 0 443
2 2 52
3 0 524
5 3 540
2 0 279
4 0 57
2 1 469
3 1 73
1 2 389
1 1 536
4 1 569
0 2 533
1 0 811
5 2 522
2 2 48
4 2 848
1 3 54
4 0 62
0 0 744
3 2 777
5 0 726
2 1 318
2 0 338
1 2 310
4 3 319
3 3 1047
0 1 1096
5 1 1076
3 1 55
1 0 879
4 2 895
2 2 59
3 0 264
0 2 589
0 1 648
5 2 529
2 1 274
5 1 557
0 0 709
4 0 42
1 3 54
5 0 660
3 2 667
1 0 226
1 2 271
2 0 602
5 3 422
4 3 608
4 1 693
2 2 53
3 0 327
5 2 670
5 0 718
3 3 450
0 1 447
4 0 46
2 1 324
0 2 623
3 2 697
1 2 267
0 0 734
2 0 627
1 0 557
4 2 603
1 1 673
3 1 50
4 1 685
5 2 531
2 2 51
4 0 53
5 0 715
5 1 713
0 3 350
2 0 369
2 1 467
1 2 401
1 1 492
5 2 438
0 1 802
3 2 871
0 0 843
4 1 781
3 3 987
5 0 630
4 2 936
5 1 874
1 0 996
2 2 72
4 0 83
2 1 380
3 0 364
3 3 422
5 1 418
2 0 603
4 1 613
4 3 625
5 2 588
5 0 632
3 2 638
4 0 206
2 2 72
3 1 45
2 1 237
5 2 563
2 0 434
5 1 675
5 0 689
4 2 714
4 1 608
3 3 555
3 2 610
4 0 51
5 0 265
3 1 44
5 1 412
5 2 415
2 3 233
4 2 451
4 3 513
3 3 327
2 0 403
2 1 417
3 0 404
4 0 47
5 3 240
3 1 44
2 2 43
5 2 419
5 0 494
4 3 474
3 0 325
4 1 535
2 1 328
2 0 356
3 2 472
4 0 38
5 0 227
5 1 447
5 2 474
4 3 471
4 2 542
2 2 46
3 2 231
3 0 288
3 3 322
2 0 267
2 1 274
4 0 48
5 2 271
5 1 319
5 0 354
3 1 40
4 2 375
4 1 425
3 3 267
3 2 296
4 0 65
2 2 64
3 1 49
2 1 224
5 2 575
5 1 590
5 0 635
2 0 382
4 2 474
4 1 515
4 0 43
3 3 495
5 2 222
3 2 557
5 1 463
4 2 429
5 0 494
4 1 463
4 0 48
5 1 217
5 0 439
5 2 439
4 1 438
4 3 439
4 0 44
5 2 217
5 1 405
5 0 422
4 2 410
4 1 422
5 1 216
5 0 219
5 2 220
5 3 214
5 2 219
5 0 221
5 3 213
5 2 218
5 0 220
5 3 214
5 2 216
5 0 220
5 3 214
5 2 218
5 0 220
5 1 216
5 2 217
5 0 220
5 1 214
5 2 217
5 0 218
5 1 214
5 2 216
5 0 220
