0 0 644
0 2 647
0 1 659
0 1 256
0 0 269
0 2 275
0 1 307
0 0 317
0 2 316
0 1 253
0 2 255
0 0 262
0 1 259
0 0 268
0 2 264
0 1 311
0 2 317
0 0 320
0 1 266
0 2 269
0 0 277
1 0 287
1 1 276
1 2 311
0 1 263
0 0 264
0 2 257
1 3 56
1 0 261
1 2 254
0 0 345
0 1 348
0 2 357
1 2 275
1 0 323
1 1 347
1 3 55
0 0 302
0 2 298
1 2 255
0 1 514
1 0 499
2 2 56
2 1 415
0 0 266
2 0 558
1 2 421
1 0 450
0 1 446
1 1 530
0 2 631
1 0 254
2 3 272
0 1 259
1 1 532
2 0 546
0 0 277
2 1 560
1 2 581
0 3 519
2 2 54
1 0 258
1 2 431
1 1 501
2 1 490
2 0 538
0 1 260
0 0 272
0 2 313
2 2 52
1 0 250
1 2 441
1 1 453
2 1 440
2 0 454
0 1 255
0 0 259
0 2 270
1 0 370
2 2 53
1 2 426
1 1 465
2 1 314
2 0 335
0 0 269
1 2 263
2 2 48
0 1 476
1 0 470
0 2 548
2 1 255
1 1 602
2 0 449
1 3 56
1 2 263
0 0 303
0 2 325
3 1 62
1 0 440
0 1 444
2 0 322
2 1 424
3 0 424
2 3 683
3 2 642
1 3 56
3 1 60
1 0 343
1 1 379
2 2 69
0 1 322
3 0 416
0 0 480
3 2 508
2 1 572
0 2 739
2 0 718
3 1 65
1 2 259
1 0 343
1 1 338
3 2 271
2 2 63
3 3 437
2 1 257
0 0 290
0 1 359
0 2 601
1 2 266
1 0 283
2 0 631
3 1 69
1 1 596
3 3 414
3 2 424
4 0 73
2 2 67
2 1 296
4 1 453
3 1 72
0 1 397
0 0 433
1 2 430
1 0 458
4 3 767
3 0 592
2 0 1038
3 3 772
2 2 68
0 2 1191
5 0 312
4 0 90
1 1 1169
2 1 310
5 1 636
3 1 60
1 3 76
0 0 544
4 2 740
3 2 414
1 2 506
0 1 735
3 0 499
2 0 1082
5 2 1220
1 0 621
2 2 70
0 2 1036
4 3 1258
3 1 247
5 1 437
2 1 509
5 0 569
4 0 62
3 0 695
3 2 744
1 2 474
0 1 715
1 0 580
3 1 52
5 2 1083
2 0 1125
4 2 452
2 2 56
0 0 1036
0 2 949
3 0 342
4 1 675
5 1 413
4 0 57
2 1 441
1 1 1208
3 2 836
3 1 56
1 2 307
0 1 661
5 2 1058
3 0 313
4 2 654
2 0 1038
1 0 581
0 0 843
0 2 1002
2 1 256
1 1 855
5 0 1542
1 3 195
4 1 1277
3 2 1029
4 0 60
1 2 388
2 0 745
3 1 57
3 0 272
0 2 702
0 1 762
5 2 498
2 3 1122
1 0 804
5 1 661
4 2 812
2 2 64
0 0 1301
4 1 1004
5 0 1234
4 0 97
1 0 506
3 2 1355
2 1 665
1 2 743
2 0 855
1 1 919
0 1 674
4 2 675
2 2 75
1 3 79
5 3 670
0 2 860
3 3 629
0 0 967
3 0 663
5 2 892
4 1 967
1 0 529
4 0 59
2 0 667
5 0 1230
3 2 1040
2 1 739
1 2 733
0 2 345
0 1 511
4 2 516
3 1 208
1 3 79
0 0 824
4 1 832
4 0 56
2 0 743
2 1 770
5 2 772
3 0 813
2 3 902
5 0 905
1 2 711
3 3 963
0 0 528
5 1 1051
1 0 935
4 3 701
0 2 711
2 2 380
3 1 64
4 2 1302
5 0 624
0 1 1266
2 1 611
5 2 875
3 2 473
2 0 904
4 0 56
5 1 1083
1 2 489
2 2 61
1 1 632
0 3 635
0 0 699
2 1 475
4 1 705
2 0 627
1 0 1076
5 0 478
3 3 1242
5 2 474
0 1 1091
1 3 57
1 1 261
4 2 1175
2 2 54
5 1 1047
3 1 186
4 0 197
2 1 415
1 0 847
2 0 558
5 3 298
0 2 607
5 2 588
3 3 887
3 2 912
2 2 68
0 1 821
4 1 962
0 0 870
4 2 926
5 0 881
1 2 369
1 1 553
4 0 58
2 1 488
1 0 708
2 0 667
3 0 392
0 2 642
2 2 53
4 1 749
0 0 768
0 1 853
4 2 858
5 3 622
3 3 937
3 2 937
5 2 835
4 0 86
1 2 725
5 0 964
2 1 602
1 1 884
1 0 973
2 0 838
3 1 71
2 2 51
4 1 651
0 2 662
0 0 694
1 2 452
4 2 890
0 1 917
4 0 72
2 1 441
3 2 797
1 1 840
5 0 820
5 2 928
2 0 919
3 3 1141
4 1 668
2 2 58
0 0 554
0 2 601
1 0 1328
5 1 1210
4 2 933
2 1 432
3 1 92
4 0 64
2 0 618
0 1 1198
1 2 644
3 0 473
1 1 804
2 2 53
5 2 710
3 2 773
1 0 977
5 0 802
2 1 255
5 1 868
4 1 803
3 1 64
0 0 789
4 2 1136
0 2 824
4 0 59
0 1 985
5 0 507
2 0 874
2 2 53
3 0 801
1 2 816
4 1 478
5 3 812
1 1 931
3 3 991
0 0 373
5 2 988
1 0 1077
2 1 357
1 3 56
4 2 816
0 2 817
2 0 763
0 1 868
4 0 211
3 1 81
1 2 390
2 2 73
5 2 315
2 1 252
1 0 1024
3 2 826
2 0 544
0 2 541
4 1 1033
5 0 866
0 0 717
5 1 992
1 3 43
3 3 1086
4 2 1248
2 2 79
4 0 71
1 2 456
0 1 1198
3 1 54
5 0 492
2 1 460
5 2 576
3 0 374
2 0 609
0 2 461
4 1 711
1 0 1043
5 1 897
3 2 699
4 2 891
0 0 812
0 1 922
3 1 142
4 0 155
2 2 159
2 0 638
5 0 890
5 1 906
5 3 937
1 1 656
0 2 572
4 2 835
3 2 867
4 1 878
1 0 816
3 0 939
2 1 931
0 0 829
1 2 1019
0 1 898
4 0 98
2 2 94
4 2 804
2 0 806
3 2 832
3 3 831
4 1 890
2 1 892
5 0 832
1 0 817
5 2 1011
5 3 1020
1 1 1004
1 2 1012
3 0 1129
4 0 198
0 1 909
0 0 932
2 2 97
1 3 86
0 2 1051
4 1 347
3 1 59
2 0 480
2 1 554
4 2 585
1 2 669
4 0 53
1 0 770
3 0 536
0 2 676
5 2 653
2 2 53
1 3 51
0 0 911
3 2 908
0 1 933
2 0 278
5 0 924
5 1 954
3 1 47
2 1 376
4 2 866
4 1 1012
1 2 616
3 0 543
4 0 50
5 2 597
0 2 616
2 2 51
1 0 934
2 1 255
3 2 946
2 0 292
5 1 903
0 1 899
5 0 1007
3 1 59
0 0 1042
4 2 673
4 1 1008
4 0 52
1 0 567
1 1 615
2 2 49
0 1 404
5 2 705
3 0 848
3 2 1030
1 2 1059
5 0 1022
4 3 609
2 0 530
0 0 917
5 3 1119
1 3 46
4 1 818
0 3 1046
3 2 403
3 3 549
2 1 1087
1 0 610
4 0 99
2 2 63
5 0 268
3 0 900
1 2 870
5 1 522
5 2 531
2 1 403
4 2 453
3 1 165
1 3 50
4 3 775
2 0 760
5 0 350
5 2 445
3 0 523
2 2 55
4 0 45
1 2 480
3 3 794
2 1 308
5 1 859
1 0 777
2 0 482
4 3 536
3 1 195
4 2 768
5 0 472
5 2 516
5 1 588
3 0 524
3 2 549
4 0 51
1 0 397
1 1 497
1 2 542
3 1 48
2 1 522
2 0 563
5 2 459
4 2 533
5 1 501
2 3 695
3 0 307
4 1 844
5 0 849
4 0 81
2 2 80
3 2 761
1 2 309
1 0 340
3 1 49
1 1 430
2 1 298
5 0 421
3 2 399
4 2 693
5 1 699
3 3 614
4 3 835
2 0 824
5 2 806
2 2 66
3 1 116
4 0 90
5 0 502
2 1 659
5 3 684
5 2 723
2 0 716
3 0 611
3 2 617
4 3 610
4 1 609
2 2 66
4 0 58
3 0 606
2 1 495
2 0 564
5 2 536
3 3 740
3 2 796
5 1 675
5 0 718
4 2 620
4 1 678
4 0 53
3 1 70
5 2 444
5 1 682
5 0 758
4 2 773
4 1 852
3 3 619
3 2 727
4 0 60
5 1 329
5 2 383
4 3 475
5 0 694
4 1 678
3 0 267
3 3 389
5 2 266
5 1 422
4 0 48
3 2 650
5 0 618
4 2 252
3 1 52
4 1 459
5 2 301
4 0 55
5 0 580
4 3 264
3 2 537
5 1 604
3 3 598
4 2 683
5 0 317
5 2 324
3 1 56
5 1 492
3 0 261
4 0 48
3 3 351
4 3 401
4 1 415
3 1 59
5 1 296
5 2 341
5 0 457
4 0 60
3 0 266
3 2 377
4 2 391
4 3 420
5 3 257
5 0 283
5 2 303
4 0 63
3 0 305
3 3 538
3 2 594
4 2 492
5 3 256
5 2 291
4 1 636
4 0 62
3 1 66
5 0 592
4 2 654
3 3 644
4 1 743
3 2 752
5 3 380
5 2 397
4 0 57
3 1 56
5 0 728
4 2 330
3 3 294
4 1 581
4 0 71
3 2 629
5 3 319
5 2 492
4 3 424
5 0 622
4 1 507
4 0 53
5 2 264
5 1 422
5 0 443
4 2 453
4 1 471
5 0 262
5 2 263
5 1 266
5 1 261
5 2 265
5 0 264
