0 1 313
0 2 313
0 0 326
1 1 59
1 0 65
1 2 90
0 1 46
0 2 45
0 0 48
1 3 71
1 0 94
1 2 47
1 1 41
1 0 43
1 2 43
0 1 39
0 0 39
0 2 42
1 3 10
1 0 40
1 2 40
0 0 40
0 1 40
0 2 41
2 2 14
2 0 40
2 1 44
1 0 41
1 2 42
1 1 42
0 1 46
0 0 47
0 2 49
2 1 49
2 3 48
2 0 50
1 0 42
1 1 43
1 2 44
0 0 39
0 1 40
0 2 40
2 2 19
1 0 41
1 1 50
1 2 51
2 0 61
2 1 81
0 0 41
0 1 46
0 2 51
1 2 45
1 1 52
1 0 59
2 2 11
2 0 39
2 1 40
1 0 43
1 2 44
1 1 45
2 2 11
0 0 42
0 1 40
0 2 51
2 1 46
2 0 61
1 1 39
1 0 40
1 2 40
2 2 11
2 0 39
2 1 39
0 2 39
0 0 39
0 1 45
1 3 10
1 0 38
1 2 40
2 3 39
2 0 38
2 1 41
0 0 39
0 1 41
0 2 41
1 3 8
1 1 38
1 0 39
2 2 8
2 0 38
2 1 39
0 2 38
0 1 39
0 0 40
1 1 39
1 0 39
1 2 45
2 2 9
2 0 38
2 1 39
1 1 38
1 0 39
1 2 39
0 0 38
0 1 39
0 3 39
2 2 9
2 0 39
2 1 40
3 1 9
3 2 38
3 0 40
1 0 38
1 1 39
1 2 41
4 0 10
4 3 38
4 1 39
0 1 40
0 0 40
0 2 39
2 2 11
4 0 17
2 0 48
2 1 54
3 1 26
4 2 44
3 2 42
4 3 55
3 0 52
5 0 40
5 1 39
1 3 12
5 2 40
1 2 39
1 0 40
0 1 38
0 2 39
0 0 39
4 0 10
4 1 38
4 2 37
3 1 11
3 3 39
3 2 41
5 2 40
5 1 42
5 0 50
2 2 9
2 0 38
2 1 39
1 1 38
1 2 38
1 0 39
4 0 9
4 1 38
4 2 38
5 2 38
3 1 10
5 0 42
5 1 42
3 3 44
3 2 45
0 2 38
0 0 38
0 1 39
2 2 10
1 0 65
1 1 77
1 2 78
2 0 59
2 1 58
4 0 12
4 2 40
4 1 40
5 1 39
5 0 39
5 2 39
3 1 13
3 3 37
3 0 39
4 0 13
1 3 13
0 2 42
0 1 61
0 0 62
1 2 43
4 1 64
4 2 66
1 0 90
2 0 40
2 3 39
2 1 39
5 3 38
5 2 39
5 0 40
3 1 10
3 2 38
3 0 39
4 0 9
4 1 38
4 2 40
1 0 40
1 2 39
1 1 40
2 2 15
5 0 87
2 1 41
5 1 91
5 2 91
0 0 91
0 1 90
0 2 96
2 0 85
3 1 11
3 0 40
3 2 38
4 0 8
4 3 38
4 2 40
1 3 7
1 0 39
1 2 40
5 0 39
5 2 40
5 1 40
2 2 9
4 0 13
2 0 39
2 1 41
3 1 15
4 2 43
3 0 48
3 2 77
4 1 82
0 1 41
0 2 42
0 0 57
5 0 40
5 2 39
5 1 39
1 3 9
1 0 38
1 2 39
4 0 9
4 2 39
4 1 40
3 1 11
3 2 38
3 0 40
2 3 38
2 0 39
2 1 39
0 1 39
0 0 41
0 2 41
5 2 39
5 0 39
5 3 38
4 0 10
4 2 39
4 1 40
1 1 38
1 0 39
1 2 39
3 1 11
3 2 39
3 0 39
2 2 8
2 1 39
2 0 39
5 3 37
5 0 38
5 2 40
4 0 8
4 1 39
4 2 39
0 2 38
0 1 39
0 0 39
1 3 8
1 1 38
1 0 38
3 2 39
3 0 40
3 3 37
5 2 39
5 1 39
5 0 41
4 0 9
4 2 38
4 1 41
2 2 11
2 1 39
2 0 42
3 1 10
1 1 40
1 2 57
1 0 59
3 3 58
3 0 59
0 2 39
0 1 39
0 0 41
4 0 13
5 2 40
5 0 74
5 1 76
4 1 75
4 2 80
2 2 8
2 0 38
2 1 39
3 1 10
3 3 37
3 2 38
1 0 40
1 2 39
1 1 39
4 0 9
4 2 39
4 1 42
5 3 38
5 2 39
5 0 45
0 0 38
0 2 38
0 1 38
2 2 8
2 0 39
2 1 41
3 1 15
4 0 11
3 2 57
3 3 62
4 1 60
4 2 65
5 0 38
5 2 37
5 1 39
1 1 38
1 0 39
1 2 39
0 1 38
0 0 38
0 2 38
4 0 8
4 2 38
4 1 38
3 2 39
3 3 39
3 0 40
5 2 39
5 1 40
5 0 40
2 2 8
2 0 39
2 1 38
1 0 69
1 1 72
1 2 73
4 0 10
4 1 38
4 2 38
5 3 37
5 0 40
3 1 10
5 1 41
3 2 43
3 3 44
0 0 38
0 1 38
0 2 38
2 2 9
1 0 40
1 1 52
1 2 55
2 0 57
2 1 57
4 0 8
4 1 38
4 2 39
5 3 37
5 0 38
5 2 39
3 1 8
3 2 39
3 0 43
1 3 13
0 2 39
4 0 13
0 0 43
0 1 58
1 2 40
4 1 47
1 0 88
4 2 82
2 2 9
2 0 39
2 1 39
5 2 40
5 0 40
5 1 39
3 1 7
3 3 37
3 0 38
4 0 9
4 1 38
4 2 37
1 3 8
1 0 38
1 2 39
2 2 10
5 0 62
5 1 64
2 1 39
0 0 65
0 1 65
5 2 76
0 2 90
2 0 85
3 1 10
3 2 39
3 3 39
4 0 9
4 1 37
4 2 38
1 0 56
1 1 56
1 2 56
5 0 40
5 3 44
5 2 44
2 2 11
2 0 38
3 1 10
2 1 46
4 0 10
3 0 46
4 3 38
3 2 60
4 1 72
0 3 37
0 1 38
0 0 47
5 0 38
5 2 38
5 1 38
1 1 40
1 0 41
1 2 40
4 0 8
4 3 38
4 2 38
3 1 8
3 2 37
3 0 39
2 2 9
2 0 38
2 1 38
0 0 38
0 1 38
0 2 38
5 2 38
5 1 38
5 0 38
4 0 8
4 3 38
4 2 38
1 3 10
1 0 38
1 2 39
3 3 39
3 2 40
3 0 41
2 2 14
2 1 38
2 0 38
5 1 38
5 0 38
5 2 38
4 0 8
4 1 37
4 2 37
0 0 38
0 2 38
0 1 38
1 3 9
1 0 37
1 2 40
3 1 8
3 2 38
3 0 38
5 0 38
5 1 38
5 2 38
4 0 9
4 3 38
4 2 39
2 2 9
2 0 38
2 1 40
3 1 10
1 1 37
1 0 38
1 2 54
3 2 44
3 0 57
0 2 38
0 0 38
0 1 38
4 0 9
5 1 39
5 2 46
5 0 46
4 3 49
4 1 50
2 2 9
2 0 38
2 1 39
3 1 11
3 2 38
3 0 40
1 3 8
1 2 38
1 0 38
4 0 10
4 2 39
4 1 39
5 3 37
5 2 38
5 0 43
0 1 39
0 2 38
0 0 40
2 2 8
2 0 40
2 1 43
4 0 10
3 0 46
3 3 52
3 2 58
4 2 60
4 1 61
5 1 39
5 2 37
5 0 39
1 3 12
1 0 38
1 2 39
0 2 39
0 1 39
0 0 39
4 0 8
4 1 38
4 3 38
3 1 9
3 3 38
3 0 39
5 2 39
5 1 41
5 0 41
2 2 8
2 0 39
2 1 39
1 2 59
1 1 59
1 0 62
4 0 9
4 2 38
4 1 39
5 1 38
5 0 39
5 2 39
3 1 11
3 0 39
3 2 40
0 0 39
0 2 39
0 1 40
2 2 10
1 0 39
1 1 56
1 2 55
2 1 60
2 0 60
4 0 9
4 2 38
4 3 38
5 1 38
5 2 40
5 0 39
3 1 8
3 2 38
3 0 41
4 0 9
0 1 39
0 0 48
0 2 52
4 1 51
4 3 51
2 2 9
2 1 38
2 0 39
5 0 38
5 1 38
5 2 38
3 1 8
3 3 37
3 2 38
4 0 10
4 3 37
4 2 38
2 2 10
5 1 57
5 0 59
5 2 65
2 1 39
0 0 61
0 1 61
0 2 85
2 0 83
3 1 12
3 2 37
3 0 39
4 0 9
4 2 37
4 1 38
5 2 38
5 1 38
5 0 39
2 2 9
2 0 38
2 1 47
4 0 10
3 0 49
3 3 61
3 2 69
4 2 67
4 1 72
0 2 41
0 1 42
0 0 46
5 2 38
5 3 38
5 0 40
4 0 10
4 1 37
4 2 38
3 1 9
3 3 37
3 2 38
2 3 37
2 0 38
2 1 39
0 2 39
0 0 39
0 1 39
5 0 37
5 2 38
5 3 42
4 0 7
4 3 38
4 1 38
3 3 37
3 2 39
3 0 39
2 2 8
2 0 39
2 1 39
5 2 38
5 3 38
5 0 40
4 0 8
4 1 38
4 2 38
0 1 38
0 2 39
0 0 39
3 1 8
3 3 37
3 2 38
5 3 38
5 2 38
5 0 38
2 2 8
2 0 38
2 1 39
3 1 8
3 3 37
3 0 39
0 0 38
0 1 37
0 2 38
5 2 37
5 1 37
5 0 39
2 2 9
2 0 39
2 1 42
3 1 8
3 2 37
3 0 39
5 0 37
5 2 38
5 1 38
0 0 37
0 1 38
0 3 38
3 3 38
3 2 39
3 0 40
5 2 38
5 0 37
5 1 38
3 1 8
3 3 38
3 2 42
3 1 11
3 3 38
3 2 39
