0 2 396
0 1 403
0 0 409
0 2 114
0 0 117
0 1 127
0 1 113
0 2 114
0 0 112
0 0 114
0 2 114
0 1 117
0 0 111
0 1 112
0 2 112
0 0 115
0 1 113
0 2 114
1 0 185
1 1 121
1 2 143
0 0 111
0 1 111
0 2 113
1 3 28
1 2 113
1 0 115
1 2 124
1 1 127
1 0 138
0 0 132
2 2 29
0 1 282
0 2 296
2 1 121
2 0 156
1 3 20
1 0 110
1 2 110
0 1 118
0 0 120
0 2 161
2 1 129
2 0 176
2 3 178
1 0 119
1 2 114
1 1 119
2 2 23
2 1 111
2 0 164
0 0 115
0 1 114
0 2 166
1 0 114
1 2 115
1 1 115
3 1 21
3 2 113
3 0 115
2 2 31
2 0 110
2 1 111
0 0 111
0 1 113
0 2 110
1 0 120
1 1 119
1 2 131
3 1 34
3 2 123
3 0 130
2 2 23
2 0 112
2 1 114
3 1 23
1 1 117
0 3 232
0 0 243
0 1 270
1 2 178
3 2 178
1 0 237
3 3 294
2 2 26
2 0 110
2 1 111
3 1 26
3 2 112
1 2 110
1 1 110
3 3 244
1 0 246
0 0 113
0 2 111
0 1 237
3 1 22
2 3 113
2 0 115
2 1 159
3 3 132
3 0 179
1 1 112
1 0 138
1 2 192
0 1 120
0 0 122
0 2 122
3 1 21
3 0 109
3 2 113
2 2 22
1 3 22
2 0 113
1 0 111
2 1 163
1 2 168
0 0 135
0 2 135
0 1 135
3 1 21
3 0 111
3 2 111
1 3 23
2 2 21
1 0 111
2 1 110
1 1 172
2 0 181
3 1 20
3 2 113
3 0 114
0 1 115
0 0 116
0 2 116
1 2 110
1 1 112
1 0 116
2 2 29
2 1 111
2 0 110
3 1 23
3 2 110
3 0 112
1 2 179
1 0 216
1 1 227
0 0 116
2 2 30
0 1 160
2 1 119
0 2 221
2 0 173
3 1 23
3 2 108
3 0 112
1 1 111
1 2 111
1 0 113
2 2 23
0 0 113
0 1 114
0 2 163
2 1 159
2 0 173
3 3 116
3 2 117
3 0 162
1 3 20
1 2 110
1 0 111
3 1 19
3 3 110
3 0 114
2 2 22
2 1 119
2 0 149
0 1 115
0 0 117
4 0 22
0 2 259
4 1 110
4 3 136
1 0 112
1 1 114
1 2 114
3 1 23
3 3 109
3 2 113
4 0 20
4 2 113
4 3 116
2 1 114
2 3 115
2 0 122
0 1 110
0 0 112
0 2 111
1 1 112
1 0 112
1 2 115
3 1 22
4 0 23
3 2 153
3 3 153
4 1 157
4 2 156
2 2 24
2 1 110
2 0 112
1 3 37
4 0 47
0 2 120
1 2 198
3 0 195
0 0 241
4 1 245
3 2 307
1 0 370
0 1 381
4 2 419
3 3 409
2 2 23
4 0 25
2 1 111
2 0 113
4 2 112
4 1 112
3 1 22
3 2 115
1 2 111
1 1 112
3 3 170
1 0 219
0 0 118
0 2 117
0 1 162
4 0 35
4 1 117
4 2 115
3 1 22
2 0 114
2 1 157
2 3 164
1 3 27
3 2 172
3 0 189
1 0 112
1 2 140
4 0 24
0 2 111
4 2 217
4 1 219
0 1 217
0 0 219
3 1 21
3 0 109
3 3 111
2 2 23
2 0 113
1 3 26
2 1 124
1 0 110
1 2 132
4 0 24
4 3 112
4 2 115
0 2 112
0 0 112
0 1 115
3 1 24
3 2 112
3 3 109
4 0 22
2 2 22
4 1 115
4 2 136
1 0 157
1 1 209
2 0 214
1 2 215
2 1 218
3 1 22
4 0 20
3 0 109
3 2 194
0 2 111
4 2 255
4 1 285
1 3 27
0 0 199
0 1 214
2 2 22
1 1 122
1 0 139
2 1 112
2 0 127
4 0 19
3 1 19
4 2 111
3 0 110
4 1 179
3 2 182
1 2 111
0 0 116
1 0 173
1 1 172
2 2 20
0 1 178
0 2 214
4 0 23
2 1 112
2 0 149
4 2 110
4 1 111
3 3 112
3 2 111
3 0 113
4 0 22
1 2 109
1 1 111
1 0 156
4 1 111
4 2 157
3 1 23
2 2 27
5 1 266
5 2 268
2 0 191
0 1 193
5 0 345
0 0 298
0 3 304
3 2 296
2 1 313
3 0 311
4 0 18
4 1 110
4 2 110
1 2 109
1 0 131
1 1 139
5 0 113
5 1 133
5 2 138
3 1 21
3 2 110
3 0 111
2 2 19
2 1 113
0 1 116
0 0 117
4 0 21
2 0 200
0 2 202
4 2 111
4 1 112
5 0 113
5 1 161
5 2 161
1 2 112
1 0 163
1 1 161
3 1 25
3 0 113
3 2 118
4 0 29
4 1 117
4 2 116
2 2 18
2 1 215
0 0 156
2 0 197
0 1 174
0 2 209
5 0 159
5 1 170
5 2 277
1 0 112
1 2 113
1 1 151
4 0 25
3 0 112
3 2 143
3 3 146
4 1 139
4 2 142
2 2 19
5 0 109
5 3 175
5 2 177
2 0 179
2 1 180
4 0 24
1 3 27
3 1 22
0 2 118
0 0 169
4 1 169
0 1 231
1 2 184
3 0 185
4 2 342
1 0 366
3 3 347
5 2 112
5 0 112
5 1 115
2 2 27
4 0 28
2 0 114
2 1 112
4 2 113
4 1 113
3 1 19
1 3 22
3 2 112
1 0 111
3 0 165
1 2 170
0 1 111
0 2 111
0 0 113
5 2 108
5 0 110
5 1 110
4 0 21
4 1 108
4 2 110
2 2 24
3 1 26
2 0 110
3 2 115
1 0 111
1 1 111
2 1 253
3 0 265
1 2 209
5 1 112
5 0 113
5 2 114
4 0 22
0 2 110
4 1 215
4 2 216
0 0 218
0 1 217
3 1 19
3 2 110
3 3 109
2 2 36
4 0 23
1 0 189
5 0 202
4 2 176
4 1 184
2 1 308
2 0 436
1 2 321
5 3 321
5 2 330
1 1 333
0 2 113
0 1 113
3 1 25
0 0 135
3 0 110
3 2 133
4 0 21
5 3 112
2 2 22
1 3 36
5 0 235
4 1 231
5 2 264
1 0 125
4 3 279
2 1 195
1 2 194
2 0 228
3 0 112
3 2 112
3 3 114
4 0 24
4 3 277
4 2 297
5 0 287
1 3 28
0 0 201
5 2 342
2 2 27
5 1 372
0 2 266
0 1 298
1 2 155
2 0 136
1 0 195
2 1 155
4 0 23
3 1 24
4 3 117
3 2 136
5 2 119
5 0 132
4 2 258
3 3 270
5 1 226
0 0 112
1 2 109
0 1 173
0 2 182
1 0 175
2 2 19
1 1 202
4 0 33
2 1 110
2 0 134
4 2 113
4 1 115
3 3 123
5 2 114
3 0 177
3 2 193
5 3 183
5 0 194
4 0 18
1 3 29
4 3 113
1 2 110
4 2 233
1 0 254
3 1 32
2 2 30
0 2 198
0 0 201
2 1 114
5 0 261
5 2 274
0 1 334
3 2 248
2 0 242
5 1 327
3 3 306
4 0 21
4 3 109
4 1 111
1 3 20
1 2 139
1 0 183
3 1 28
5 0 118
5 2 116
3 0 109
5 1 224
3 3 192
2 2 22
2 1 113
0 0 116
0 1 115
4 0 23
2 0 203
0 2 205
4 1 111
4 2 111
5 0 115
5 3 133
5 1 150
1 1 115
3 1 27
1 0 156
1 2 182
3 2 120
3 0 160
4 0 59
2 2 23
4 1 145
4 2 146
2 0 110
2 1 119
0 0 110
0 2 112
0 1 113
5 3 109
5 2 109
5 0 109
1 1 112
3 2 113
4 0 26
1 0 200
1 2 205
3 0 206
3 3 203
4 3 115
4 1 113
2 2 22
2 1 139
5 0 113
5 1 115
2 0 206
5 2 187
4 0 24
3 1 22
0 2 119
0 0 154
0 1 159
4 1 240
4 2 245
3 2 235
3 3 237
5 1 111
5 2 110
5 0 112
2 2 20
4 0 18
2 1 110
4 2 109
3 1 19
2 0 180
4 3 185
3 2 112
3 3 113
0 3 108
0 0 115
0 1 115
5 2 111
5 0 111
5 3 111
4 0 31
4 3 109
4 1 109
2 0 112
2 1 112
2 3 111
5 1 112
5 2 114
5 0 116
4 0 22
4 2 109
4 3 110
2 2 19
2 0 110
2 1 115
4 0 21
5 2 111
5 1 166
5 0 168
4 1 165
4 2 166
4 0 30
2 2 27
5 2 133
2 1 111
5 1 226
5 0 226
4 2 219
4 1 222
2 0 137
4 0 21
4 2 203
4 1 203
5 2 152
5 1 203
5 0 206
2 2 22
2 1 110
2 0 114
4 0 23
4 3 130
4 1 131
5 1 113
5 0 132
5 2 134
4 0 21
4 2 111
4 1 112
5 0 109
5 3 108
5 2 110
5 0 109
5 2 109
5 1 110
5 2 113
5 0 114
5 1 115
5 0 115
5 1 117
5 2 113
5 2 112
5 0 112
5 1 115
5 2 109
5 0 110
5 1 113
5 1 119
5 0 119
5 2 119
5 2 130
5 1 131
5 0 134
5 2 118
5 0 121
5 3 121
5 2 110
5 0 110
5 3 112
5 2 110
5 0 110
5 3 112
5 0 109
5 2 112
5 3 119
5 0 108
5 1 111
5 2 113
5 2 109
5 1 110
5 0 111
5 2 109
5 1 111
5 0 112
