0 0 664
0 2 662
0 1 672
0 2 372
0 0 367
0 1 378
0 0 363
0 2 363
0 1 365
0 0 364
0 2 366
0 1 368
0 0 361
0 1 361
0 2 362
0 0 484
0 1 482
0 2 496
1 0 596
2 2 105
1 2 580
1 1 670
1 3 77
0 0 644
2 0 970
2 1 980
0 1 980
0 2 980
1 0 921
1 2 941
2 1 697
0 1 508
2 3 756
2 0 955
0 0 879
0 2 973
1 0 544
1 2 516
2 2 76
0 0 484
0 1 488
1 1 1095
2 1 369
1 3 232
3 1 119
0 2 1101
2 0 1129
1 0 766
2 2 77
3 2 766
1 2 1085
0 1 521
0 0 596
3 0 1041
3 1 69
0 2 931
2 0 1125
2 1 1384
2 2 71
3 2 855
0 0 631
0 1 722
1 0 719
3 0 1188
0 2 1028
1 1 1041
1 2 1113
3 1 102
2 0 1098
2 1 1217
2 2 83
1 1 510
3 2 835
0 0 809
3 3 985
2 0 422
0 1 1047
0 3 1153
1 0 985
1 2 1014
3 1 73
2 1 988
1 1 687
3 2 659
1 2 696
2 1 622
1 0 987
3 3 1008
2 3 867
2 0 948
0 0 856
0 2 877
0 1 912
1 2 552
3 1 70
2 2 71
0 0 383
1 1 832
1 0 1002
3 0 766
0 2 971
0 1 1042
2 1 936
3 3 1082
2 0 995
1 2 842
2 2 105
4 0 93
1 0 1008
1 1 1126
0 0 797
0 1 840
3 1 73
2 1 632
1 0 367
4 1 871
3 2 619
0 2 1410
3 0 762
1 2 744
3 1 65
0 1 502
4 3 1586
2 0 1734
3 0 365
1 1 1346
0 0 716
2 2 95
3 2 590
1 3 75
4 0 88
3 1 78
0 2 1263
3 2 440
2 1 957
1 0 874
2 0 1077
0 0 445
4 2 922
1 2 1194
2 2 65
4 3 1048
3 0 1032
0 1 766
3 1 70
0 2 981
1 3 87
2 1 752
4 0 64
3 2 615
3 0 672
2 0 981
3 1 75
2 2 85
0 0 937
1 0 1126
1 1 1232
0 1 1189
0 2 1209
4 2 1140
4 1 1476
2 1 863
3 0 874
2 0 899
3 2 908
4 0 206
2 2 83
0 1 751
0 2 931
0 0 1053
1 1 1026
4 1 1108
2 0 924
1 2 1138
3 2 1008
3 0 1039
2 1 1020
1 0 1397
4 2 1490
3 3 1375
0 2 733
4 0 92
0 0 796
3 1 61
2 1 773
2 0 862
2 3 872
0 1 1412
1 1 813
4 1 789
1 2 857
3 0 644
2 2 65
1 0 1397
0 0 849
4 2 1664
0 2 874
4 0 65
2 1 775
5 0 842
1 2 526
4 1 493
3 3 1919
5 2 1300
2 0 1289
0 1 1756
1 1 925
2 2 76
3 1 81
2 1 525
5 1 2341
4 2 1792
0 0 762
4 0 69
1 0 2084
2 0 909
0 2 891
1 3 89
3 2 962
5 2 821
2 0 595
1 2 702
2 1 690
5 0 1219
4 1 1241
0 1 1997
2 3 957
3 3 2093
5 1 1733
4 2 1957
2 2 104
4 0 92
3 1 83
1 0 2068
0 0 1050
0 2 1060
2 1 641
5 0 1203
3 2 858
5 2 1457
1 2 358
0 1 1825
5 1 1976
4 3 1634
2 0 1809
2 2 76
3 3 1957
0 0 874
4 2 2390
1 1 1649
2 1 603
5 0 871
1 0 1977
4 0 78
0 2 1610
5 2 1595
3 0 685
0 1 1789
3 2 868
2 0 1636
5 1 1965
2 2 223
1 2 902
4 1 980
1 1 1257
0 0 900
2 1 874
5 3 697
5 0 718
3 3 1960
1 0 1649
4 2 1685
0 2 1484
1 3 355
2 0 1506
4 0 102
5 2 1328
0 1 1591
2 2 471
3 1 72
4 1 802
1 2 1081
2 1 1093
2 0 1301
2 2 77
4 2 1709
0 2 1144
1 0 2037
0 0 1512
3 2 1473
4 0 80
2 1 642
5 2 1117
5 0 1172
2 0 986
4 1 526
0 1 2199
2 2 90
3 3 2333
5 1 1806
1 2 649
1 1 756
0 0 571
3 1 69
2 0 857
4 2 1690
2 1 966
5 2 668
0 3 1092
5 0 880
4 0 88
2 2 83
1 0 1670
1 3 62
2 0 365
3 2 849
3 0 1003
4 1 581
5 1 1603
3 1 71
0 1 1957
2 1 1034
2 2 67
5 0 613
1 2 1303
5 2 721
4 2 1668
1 0 1748
4 0 71
3 0 1197
2 1 729
0 0 648
2 0 913
0 2 863
4 1 771
1 3 324
2 2 73
3 3 2207
2 0 365
5 1 2166
0 1 1790
1 2 1216
2 1 974
4 2 1791
3 1 80
2 2 206
5 2 828
4 0 68
1 0 1760
5 3 1012
5 0 1030
2 1 637
0 2 905
2 0 1081
2 2 74
0 0 1415
3 2 1459
0 1 1542
3 3 1733
4 1 1453
4 2 1627
1 2 1072
5 3 1051
4 0 76
3 1 63
1 1 1429
5 0 1387
1 0 1466
5 2 1481
2 1 1609
1 3 91
2 0 1658
0 0 1247
3 0 710
0 1 1273
2 2 73
4 2 1195
0 2 1685
4 1 1293
2 1 489
3 2 1252
4 0 250
3 1 113
1 0 1232
3 0 380
1 1 1436
2 0 1494
5 1 1210
2 2 237
5 0 1538
0 1 1446
5 2 1612
0 2 1480
4 2 1452
0 0 1526
4 1 1548
4 0 77
3 2 1739
2 1 902
1 2 775
3 0 360
1 0 1184
2 0 1492
2 2 81
5 0 1516
1 1 1830
5 2 1567
0 0 1561
2 1 520
0 2 1559
5 1 1638
0 1 1705
4 1 1511
3 2 1511
4 2 1867
4 0 66
3 3 1889
1 2 762
5 3 759
2 0 1403
2 2 68
5 0 1207
3 1 62
1 0 1417
0 0 1111
1 1 1492
2 1 488
5 2 1642
0 1 1400
4 1 1242
4 2 1253
4 0 69
0 2 1755
3 0 806
3 2 812
2 0 1342
3 1 72
1 2 683
1 0 994
2 2 75
3 0 750
4 1 1218
1 1 1447
2 1 585
4 2 1269
4 0 69
1 2 360
0 1 1512
0 0 1551
5 1 1527
0 2 1652
5 0 1670
3 2 1677
5 2 1729
2 0 1475
3 1 229
2 2 63
1 0 1323
4 1 1392
4 2 1425
1 1 1512
3 0 892
4 0 76
2 1 827
1 2 439
0 2 1519
0 0 1582
0 1 1580
3 2 1589
5 1 1442
5 0 1467
5 2 1450
2 0 1722
2 2 58
1 1 1289
4 1 1547
4 2 1575
1 0 1660
0 2 988
3 0 925
4 0 83
1 3 60
2 0 799
5 3 1037
2 1 1061
0 0 1518
3 2 1539
2 2 70
5 0 1527
1 2 705
4 1 1017
0 1 1963
3 3 1947
2 0 423
2 1 663
5 1 2158
0 0 506
0 2 525
4 2 1853
3 1 90
1 0 1939
4 0 218
0 1 1249
2 3 1005
1 3 223
3 3 1037
2 0 1070
2 1 1138
3 0 1201
5 3 1038
4 1 1276
4 3 1340
1 0 1003
5 2 1570
5 0 1462
2 2 170
3 1 111
0 1 1070
0 0 1109
1 2 1280
0 2 1313
4 0 249
3 2 1171
2 1 1331
3 0 1286
2 0 1424
3 1 68
2 2 74
5 0 1341
0 0 1360
4 2 1485
1 2 1014
0 1 1335
3 2 722
3 0 929
1 0 1280
2 1 885
5 1 1847
3 1 60
0 2 1761
5 2 2145
4 3 2274
1 1 2001
0 3 356
2 0 1963
3 2 1315
3 3 1346
2 2 101
4 0 104
0 0 1315
5 0 1279
5 2 1548
3 1 69
1 2 924
0 1 1683
2 1 835
5 1 1722
3 2 456
1 0 1439
3 0 607
4 2 1204
2 0 1565
5 0 647
4 3 1560
1 1 1859
5 3 776
1 3 72
5 2 919
3 2 445
3 3 674
4 0 68
3 0 829
1 2 710
1 0 958
4 1 647
5 2 476
3 1 84
5 0 813
1 3 68
4 2 1070
3 2 550
4 0 60
1 2 357
5 1 1258
4 3 443
5 0 362
5 2 363
3 3 1340
1 0 1371
4 2 1296
5 1 1210
3 0 517
3 2 543
4 0 71
1 2 450
3 3 1043
5 0 752
4 1 663
3 1 60
1 0 991
5 1 996
1 1 1086
5 2 1118
4 3 972
1 3 197
3 2 527
1 2 472
5 2 367
3 3 845
5 0 414
4 0 73
4 1 486
3 1 66
1 0 1301
3 0 371
5 1 1239
4 2 1204
1 3 66
5 2 526
5 0 539
4 0 59
1 2 518
4 1 374
3 3 1540
5 1 1347
1 0 1287
3 1 229
4 2 1192
4 0 82
5 2 673
5 3 859
3 0 931
1 0 381
5 0 1070
4 3 751
3 2 1115
1 2 559
1 1 737
4 1 1029
3 0 571
4 0 73
3 2 684
1 2 572
3 3 825
1 1 777
5 2 761
5 0 862
4 1 697
3 1 56
1 0 1240
5 1 1291
3 2 381
4 2 1435
4 0 53
5 0 371
5 2 485
3 3 1218
4 3 479
5 1 921
4 2 934
3 1 244
5 2 557
4 0 66
5 1 932
3 3 916
4 3 370
5 0 1031
3 2 1033
4 1 810
5 1 374
5 2 373
5 0 528
4 0 61
5 0 376
5 2 618
5 1 621
4 3 624
4 2 627
5 2 377
5 1 492
5 0 493
4 0 74
4 2 460
4 1 467
5 2 364
4 0 64
5 1 585
5 0 586
4 2 498
4 1 560
4 0 81
5 3 484
5 2 485
5 0 702
4 2 377
4 1 517
4 0 60
5 3 355
4 3 648
4 1 666
5 2 651
5 0 664
4 0 56
4 2 373
5 3 355
5 2 361
4 1 648
5 0 653
5 3 355
5 0 362
5 2 365
5 0 363
5 1 361
5 2 360
5 1 363
5 2 362
5 0 365
5 2 360
5 0 362
5 1 365
