0 0 350
0 2 351
0 1 360
0 2 83
0 1 84
0 0 88
0 2 78
0 1 78
0 0 76
0 0 77
0 1 77
0 2 81
0 0 79
0 2 78
0 1 80
0 0 81
0 2 81
0 1 81
0 1 77
0 0 78
0 2 78
1 1 79
1 0 81
1 2 115
1 3 22
1 0 86
1 2 83
0 2 124
0 0 125
0 1 174
1 2 77
1 1 78
1 0 81
2 2 30
0 1 94
0 0 92
0 2 104
2 1 101
2 0 156
1 3 16
1 0 76
1 2 76
2 1 82
2 3 89
2 0 108
0 1 79
0 2 105
0 0 120
1 0 80
1 1 81
1 2 79
2 2 14
2 0 74
2 1 75
0 1 75
0 2 76
0 0 76
1 0 73
1 2 74
1 1 75
3 1 19
3 2 75
3 0 79
2 2 14
2 0 74
2 1 75
0 0 74
0 3 78
0 1 95
1 1 82
1 0 97
1 2 103
3 1 17
3 2 75
3 0 76
2 2 17
2 0 75
2 1 74
3 1 18
1 1 75
1 2 76
1 0 108
3 2 75
3 3 120
0 0 75
0 1 76
0 2 80
2 2 15
2 0 75
2 1 76
3 1 22
3 2 125
3 3 155
1 2 83
1 1 84
1 0 109
0 0 73
0 1 73
0 2 74
3 1 14
3 3 73
3 0 87
2 3 79
2 0 112
2 1 114
1 0 80
1 2 102
1 1 104
0 1 74
0 2 74
0 0 75
3 1 23
3 2 73
3 0 102
1 3 14
1 0 73
2 2 106
1 2 179
2 0 160
2 1 193
3 1 14
3 0 75
3 2 76
0 0 75
0 1 76
0 2 75
1 3 16
1 0 74
1 1 73
2 2 17
2 0 73
2 1 74
3 1 17
3 2 75
3 0 77
1 2 76
1 0 96
1 1 98
0 0 75
0 1 99
0 2 100
2 2 14
2 0 74
2 1 76
3 1 13
3 2 73
3 0 78
1 0 73
1 1 74
1 2 75
0 2 126
0 1 130
0 0 130
2 2 17
3 1 16
2 0 79
2 1 104
3 2 76
3 0 106
1 1 74
1 0 74
1 2 74
3 0 75
3 2 75
3 3 75
2 2 27
2 1 77
2 0 97
0 1 76
0 0 75
0 2 101
1 3 13
1 2 74
1 0 73
3 1 14
3 0 75
3 3 74
2 2 15
2 0 94
2 1 99
4 0 25
0 1 75
0 2 103
0 0 114
4 3 107
4 1 113
1 0 73
1 1 76
1 2 74
3 1 15
3 3 74
3 2 74
4 0 15
4 3 73
4 2 75
2 3 73
2 0 74
2 1 74
0 0 140
0 2 146
0 1 151
3 1 16
1 2 77
1 1 88
3 2 75
1 0 146
3 3 126
4 0 14
4 2 73
4 1 73
2 2 14
2 0 74
2 1 74
1 3 15
3 2 76
1 0 120
4 0 17
1 2 126
3 0 123
3 3 124
4 1 101
0 2 79
0 1 98
0 0 107
4 2 191
2 2 13
4 0 19
2 0 75
2 1 76
3 1 15
4 1 133
4 2 157
1 2 75
1 1 78
3 2 107
3 3 169
1 0 164
0 0 75
0 1 75
0 2 74
4 0 16
4 2 73
4 1 74
3 1 17
3 2 74
3 0 75
1 3 16
2 3 77
2 0 78
2 1 96
1 0 77
1 2 101
4 0 15
4 1 74
4 2 77
0 1 75
0 0 75
0 2 74
3 1 14
3 3 74
3 0 75
1 3 20
2 2 19
1 0 78
2 0 75
1 2 139
2 1 137
4 0 16
4 3 73
4 2 75
3 1 15
3 2 74
3 3 73
0 0 76
0 1 75
0 2 76
4 0 18
1 2 74
1 1 76
1 0 103
4 1 79
4 2 107
2 2 17
2 1 74
2 0 75
3 1 14
3 2 74
3 0 77
4 0 22
4 1 82
4 2 80
1 3 15
1 1 98
1 0 100
0 0 77
0 2 102
0 1 103
2 2 15
2 0 76
2 1 75
3 1 16
3 2 74
3 0 75
4 0 20
4 1 75
4 2 75
1 1 76
1 0 77
1 2 74
0 3 74
0 0 74
0 1 74
2 2 17
4 0 22
2 0 82
2 1 83
4 1 100
4 2 105
3 0 86
3 2 106
3 3 108
5 0 76
5 2 76
5 1 78
1 0 76
1 1 76
1 2 74
4 0 15
4 1 74
4 2 75
3 1 14
3 2 73
3 0 74
2 2 97
2 1 152
0 0 78
0 1 76
2 0 211
0 2 138
5 2 73
5 0 75
5 1 76
4 0 15
4 1 75
1 2 73
1 1 76
4 2 121
1 0 124
3 1 13
3 2 73
3 0 74
2 2 20
2 1 84
5 1 76
5 0 78
2 0 132
5 2 136
4 0 23
0 1 108
0 0 112
0 2 115
4 1 108
4 2 109
1 1 74
1 2 75
1 0 75
3 1 15
3 0 74
3 2 73
5 0 73
5 1 73
5 2 73
4 0 14
4 2 74
4 1 74
2 2 15
2 0 73
2 1 73
0 0 74
0 1 79
0 2 84
1 2 75
1 0 83
1 1 89
3 0 106
3 2 104
3 3 106
4 0 18
5 3 72
5 2 73
4 2 78
5 0 119
4 1 121
2 2 14
2 0 72
2 1 74
1 3 13
3 1 12
1 0 114
1 2 119
4 0 17
3 0 119
3 3 173
4 1 137
5 2 151
5 0 151
0 2 148
0 0 193
4 2 236
5 1 219
0 1 225
2 2 19
4 0 18
3 1 18
2 0 78
2 1 84
4 2 76
4 1 102
1 3 20
5 2 75
3 0 125
1 2 112
3 2 159
5 0 138
5 1 147
1 0 148
0 0 73
0 1 73
0 2 73
4 0 15
4 1 77
4 2 77
3 1 22
5 2 75
5 1 82
3 0 75
5 0 133
2 2 15
3 2 126
1 0 75
2 1 125
2 0 125
1 2 127
1 1 128
4 0 14
4 1 73
4 2 73
0 2 74
0 1 74
0 0 76
5 0 74
5 3 73
5 2 75
3 1 15
3 3 73
3 2 73
1 1 74
1 0 74
1 2 74
2 2 12
2 0 72
2 1 75
4 0 14
4 2 82
4 1 81
5 3 73
5 0 74
5 2 74
3 1 14
3 2 73
3 0 75
0 1 74
0 0 74
0 2 73
1 3 13
4 0 15
1 2 74
1 0 74
4 3 75
4 1 75
2 2 16
2 1 76
2 0 77
5 0 76
5 1 75
5 2 74
3 2 79
3 0 80
3 3 80
4 0 13
4 2 73
4 3 74
1 3 13
1 2 78
1 0 108
0 0 77
0 2 78
0 1 107
2 2 15
5 0 75
5 1 75
5 2 87
2 1 75
2 0 91
3 1 14
3 3 73
3 2 74
4 0 15
4 2 73
4 3 73
1 0 74
1 1 76
1 2 81
5 0 74
5 2 79
5 3 81
0 1 73
0 0 74
0 2 78
2 2 15
4 0 15
2 1 79
2 0 80
4 1 95
4 2 97
3 0 84
3 2 101
3 3 103
1 3 16
5 0 144
5 2 144
1 2 73
5 1 199
1 0 134
4 0 17
4 3 74
4 2 76
3 1 13
3 3 72
3 2 73
2 2 19
2 1 75
0 1 73
0 0 74
2 0 130
0 2 137
5 1 73
5 0 74
5 2 74
4 0 14
1 3 16
4 1 74
4 3 74
1 0 74
1 2 79
3 1 13
3 3 72
3 0 74
2 2 15
2 0 74
5 1 74
5 0 75
2 1 128
5 3 129
4 0 14
0 2 76
0 1 102
0 0 105
4 1 107
4 2 108
1 1 74
1 2 73
1 0 74
3 1 15
3 2 73
3 0 74
5 3 73
5 0 73
5 2 73
4 0 18
4 1 75
4 2 74
2 2 18
2 0 75
2 1 74
0 0 74
0 2 87
0 1 91
1 2 75
1 1 90
1 0 91
3 3 74
3 2 73
3 0 74
4 0 15
5 1 73
5 2 113
5 0 118
4 3 114
4 1 118
2 2 13
2 0 73
2 1 76
3 1 17
3 2 75
3 3 75
4 0 14
5 2 77
0 3 73
4 1 151
4 2 160
5 0 175
5 1 181
0 0 184
0 1 183
2 2 16
4 0 17
2 1 76
3 1 17
4 2 92
2 0 153
3 3 97
5 3 74
3 2 114
4 3 167
5 0 118
5 2 130
4 0 12
4 1 75
4 3 72
5 1 73
5 2 73
5 0 73
2 0 87
2 1 88
2 3 86
4 0 13
4 2 73
4 3 74
5 2 74
5 0 75
5 1 74
2 2 19
2 0 73
2 1 73
4 0 13
4 2 73
4 1 73
5 1 73
5 0 73
5 2 79
4 0 14
4 1 72
4 2 72
2 2 13
2 0 73
2 1 74
5 1 73
5 2 73
5 0 75
4 0 14
4 2 72
4 1 73
5 0 74
5 1 74
5 2 75
2 2 14
2 1 74
2 0 78
4 0 14
4 3 73
4 1 73
5 3 73
5 0 75
5 2 77
4 0 13
4 1 72
4 2 72
5 0 73
5 1 74
5 2 74
5 1 74
5 0 74
5 2 73
5 1 74
5 0 75
5 2 74
5 1 73
5 0 74
5 2 75
5 2 73
5 1 73
5 0 73
5 1 73
5 0 73
5 2 72
5 0 74
5 2 74
5 1 76
5 3 72
5 0 74
5 2 74
5 0 74
5 3 75
5 2 76
5 3 72
5 0 74
5 2 75
5 3 72
5 0 73
5 2 75
5 0 75
5 1 75
5 2 75
5 0 75
5 1 74
5 2 76
5 0 77
5 1 77
5 2 79
