0 1 480
0 0 492
0 2 490
0 0 237
0 1 227
0 2 232
0 0 181
0 1 183
0 2 181
0 1 182
0 2 183
0 0 195
0 0 200
0 2 190
0 1 199
1 1 198
1 0 214
1 2 229
0 0 258
0 2 292
0 1 312
1 3 44
1 2 186
1 0 198
0 0 186
0 2 181
0 1 182
1 1 183
1 2 186
1 0 187
0 0 181
0 2 181
0 1 181
1 3 45
1 0 189
1 2 184
0 0 187
0 2 250
0 1 252
1 2 198
1 1 253
1 0 260
1 2 190
0 0 184
2 2 45
1 0 330
1 1 349
0 1 339
0 2 363
2 1 203
2 0 320
3 1 63
1 0 209
1 1 202
3 2 191
1 2 252
0 1 200
0 0 210
3 0 410
0 2 282
2 1 237
2 3 260
2 0 276
3 1 47
3 2 186
1 0 185
1 1 188
3 0 308
1 2 308
2 2 39
2 0 191
0 0 184
0 1 183
0 3 460
2 1 492
3 1 70
3 2 203
1 2 194
1 1 198
3 3 376
1 0 368
2 2 42
2 1 187
3 1 36
2 0 258
0 2 256
0 1 380
0 0 385
3 2 387
3 3 394
1 2 183
1 1 190
1 0 265
2 2 43
3 1 40
2 0 185
3 3 179
2 1 206
1 3 40
0 0 180
0 2 186
3 0 423
0 1 288
1 2 244
1 0 296
3 1 42
2 2 41
4 0 43
3 2 265
1 3 45
3 0 324
2 1 327
4 1 262
2 0 338
1 0 225
0 0 184
4 3 479
0 1 233
1 1 478
0 2 383
3 1 50
4 0 39
3 2 195
3 0 197
4 3 184
4 2 186
2 3 188
1 0 185
2 1 358
1 2 356
2 0 379
1 1 387
4 0 76
3 1 76
0 2 257
3 0 209
0 1 325
0 0 358
4 2 335
4 1 379
3 2 473
2 2 48
1 0 342
4 0 58
3 1 52
2 1 432
2 0 434
1 1 427
1 2 455
4 2 209
3 0 304
0 1 182
0 2 183
3 2 422
4 1 433
0 0 332
4 0 38
2 2 33
4 1 187
3 1 41
4 2 337
1 1 323
1 0 332
2 0 325
1 2 401
3 2 180
2 1 413
3 0 320
4 0 38
0 2 181
1 3 57
2 2 57
4 1 451
4 2 492
0 0 485
2 0 187
0 1 562
3 2 258
4 0 44
1 0 611
1 2 510
2 1 519
4 1 179
3 0 510
3 3 502
4 2 293
3 1 45
0 0 182
2 2 35
1 2 421
4 0 42
1 1 515
0 2 551
3 0 498
1 0 633
2 1 420
0 1 641
3 3 656
2 0 561
4 3 409
4 2 414
3 1 39
4 0 34
1 1 183
1 2 185
3 2 272
2 2 40
0 2 249
4 1 379
2 1 184
0 0 338
1 0 552
3 3 550
2 0 252
4 2 552
0 1 512
4 0 41
3 1 38
1 3 43
1 2 185
4 1 505
2 2 41
3 2 519
5 2 297
2 1 184
5 0 331
3 3 687
4 2 720
4 0 57
1 0 667
0 0 406
2 0 416
0 2 422
4 1 373
3 0 239
0 1 704
3 2 294
5 1 861
1 1 191
1 2 427
4 2 858
2 1 196
4 0 54
3 3 901
5 0 471
5 2 455
2 0 491
0 2 428
1 0 995
2 3 555
3 1 43
1 3 43
1 2 184
0 0 667
4 1 610
0 1 737
3 2 357
5 1 922
4 2 765
2 2 42
4 0 238
2 1 185
5 2 569
3 3 993
5 0 581
1 0 931
4 1 632
2 0 457
0 0 433
0 2 430
1 3 42
3 1 38
5 1 853
0 1 624
4 2 872
4 0 36
3 2 249
2 2 42
5 2 204
1 2 380
3 0 395
2 0 205
5 0 390
1 0 525
2 1 262
4 1 351
5 1 467
4 2 447
0 0 282
3 1 58
0 2 303
4 0 39
0 1 422
5 2 352
1 1 345
5 0 356
4 1 351
3 0 425
3 3 521
5 3 514
1 0 521
1 2 527
4 2 531
2 0 180
2 3 191
2 1 282
4 0 159
3 1 39
1 3 40
4 1 593
5 2 523
0 2 510
2 2 34
1 1 516
4 2 721
5 0 703
4 0 37
3 2 667
0 0 666
2 1 180
2 0 214
5 1 927
4 1 210
3 3 884
0 1 877
1 0 878
5 2 187
5 0 191
3 1 51
4 2 629
4 0 39
5 1 527
3 0 378
0 2 425
2 2 34
1 2 303
3 2 518
1 1 377
0 0 584
2 1 204
0 1 657
1 0 570
4 1 489
2 0 367
4 2 549
5 0 296
5 2 303
3 1 51
5 1 358
4 0 38
3 0 206
3 2 251
1 1 182
1 2 256
4 1 328
4 2 434
0 3 277
1 0 592
2 2 37
0 0 495
0 1 517
5 2 379
4 0 40
2 0 243
5 0 518
5 3 532
3 3 361
2 1 471
1 1 184
3 2 424
4 1 416
4 2 413
3 0 490
1 0 306
5 2 210
1 2 434
5 0 238
5 3 296
0 1 456
0 2 487
4 0 360
2 2 71
3 1 65
0 0 580
4 2 556
2 0 361
4 1 727
1 0 364
2 1 485
3 2 483
1 1 403
4 0 43
3 0 505
1 2 452
5 2 352
5 1 358
5 0 455
4 2 280
2 2 39
4 1 375
0 1 230
3 1 41
0 2 299
2 1 235
0 0 494
2 0 445
4 0 37
3 0 385
1 2 248
3 2 513
5 1 409
1 0 327
5 0 528
5 2 557
4 1 369
1 1 479
4 3 421
3 1 40
2 2 49
4 0 47
1 3 42
0 1 272
3 2 412
3 0 496
5 0 480
2 0 521
0 0 476
2 1 565
4 2 396
1 0 390
5 3 569
5 2 582
0 2 614
1 2 469
4 3 692
2 2 55
3 0 207
3 2 251
3 3 268
1 3 102
4 0 90
2 1 322
5 0 363
1 2 290
0 0 279
5 1 528
5 2 528
2 0 532
4 3 543
0 2 539
3 1 42
1 0 624
4 2 614
0 1 763
3 0 274
5 0 198
2 2 48
4 0 43
5 2 258
4 1 181
3 3 589
2 1 357
1 2 339
5 1 537
2 0 430
0 0 181
1 1 435
3 1 36
0 2 315
1 0 632
4 2 690
4 0 58
5 0 483
3 0 486
3 2 490
0 1 751
2 2 40
5 3 517
5 1 683
1 2 403
2 1 378
3 1 41
4 2 466
1 0 467
4 3 523
1 1 546
2 0 567
0 1 202
3 0 310
4 0 34
5 3 297
3 2 481
1 3 35
0 2 528
0 0 548
5 2 508
5 0 547
4 3 455
2 2 49
1 0 278
4 1 482
1 2 308
3 1 54
2 0 233
2 1 234
4 0 34
5 2 188
3 2 298
3 3 318
0 2 182
5 1 487
5 0 492
1 3 40
4 1 486
0 0 421
4 2 544
1 2 187
0 1 512
2 2 185
3 1 173
4 0 69
1 0 464
2 0 405
2 1 440
3 0 441
5 2 324
5 1 410
4 2 427
4 1 593
3 2 602
5 0 586
0 1 277
1 2 197
0 2 291
4 0 53
0 0 350
2 2 39
1 0 374
3 3 287
1 1 474
3 0 441
5 3 462
4 1 563
3 2 555
4 3 670
2 1 525
5 0 617
5 2 636
2 0 589
1 3 57
1 2 201
3 1 38
4 0 36
1 0 314
0 2 325
2 2 46
5 2 337
2 1 181
0 0 485
2 0 260
0 1 611
3 2 593
5 0 647
4 1 636
3 3 690
5 1 702
4 2 697
1 3 48
4 0 39
1 2 193
5 0 191
3 0 200
2 2 38
5 2 462
4 3 463
1 0 575
3 2 354
0 0 353
2 1 197
0 2 481
5 1 698
4 2 713
2 0 361
3 3 847
0 1 854
5 0 290
1 2 281
4 0 57
4 1 199
3 1 35
5 2 542
5 1 555
1 1 535
1 0 557
2 2 46
3 2 295
4 3 523
2 1 200
3 3 395
0 0 355
5 0 243
0 1 514
4 0 39
1 2 187
0 2 626
2 0 596
5 1 492
3 1 41
5 2 754
1 0 629
2 2 49
3 0 217
1 1 752
4 2 663
4 3 753
2 1 219
5 0 285
0 0 286
3 3 530
4 0 40
5 1 533
5 2 572
4 1 189
0 1 542
2 0 594
0 2 557
3 1 56
4 2 293
3 0 217
3 2 215
5 2 181
5 0 214
5 3 235
2 2 38
4 0 54
2 0 270
2 1 335
0 3 339
4 1 439
4 2 447
3 0 257
0 1 462
0 0 478
5 2 183
4 0 42
3 2 491
3 3 514
5 0 508
5 1 505
2 2 61
4 1 318
4 2 331
2 1 234
2 0 233
3 1 53
5 2 188
3 3 472
4 0 41
3 2 496
5 1 472
5 0 532
4 3 181
4 1 249
2 2 49
3 1 37
2 1 190
4 0 39
2 0 318
5 2 332
5 0 385
5 1 382
3 3 421
3 2 421
4 2 340
4 1 343
5 0 181
5 1 180
5 2 190
2 3 181
2 0 192
2 1 194
5 1 181
5 0 180
5 2 184
2 2 34
2 0 182
2 1 186
5 1 179
5 0 183
5 2 181
2 2 34
2 1 180
2 0 242
5 0 179
5 1 181
5 2 249
2 2 39
5 0 181
5 3 257
5 2 263
2 1 258
2 0 257
5 0 179
5 3 183
5 2 183
5 2 182
5 0 181
5 3 183
5 0 180
5 3 180
5 2 183
5 0 182
5 1 183
5 2 184
5 2 179
5 0 179
5 1 180
5 0 179
5 1 180
5 2 180
