0 1745
0 1517
1 2862
2 2388
1 1916
0 2649
0 2291
1 3225
2 4728
0 2881
2 3040
1 3579
0 3126
3 4462
1 2555
2 4791
0 4204
1 4037
4 4066
3 5102
3 3233
2 6190
0 4799
5 6142
1 7249
4 6766
3 4942
2 5490
0 5523
5 4953
4 5056
1 5356
3 4464
2 5397
0 5693
5 5432
4 4453
1 5183
3 5279
2 4842
0 5658
5 5435
4 5616
2 2914
3 4494
1 6597
0 5470
5 5484
4 4846
2 5749
3 5785
1 5817
5 3512
0 6141
4 5753
2 5613
3 6046
1 5248
5 4797
74 431
6 863
2 847
2 848
3 869
3 862
3 875
53 880
3 884
2 907
1 913
3 917
23 924
7 932
1 941
1 928
1 946
1 953
1 956
1 939
1 954
1 942
1 967
14 961
1 972
41 1029
6 1038
3 1050
2 1100
3 860
4 1081
4 1085
2 1121
3 1130
1 1132
1 1133
1 1168
1 1147
9 1261
2 1296
11 1358
17 1389
1 1391
1 1401
16 1402
13 1406
5 1497
6 408
1 31
7 37
12 31
3 54
26 20
36 110
1 24
10 347
1 190
1 118
2 490
4 36
27 215
1 92
7 10
111 138
5 62
1 82
1 83
1 80
9 62
17 130
1 80
1 84
2 313
10 18
3 86
2 385
4 36
1 81
15 65
2 341
14 165
9 63
25 33
7 7
1 78
2 306
3 75
36 75
1 79
14 162
1 79
4 113
8 304
1 88
4 59
6 169
2 496
2 590
3 71
1 73
17 135
3 69
2 343
1 173
2 412
1 73
4 35
1 74
1 297
2 480
3 75
1 80
2 320
1 80
3 74
1 73
2 320
2 318
2 320
14 149
3 70
72 7
10 10
1 73
1 87
1 74
1 75
20 42
5 65
63 62
1 82
3 72
2 385
15 74
18 47
112 122
1 121
11 98
7 16
8 256
7 8
1 73
5 50
1 71
2 272
4 33
1 79
33 60
1 79
6 126
1 82
1 79
4 34
34 55
1 78
1 77
38 21
15 136
2 345
1 76
3 74
16 66
3 75
18 49
1 137
8 288
1 67
2 245
4 33
1 65
1 71
4 73
2 365
4 38
5 61
1 70
1 71
30 69
286 37
9 55
1 73
2 307
7 8
2 324
6 132
9 174
2 436
2 24041
2 23784
1 77
1 208
2 411
2 344
42 18
1 73
1 71
5 59
1 75
2 345
1 69
1 76
1 70
27 173
1 79
16 56
4 40
3 72
1 70
4 36
10 10
23 12
1 98
2 381
2 576
34 61
7 8
51 22
1 73
2 316
2 329
3 68
236 82
1 71
1 73
1 72
1 71
194 19
1 72
3 70
1 73
3 80
2 337
3 63
3 82
4 62
1 129
2 340
1 72
1 74
5 57
1 78
1 163
56 201
4 64
2 335
2 355
64 41
45 6
1 71
1 68
8 213
2 400
1 168
1 138
2 533
8 267
2 320
1 80
1 72
1 77
22 110
1 177
49 712
5 56
1 75
1 78
8 225
19 209
29 262
1 78
1 79
23 7
4 108
2 344
1 79
1 119
1 74
3 71
58 44
6 120
3 73
13 165
69 184
7 6
1 77
1 75
1 77
3 73
21 51
28 21
30 64
1 79
38 22
239 298
13 161
4 33
1 76
1 80
36 76
4 33
1 75
35 38
1 77
1 80
1 81
2 287
1 77
15 67
2 344
4 34
67 73
2 292
1 71
243 194
4 34
5 57
17 87
1 78
24 94
2 314
1 78
10 7
7 6
15 62
4 32
12 223
34 61
8 220
220 8
1 81
1 79
1 76
2 318
1 72
5 48
10 5
1 81
1 73
5 53
4 36
2 325
1 78
1 78
186 60
40 321
1 71
9 59
6 155
9 121
1 121
1 71
38 41
1 86
1 70
4 31
6 129
1 75
1 74
8 235
1 76
2 318
2 312
3 82
24 107
5 64
84 25
3 73
2 291
1 76
5 64
12 232
1 89
110 37
442 108
2 286
15 66
9 54
1 72
1 71
1 75
1 71
96 96
23 6
4 32
5 56
1 79
8 236
2 316
24 152
1 137
1 180
2 312
3 68
2 321
1 72
3 73
39 193
2 427
44 161
1 71
1 83
18 92
1 93
6 121
1 76
1 77
1 71
147 257
1 105
2 376
1 79
1 77
9 86
1 106
2 302
1 72
1 72
1 67
1 69
3 69
86 29
26 97
11 58
1 70
5 151
6 175
9 54
1 70
1 80
16 55
125 67
1 76
11 51
1 73
1 78
1 193
23 11
2 374
1 77
3 74
1 80
1 75
1 72
1 76
1 75
1 83
2 313
28 22
1 75
1 79
84 27
1 74
6 117
25 37
1 73
1 80
6 136
123 87
53 278
31 57
23 7
1 71
5 61
2 324
1 70
18 50
5 222
1 122
442 194
1 62
47 29
1 72
3 67
1 77
29 243
18 51
3 73
5 53
96 93
1 122
11 49
1 70
3 72
2 312
4 32
14 166
1 75
1 78
60 177
102 16
12 223
1 60
1 81
1 80
1 71
6 127
123 92
2 304
4 34
11 55
244 8
123 89
2 291
2 293
5 56
1 72
1 71
1 69
393 249
1 72
4 32
10 6
2 289
6 133
3 69
11 59
2 322
3 73
35 35
1 76
1 75
19 222
23 8
1 76
8 241
5 58
20 44
10 7
1 76
2 323
21 222
19 205
9 58
1 68
1 77
23 8
4 30
1 68
22 47
1 74
4 31
1 77
6 129
1 77
9 59
55 98
39 144
5 58
1 73
4 34
3 76
1 81
47 28
2 298
5 59
4 899
4 1143
1 779
1 814
1 867
15 34
1 460
1 485
13 143
253 243
1 473
1 432
14 134
1 470
1 416
1 439
1 419
4 422
2 455
6 792
2 614
5 100
3 18
71 978
1 823
5 23
45 34
423 194
52 216
7 23
5 25
5 23
3 10
4 312
1 441
1 461
1 495
15 37
3 10
3 12
1 456
2 306
8 1408
85 770
1 1194
6 1578
1 692
1 473
6 407
70 107
6 931
1 691
1 441
3 12
1 452
2 344
4 435
1 460
4 339
2 310
3 12
3 11
1 472
1 1008
21 1259
2 308
2 336
2 434
3 20
30 349
1 454
2 304
9 328
1 451
5 25
1 1520
1 3524
1 2820
1 2682
1 1826
8 3885
1 787
4 744
1 685
1 645
75 92
1 527
1 471
6 478
2 359
2 389
1 451
4 335
362 43
19 73
1 591
1 754
365 130
1 419
4 421
9 447
3 10
1 429
40 153
1 851
7 73
7 43
1 1599
1 1576
13 1114
1 1132
7 18
6 459
4 334
29 93
3 38
9 345
5 21
3 13
21 895
2 354
6 540
1 437
1 416
1 437
35 170
3 18
1 463
3 11
3 12
5 44
1 479
2 286
12 141
1 459
54 283
1 490
8 776
1 419
10 46
15 34
1 430
1 511
6 1018
1 914
273 1224
11 94
1 918
1 1176
1 598
17 324
179 42
150 1257
48 205
1 1402
2 807
1 2123
1 2843
1 2815
1 2572
1 2632
2 1664
1 2712
4 1504
1 1420
1 647
1 414
5 22
1 430
1 666
37 9
1 775
1 448
3 11
14 82
36 56
15 35
3 9
33 41
12 146
1 470
378 443
2 368
2 819
8 1212
2 465
149 14
1 648
1 631
1 448
1 454
14 62
4 412
453 441
2 523
1 609
2 465
2 326
2 320
1 758
18 208
99 297
1 1047
1 1337
4 288
3 10
4 311
26 260
1 491
1 535
3 26
1 816
1 977
3 12
1 600
1 592
1 455
3 11
4 336
67 45
2 310
6 518
105 71
1 456
79 54
3 11
78 69
14 57
1 447
1 622
1 514
289 322
1 473
1 448
3 10
3 44
1 453
1 492
1 483
41 95
1 424
1 530
12 150
59 133
1 518
39 57
5 96
1 1609
6 1569
190 1832
2 1471
1 1336
1 473
37 12
8 1066
1 1046
191 381
1 516
3 12
15 92
1 492
1 491
2 469
111 433
10 46
21 1021
2 546
461 308
5 23
3 10
378 378
47 97
5 19
13 185
1 451
2 331
2 332
1 488
2 641
792 1196
2 1349
35 156
2 337
1 132
1 131
1 205
20 237
89 10
6 487
30 194
6 518
2 320
5 17
14 39
6 548
1 92
14 28
266 78
273 293
15 18
2 338
2 315
5 12
1 128
2 288
1 119
51 106
1 129
1 129
13 10
4 372
4 526
1 203
4 273
1 127
2 303
5 17
1 123
15 15
5 15
37 126
11 42
23 121
402 27
2 325
5 14
19 189
1 122
23 122
11 41
28 62
2 294
16 84
2 299
8 159
1 127
2 288
1 126
7 92
86 78
1 129
1 126
7 92
2 289
1 129
2 279
13 10
17 90
38 54
11 38
11 37
1 129
26 43
4 225
55 47
1 122
1 123
4 299
28 18
3 893
23 326
6 985
7 182
3 370
14 36
38 59
2 337
14 38
3 422
5 13
26 63
5 27
2 502
4 432
11 40
1 130
2 316
1 131
13 11
1 174
42 181
3 469
1 127
1 151
1 148
18 247
4 267
1 118
1 131
297 132
3 492
1 133
1 133
1 131
341 9
1 92
1 95
1 129
1 120
4 276
100 240
1 127
2 276
4 299
1 224
1 162
1 150
1 176
2 280
3 387
79 177
5 14
2 311
1 133
1 173
1 301
4 334
1 126
5 13
8 155
1 342
6 680
18 349
58 43
3 377
6 500
4 328
1 226
2 417
5 13
5 13
2 301
3 410
6 483
14 35
5 65
6 806
2 832
1 201
306 141
922 152
1 183
1 203
874 22
706 79
1 128
1 130
3 412
613 80
23 121
8 169
4 293
1 127
8 165
1 125
6 576
2 535
1 138
1 130
228 50
1 126
1 236
2 426
13 10
4 552
2 517
6 417
1 295
6 542
39 194
75 302
6 440
1 126
42 102
1 133
1 151
2 307
13 10
6 504
1 147
1 119
1 118
5 12
5 13
7 95
83 10
595 204
1 119
1 334
3 623
1 236
6 769
2 336
3 637
12 337
2 697
2 331
1 137
2 304
8 172
1 124
29 50
1 121
506 162
2 360
2 290
12 105
4 312
66 325
1 124
28 15
1 120
1 340
2 403
10 7
3 466
1 285
1 130
1 131
595 235
1 128
1 125
3 395
9 13
14 36
1 126
8 202
1 192
1 114
519 61
1 111
9 13
72 14
1 116
1 117
4 259
1 116
1 119
10 6
2 306
1 115
7 111
3 406
27 3
1 118
26 38
6 478
2 315
1 118
1 118
8 140
2 267
7 86
317 46
5 11
1 246
2 365
1 131
2 275
7 92
47 16
1 129
6 438
19 214
13 11
1 127
136 138
1 125
7 97
1 124
2 365
1 391
4 273
1 123
2 396
1 129
14 36
1 117
1 127
2 291
7 86
1 119
170 68
2 277
76 18
9 12
107 271
33 35
1 164
1 130
2 321
1 138
1 147
86 79
24 24
1 123
1 168
1 192
156 38
2 341
1 211
3 585
2 397
1 124
10 6
1 134
6 623
2 410
2 274
1 102
1 108
1 111
1 115
9 12
3 381
1 235
1 125
1 118
5 12
304 97
30 187
2 391
3 439
45 31
1 133
47 17
1 124
1 131
4 300
2 506
2 602
1 117
2 337
2 337
729 5
1 117
181 23
8 169
5 12
3 460
1 125
6 480
1 125
13 14
2 376
4 396
3 414
1 108
14 30
1 113
5 27
18 226
1 120
1 124
1 124
12 105
4 292
4 271
15 13
71 91
2 305
7 200
1 226
6 647
1 106
1 178
1 243
7 95
16 102
1 112
2 497
2 531
1 127
304 91
1 125
1 125
354 123
204 309
1 125
1 129
74 268
41 300
7 101
1 254
4 480
175 327
4 402
78 27
21 203
7 98
1 346
6 800
2 668
1 111
1 142
9 12
5 13
4 277
17 287
16 374
3 571
989 67
5 12
5 13
38 55
3 571
2 454
12 141
632 150
1 122
1 124
1 329
16 310
1 226
2 587
2 328
3 454
15 14
1 387
2 498
1 370
10 6
5 14
1 175
4 377
22 45
1 145
1 128
1 108
15 16
619 105
6 460
2 454
3 397
90 17
3 448
1 117
41 198
91 75
1 120
13 9
4 286
1 130
39 82
6 464
1 125
1 124
1 124
12 100
24 24
1 123
48 59
1 122
2 279
1 128
1 129
3 366
4 289
22 74
1 127
1 126
95 218
27 6
19 175
58 46
1 127
1 131
246 56
6 437
1 119
1 125
3 382
1 126
20 155
1 192
30 161
1 122
1 319
2 38
1 83
1 14
1 10
2 12
1 14
2 12
1 13
1 13
4 297
6 263
9 301
3 10
3 10
3 9
1 10
3 11
4 10
1 11
2 281
2 12
2 23
1 10
1 9
1 9
6 10
2 11
1 10
1 11
1 486
1 159
12 70
3 137
10 88
3 144
1 294
1 131
2 22
1 241
1 244
1 129
15 100
53 55
1 125
5 23
11 33
1 140
1 147
2 23
8 59
1 147
2 20
1 130
1 134
2 58
39 123
1 140
4 12
5 18
1 141
19 10
4 11
3 158
1 148
7 9
31 22
1 148
1 148
1 152
169 96
1 187
2 23
7 11
1 144
1 147
3 159
1 150
1 320
3 320
1 318
2 22
2 21
834 14
8 52
3 134
8 57
2 18
1 154
2 23
2 21
5 17
1 157
2 33
80 83
109 42
2 22
6 16
3 150
1 158
1 155
22 23
2 18
1 147
55 41
1 156
2 40
1 166
1 156
1 119
5 15
2 18
7 11
3 145
9 6
5 20
2 20
1 164
7 12
1 166
3 157
1 181
142 37
5 26
1 142
1 149
1 148
1 156
3 146
2 20
2 18
1 144
25 95
8 49
1 138
1 134
71 78
1 131
1 131
1 137
8 55
1 144
1 164
1 153
1 144
53 36
1 209
3 248
1 137
2 19
1 138
1 139
4 10
6 17
1 141
1 146
1 141
1 139
2 19
880 17
2 18
20 35
2 19
1 134
17 15
1 138
2 17
2 19
2 18
2 20
3 180
2 73
25 202
24 88
1 163
35 173
4 8
26 91
1 147
2 21
1 148
103 215
1 150
10 20
2 20
10 19
3 161
10 24
1 249
6 17
1 153
1 150
4 10
57 50
9 6
4 10
1 143
1 144
2 48
1 166
1 241
1 285
3 155
96 30
1 146
3 129
1 145
1 150
20 36
1 148
1 229
1 244
1 137
1 135
1 139
1 143
1 138
48 46
212 80
7 10
1 145
5 18
4 29
1 354
3 367
1 377
1 142
1 140
332 68
1 142
1 148
3 127
6 16
86 54
2 19
1 144
1 149
1 146
21 94
521 428
3 463
2 35
20 122
3 95
9 48
2 37
1 11
1 9
4 21
1 10
5 49
2 40
49 80
1 13
1 10
1 20
1 12
2 35
1 13
1 10
2 36
2 36
953 67
1 11
1 9
4 20
1 14
2 40
36 39
8 69
1 10
5 47
1 9
24 76
35 24
1 9
1 9
1 9
1 9
29 14
1 9
24 84
14 51
1 8
6 87
1 8
24 82
4 21
6 75
1 9
2 36
3 104
11 82
1 8
1 8
1 9
1 18
3 101
12 7
69 80
1 11
3 95
1 14
384 66
1 10
1 10
24 91
1 8
657 32
1 9
5 47
4 22
1 8
167 69
12 8
7 46
1 23
3 93
1 7
23 66
5 48
1 8
1 8
2 32
1 8
71 68
4 21
1 8
51 43
1 7
1 10
3 87
2 31
2 31
2 35
1 9
2 27
1 6
1 8
2 31
1 8
51 40
10 18
23 67
1 8
50 48
50 44
1 7
1 8
2 34
29 12
74 161
1 7
1 7
2 32
32 7
4 18
10 18
4 19
8 75
1 8
8 74
12 8
1 7
6 79
1 6
2 33
1 11
5 43
1 9
13 5
212 75
21 50
1 8
8 65
1 8
24 79
1 8
2 28
295 34
8 86
28 10
14 54
5 44
3 99
7 42
3 101
7 41
3 102
5 48
1 8
2 31
2 32
556 127
2 33
22 108
1 6
9 35
2 36
1 8
2 33
2 36
2 33
1 9
23 65
1 8
3 93
3 98
1 6
1 11
1 11
1 6
1 8
1 7
32 8
1 7
7 41
1 8
20 121
1 8
6 81
5 43
2 33
1 7
4 17
2 32
7 37
2 27
2 81
1 6
2 43
1 12
2 35
13 6
1 6
1 9
1 7
1 8
2 31
3 87
3 91
5 46
1 7
1 8
1 7
5 47
1 7
14 53
1 7
16 35
1 7
41 24
98 65
1 8
10 16
4 18
1 8
2 36
1 6
1 8
1 6
1 6
12 8
178 25
11 55
4 20
17 14
1 8
1 7
1 6
1 7
1 8
177 56
2 31
3 102
1 9
1 9
3 99
1 7
2 31
1 9
5 104
5 48
1 6
4 20
1 7
1 6
1 12
1 8
1 6
1 8
1 8
2 36
5 47
1 11
1 8
1 11
4 18
27 7
5 48
1 9
56 9
16 34
5 50
18 67
487 11
3 94
1 7
2 36
6 75
1 8
1 7
1 6
1 7
3 108
5 48
10 18
1 6
27 6
5 46
1 9
50 45
3 102
17 14
19 55
1 6
5 46
1 8
36 42
2 34
48 34
3 133
1 7
8 51
1 9
1 7
4 18
2 30
27 6
4 18
4 17
22 94
9 31
1 8
1 32
3 90
3 83
261 44
1 8
1 6
1 7
1 50
22 145
49 138
5 45
1 7
3 99
3 102
1 8
2 34
94 36
2 34
2 32
1 7
1 8
2 32
1 16
2 83
23 70
35 27
3 97
8 75
33 6
1 8
1 6
1 7
1 8
2 30
1 8
1 10
8 64
60 20
2 31
3 91
3 88
1 7
539 31
7 43
2 37
1 7
1 10
1 6
17 18
17 18
1 9
5 47
1 8
183 7
1 7
7 43
5 44
62 39
1 7
38 16
4 18
1 20
1 7
13 6
1 8
2 32
2 37
1 8
1 17
3 104
1 7
1 7
2 26
1 8
1 7
1 6
4 18
1 20
20 94
3 90
1 6
1 7
5 40
1 6
2 29
29 10
4 44
5 39
1 7
4 19
1 9
1 10
1 7
5 40
2 40
213 39
259 21
2 32
4 19
5 40
45 139
1 7
4 17
24 93
1 6
2 30
1 7
8 70
2 32
10 18
1 6
1 7
4 18
19 49
1 6
17 15
1 10
1 6
29 12
3 132
1 7
2 32
1 9
2 30
1 16
3 104
2 30
5 48
5 42
1 7
2 37
1 7
1 7
1 9
26 11
206 28
1 7
6 76
5 49
44 54
1 8
33 6
1 7
33 10
4 20
4 23
1 7
14 53
1 10
1 7
2 33
2 32
1 12
3 105
289 44
2 32
2 97
3 99
1 7
2 34
3 126
1 6
2 30
1 8
1 7
1 7
1 7
107 19
10 17
1 7
1 7
1 52
6 66
163 13
1 9
1 6
1 6
2 31
1 6
1 9
1 8
3 96
4 19
1 7
5 47
1 6
1 6
1 7
1 9
4 22
1 6
1 8
19 51
1 6
2 33
94 38
5 43
2 37
29 13
1 7
5 44
2 90
3 120
1 6
1 8
1 12
1 9
1 8
1 7
1 6
6 86
486 30
1 6
9 33
1 10
11 56
26 12
1 6
3 104
3 103
2 31
24 106
1 7
1 7
3 107
6 85
25 93
3 104
1 9
1 8
6 77
3 105
94 40
1 10
22 93
8 77
1 7
179 68
1 7
1 10
5 39
1 5
1 6
6 92
82 25
3 105
3 104
224 62
42 24
1 9
35 49
1 8
1 7
6 78
1 7
85 8
1 8
3 98
1 9
1 7
13 5
1 8
2 37
8 75
1 7
10 17
825 15
5 49
1 6
2 39
4 18
3 124
1 7
87 19
1 7
4 21
3 92
7 45
2 36
243 9
1 8
1 7
1 8
1 7
1 13
2 35
1 6
14 52
4 20
9 31
19 56
1 7
11 54
20 121
1 7
132 23
1 7
1 7
5 46
8 68
2 34
1 10
4 18
1 8
2 34
7 36
2 30
1 7
1 7
3 100
1 9
2 33
1 7
40 19
1 7
1 6
1 6
41 22
14 57
11 52
4 19
12 8
6 72
1 7
3 98
1 7
1 7
63 66
3 108
2 36
134 37
1 7
13 6
2 38
59 17
1 9
1 7
1 8
1 7
1 6
1 7
1 6
210 103
3 105
1 14
15 45
21 51
1 5
2 34
1 7
7 29
1 22
68 75
4 17
1 6
3 93
1 5
1 8
2 30
629 28
7 38
2 32
1 8
3 94
2 32
18 72
1 8
1 7
2 38
2 33
26 8
1 11
25 84
2 35
2 31
1 6
34 141
8 75
1 6
2 32
1 7
47 14
5 53
3 96
10 18
7 68
3 90
9 34
1 8
1 7
3 88
1 10
1 8
7 44
14 51
2 47
1 7
10 17
3 90
3 91
3 93
101 103
1 6
1 6
1 7
44 70
3 95
1 7
1 9
1 12
2 35
2 55
779 9
1 8
7 43
18 66
23 63
5 48
1 7
1 7
3 137
1 6
3 107
4 20
2 32
99 17
1 7
1 11
2 35
1 7
1 7
5 46
1 8
195 16
2 33
3 106
1 11
4 18
1 15
5 42
21 57
1 7
1 8
1 7
3 106
5 51
1 7
63 66
15 45
1 7
2 36
195 15
1 7
1 7
1 7
18 68
1 7
1 7
1 6
1 10
34 140
1 7
1 7
1 11
15 48
1 20
3 132
1 13
2 30
3 106
1 6
129 25
5 43
5 44
1 6
1 7
6 80
2 33
4 18
41 24
1 22
4 21
1 8
1 7
1 7
3 105
3 101
7 37
1 6
6 75
1 8
1 5
2 34
1 7
1 9
1 7
1 6
1 7
1 7
111 21
1 7
27 9
2 29
1 7
1 7
1 7
1 8
13 6
1 7
10 18
1 7
10 18
1 6
1 7
3 101
6 81
8 76
1 7
1 6
1 7
1 7
2 32
14 52
2 31
12 8
5 41
1 6
1 8
3 95
1 9
2 31
43 16
1 6
70 40
1 7
5 42
2 34
23 55
1 7
1 7
1 7
1 7
12 9
6 73
5 39
1 7
237 11
1 8
2 27
1 8
71 60
17 16
1 8
9 33
1 8
2 77
2 34
1 7
20 116
17 15
1 7
1 11
501 9
7 40
53 123
3 87
1 14
2 33
3 89
2 40
2 30
1 7
1 15
11 61
1 6
1 23
3 102
1 8
34 178
34 145
54 153
8 123
8 95
1 10
12 10
8 69
1 8
1 6
7 50
6 75
6 79
3 91
1 6
4 25
1 7
5 48
1 7
1 7
7 73
1 7
61 105
2 34
9 37
2 34
1 6
32 8
110 53
1 14
23 68
10 19
11 58
3 105
1 7
1 8
15 43
1 7
3 118
3 101
3 106
1 7
29 11
17 16
1 8
1 7
6 83
246 100
2 34
1 8
272 43
26 10
1 8
15 75
157 26
1 8
1 9
6 77
79 145
8 68
1 6
1 9
9 33
8 91
1 8
1 7
1 8
2 33
1 8
2 77
2 41
4 92
40 18
2 36
1 10
4 24
2 32
42 40
1 8
6 67
2 33
3 100
1 7
2 34
2 31
2 376
3 135
1 27
3 127
4 105
1 26
1 33
4 94
3 119
5 87
1 29
1 28
2 45
1 38
1 28
1 29
1 25
1 28
1 26
1 71
1 38
2 53
15 14
1 29
86 109
16 261
361 34
1 27
2 48
34 43
2 45
1 25
1 27
4 115
2 46
3 119
1 29
2 44
2 42
1 26
1 26
7 87
1 26
2 41
51 27
2 42
3 115
1 30
2 42
1 25
3 106
1 44
2 74
19 21
8 13
1 28
3 121
3 121
4 98
1 27
11 13
1 27
10 24
3 127
1 25
2 55
3 121
479 25
8 14
10 11
1 25
6 28
1 27
2 54
1 27
2 50
3 126
1 28
2 50
17 263
1 27
32 26
1 33
7 85
6 29
2 51
9 46
1 26
2 53
14 32
1 25
5 73
1 25
1 25
1 25
3 115
11 14
527 194
105 41
1 28
6 33
1 28
1 26
7 79
4 94
23 12
1 26
1 340
2 81
15 92
24 9
1 19
1 17
1 16
1 14
1 15
1 12
4 48
27 58
4 36
1 15
1 18
36 26
1 14
2 45
18 63
7 11
1 13
1 13
4 61
2 46
1 20
1 13
1 12
1 16
3 46
1 12
198 29
50 68
1 13
1 12
6 32
1 11
1 11
3 45
3 38
1 18
4 41
5 27
25 45
1 9
3 46
1 11
1 12
44 10
1 16
2 31
15 23
1 10
107 45
31 25
2 34
148 36
13 33
45 19
1 14
21 7
539 22
1 22
5 28
48 34
58 10
1 14
1 12
5 26
51 50
1 11
1 12
6 30
278 16
1 11
2 27
7 10
1 11
1 14
1 11
4 42
1 10
1 11
1 11
1 10
1 12
1 12
1 12
2 29
8 12
14 14
1 12
49 94
1 8
1 10
1 12
1 10
1 11
13 33
15 21
5 26
1 14
6 31
1 11
1 12
1 12
2 31
113 58
3 42
1 11
1 10
14 16
1 12
3 42
14 17
2 29
1 11
6 32
5 27
1 11
3 51
2 33
1 10
1 10
2 31
1 10
3 42
1 11
2 33
5 27
2 30
1 12
8 52
16 133
16 111
7 9
1 11
1 10
3 44
3 43
1 9
2 31
1 10
2 33
19 5
1 11
1 12
3 43
4 57
10 61
1 11
9 11
206 12
1 10
1 11
1 14
1 11
1 10
77 21
4 40
475 44
7 9
15 21
2 31
13 32
45 21
1 13
1 11
2 30
1 10
1 10
3 42
87 8
2 33
1 9
2 30
7 7
1 13
65 53
292 20
7 25
4 46
77 17
1 13
1 12
6 30
1 11
1 11
1 12
1 10
5 35
3 40
1 12
21 6
3 41
9 9
1 11
20 12
1 11
108 45
57 24
2 31
27 81
2 69
1 9
1 12
1 14
74 34
157 60
1 11
1 11
1 11
1 10
4 37
1 10
1 11
2 30
10 63
89 5
1 11
5 27
166 42
19 7
4 36
279 107
7 8
2 31
7 9
2 32
6 30
3 40
5 30
26 5
8 10
10 59
6 32
1 304
24 13
17 49
5 29
5 31
4 46
38 35
4 54
1 13
9 13
101 111
23 86
1 14
1 14
1 11
2 34
3 46
1 13
17 38
1 15
941 41
1 14
4 40
2 33
94 28
1 13
1 19
1 10
2 31
6 32
1 12
1 11
1 12
1 12
1 10
3 47
1 10
3 44
2 30
5 27
1 10
3 46
5 27
1 12
1 12
1 12
3 44
1 11
2 28
1 12
2 30
6 32
1 12
8 12
1 11
10 61
1 13
27 62
1 11
6 31
2 33
2 33
5 24
67 58
1 12
1 11
1 12
1 13
1 12
1 13
4 39
3 49
2 31
1 10
9 11
7 8
10 63
1 11
20 12
1 10
2 30
3 46
2 28
1 12
23 74
5 24
1 11
6 30
2 25
3 40
1 10
2 30
208 38
1 69
1 17
4 53
3 40
2 32
1 14
1 12
6 33
1 10
1 11
2 31
11 11
1 11
1 22
1 11
1 10
11 11
320 8
1 11
2 31
44 8
3 43
1 10
3 40
1 10
1 12
1 9
45 31
3 54
1 12
1 10
1 12
1 11
3 39
720 38
16 101
47 14
3 46
1 12
2 29
1 10
1 10
7 9
82 16
2 26
25 43
13 39
7 9
1 11
1 14
1 11
17 37
15 26
1 10
1 10
40 73
3 41
4 41
2 30
3 42
388 12
1 10
1 10
8 10
2 30
1 10
1 14
5 30
13 32
1 12
6 31
2 35
5 22
9 10
7 8
1 10
1 11
3 46
1 11
16 143
14 17
79 41
2 32
10 63
6 30
6 28
5 27
1 26
2 30
8 11
1 12
6 32
14 13
1 10
1 12
153 26
3 53
8 10
4 40
5 24
186 42
40 72
30 8
1 13
19 5
165 44
3 40
2 29
2 33
1 13
2 29
1 10
1 8
30 10
4 43
1 10
1 18
1 10
507 13
15 21
1 13
1 12
1 13
1 11
9 9
3 42
1 11
2 29
3 48
57 35
1 11
6 30
8 14
1 11
1 11
1 11
1 10
1 13
2 36
1 10
1 10
6 30
146 6
1 14
10 58
4 249
7 8
2 30
2 31
5 26
1 11
1 11
11 12
2 34
325 21
6 29
23 76
57 23
1 17
19 5
4 37
1 9
4 39
9 8
3 36
1 9
2 32
2 30
4 46
2 50
2 25
3 33
2 34
1 10
1 9
1 10
1 10
1 13
175 28
1 10
2 27
20 15
77 18
7 8
1 10
1 9
1 13
7 8
1 10
1 11
1 10
1 10
10 43
410 86
76 30
19 6
1 11
4 37
2 25
1 10
1 11
26 5
8 15
1 10
1 9
1 9
3 43
1 10
37 4
20 11
3 46
2 27
1 10
2 27
6 27
13 28
1 10
12 22
1 10
1 11
7 9
1 12
1 14
1 9
1 10
1 9
1 12
156 299
2 62
208 34
3 40
510 65
2 39
1 76
1 17
3 43
1 12
1 13
37 7
2 36
1 13
1 12
1 12
1 15
6 40
5 35
3 48
1 15
5 33
27 78
4 39
15 24
6 32
355 11
4 40
54 63
1 11
3 40
24 6
6 31
121 8
2 34
3 52
1 13
1 15
1 14
37 6
7 11
3 39
6 31
1 13
1 11
16 120
1 12
4 38
1 13
1 10
4 40
1 19
36 24
1 12
2 31
3 41
3 38
3 40
1 11
1 11
50 67
1 10
57 22
1 11
1 12
599 22
14 15
1 11
55 26
2 32
81 18
1 12
1 9
1 9
6 31
1 11
26 7
3 47
5 27
23 70
1 10
1 11
2 30
1 10
294 96
35 12
2 28
93 15
1 11
1 11
12 21
3 38
4 36
1 12
30 19
4 39
2 28
1 20
3 39
6 31
153 31
1 9
39 54
1 10
1 11
1 11
1 11
34 17
2 32
38 33
8 12
1 10
3 46
1 24
57 20
2 35
733 119
1 12
304 16
2 30
1 11
2 29
7 7
64 7
2 32
1 10
1 20
27 60
3 40
4 37
16 117
7 8
2 30
2 33
1 11
13 32
1 11
13 30
1 12
2 32
28 48
4 39
3 39
1 16
2 34
36 25
526 25
3 41
7 9
1 13
18 61
4 39
1 11
2 33
3 48
127 6
3 40
1 11
3 42
21 8
1 9
112 38
1 10
3 41
48 32
12 20
1 10
3 40
15 22
1 13
1 11
4 40
1 10
18 53
22 21
1 11
1 11
5 25
25 44
7 8
10 62
1 9
630 60
8 11
1 10
4 39
2 35
20 11
5 26
1 10
1 10
1 10
15 21
115 31
199 65
30 8
224 15
1 13
2 30
4 39
1 10
1 10
4 39
23 83
16 130
6 29
2 30
4 38
2 28
1 11
3 41
42 13
5 22
1 11
1 369
51 94
7 21
1 89
1 80
2 49
20 13
138 92
2 49
1 87
2 55
473 18
1 76
107 22
10 7
1 74
3 41
2 47
1 78
13 35
2 53
15 15
2 51
1 79
1 81
1 73
1 73
5 18
27 37
4 11
45 22
1 79
17 10
3 44
202 15
1 80
1 81
1 85
2 49
9 9
5 17
1 81
2 47
6 8
11 5
1 76
98 5
17 15
2 49
9 8
165 12
1 74
2 48
10 5
1 55
1 57
2 37
15 15
1 58
1 61
1 72
556 67
2 39
4 6
1 67
1 66
45 19
3 39
5 18
8 74
7 18
14 39
73 5
1 69
3 108
1 73
4 8
24 10
3 40
2 49
12 40
2 51
2 47
1 80
1 81
5 15
9 7
10 5
1 78
3 44
13 33
82 18
1 75
1 72
4 7
27 26
10 5
2 47
1 70
8 82
9 8
1 74
3 32
1 85
2 48
3 41
5 46
1 290
27 36
1 69
186 67
1 73
4 9
11 4
1 76
25 26
2 46
51 72
1 75
1 76
5 22
1 75
2 49
1 76
3 44
23 28
1 77
1 80
1 77
79 48
1 76
1 75
510 78
1 80
3 42
1 76
3 43
6 7
5 18
1 81
51 77
1 79
1 88
1 78
1 80
7 16
10 4
78 29
2 56
1 80
1 79
3 42
1 76
7 16
19 15
4 5
44 66
60 13
1 78
1 81
1 84
1 321
1 71
14 38
12 36
3 44
10 5
1 72
1 74
42 79
3 87
1 119
3 43
1 69
1 66
4 6
1 71
67 5
1 68
1 72
1 67
5 17
1 71
1 69
1 76
1 69
146 60
676 46
1 66
1 67
1 69
7 14
1 67
17 10
2 46
1 68
43 34
2 47
1 72
1 74
1 70
1 83
11 10
2 47
6 8
100 84
3 42
2 50
2 49
3 44
15 15
1 79
266 19
10 6
1 80
1 84
1 81
1 84
16 67
4 7
2 48
2 48
1 82
5 24
5 19
23 28
1 126
1 135
147 12
14 45
4 8
26 116
2 50
2 44
8 76
2 59
1 80
1 80
3 42
2 51
52 6
1 79
6 7
1 79
1 78
10 4
1 78
1 88
4 6
6 9
7 22
19 14
3 45
2 47
32 21
1 77
5 20
1 75
1 77
6 8
2 46
11 4
1 78
2 45
3 43
4 7
2 48
145 6
1 75
26 114
97 23
2 49
2 44
10 4
6 7
5 18
1 83
2 49
1 101
1 175
1 309
1 278
6 10
1 75
1 78
4 6
11 6
1 84
38 357
597 15
1 80
1 277
2 50
3 40
1 75
10 4
2 47
5 16
1 74
6 10
4 7
8 77
12 39
16 54
1 79
1 84
11 5
57 34
13 30
3 44
1 79
1 71
1 85
3 40
1 78
2 46
2 47
1 80
7 14
250 28
3 43
1 76
13 31
4 6
15 15
59 27
4 6
1 80
5 19
1 73
1 80
27 30
1 75
3 43
11 4
1 79
1 76
2 50
2 47
3 40
5 15
14 33
39 23
30 21
1 82
1 95
1 71
1 68
2 46
134 92
17 8
2 42
1 69
466 53
5 18
3 42
4 6
1 76
3 39
86 33
23 29
1 74
1 83
1 98
1 81
1 83
10 3
31 109
1 77
1 75
63 5
1 84
88 60
15 17
54 62
1 102
1 82
588 40
1 86
2 88
1 69
19 15
4 12
4 6
3 43
4 7
1 79
7 16
2 50
6 8
4 13
4 6
133 29
5 18
2 75
8 79
1 83
5 17
135 62
1 84
3 42
1 84
9 7
11 4
6 7
1 83
5 18
160 70
1 77
1 79
5 17
1 82
2 49
2 49
1 81
8 87
33 81
1 83
3 41
7 19
2 45
1 73
1 82
48 132
4 421
1 92
4 105
1 91
1 86
4 85
1 64
1 102
5 17
111 217
1 104
1 103
9 65
57 25
2 192
4 97
1 159
2 327
8 196
19 88
1 93
1 93
1 93
1 94
1 96
1 93
1 94
3 218
82 19
1 94
6 73
3 217
14 51
1 91
1 142
4 284
9 22
1 91
27 388
2 275
1 88
208 62
2 388
97 48
3 244
30 10
1 88
11 53
18 37
3 171
8 348
1 81
1 81
9 18
1 156
1 73
2 411
453 29
624 89
746 48
9 17
44 56
29 83
10 120
3 316
3 232
7 81
4 91
1 91
561 6
3 239
1 92
9 19
7 78
116 63
332 321
15 93
2 216
3 239
1 101
4 92
1 130
250 199
12 61
68 280
2 339
1 91
297 15
2 215
3 240
7 78
39 400
1 90
16 52
1 140
1 93
2 439
8 143
1 83
1 83
1 88
289 24
1 88
7 70
1 82
1 88
1 85
1 125
6 273
1 96
1 83
8 243
8 240
2 191
3 196
1 155
1 157
1 84
1 81
74 37
13 121
1 85
3 218
1 83
2 192
1 82
1 96
1 96
1 96
1 87
289 8
1 90
1 87
2 177
1 83
1 84
129 5
128 11
1 89
7 165
342 116
175 601
1 84
12 130
1 107
2 180
1 83
2 193
7 77
36 53
64 60
1 92
8 135
2 197
1 85
1 84
2 229
8 177
3 214
28 55
3 222
1 103
1 111
1 83
27 291
1 83
1 81
14 48
4 91
1 84
4 85
5 14
1 85
9 21
19 88
3 239
1 82
1 84
1 85
43 7
6 117
1 299
1 89
514 217
1 275
1 91
1 90
6 70
40 67
1 89
8 152
2 223
7 121
1 173
9 18
1 194
3 248
4 76
6 63
3 195
2 185
4 86
1 83
1 101
2 369
2 280
9 17
6 72
80 70
1 82
1 91
2 251
2 205
5 13
1 90
1 88
1 90
1 92
73 19
7 132
8 401
2 361
11 53
11 53
1 85
727 46
3 230
1 90
5 14
1 82
38 140
3 228
1 90
277 164
23 197
9 53
1 136
2 269
10 202
1 87
1 112
1 118
5 12
1 90
1 88
1 88
9 19
845 33
1 84
1 91
49 23
1 83
40 71
4 87
1 94
1 91
3 251
769 143
26 46
53 19
1 85
2 360
1 145
3 492
61 146
14 39
2 215
2 214
3 221
46 121
6 70
1 90
2 220
1 89
1 92
225 7
1 99
1 116
355 126
4 91
9 18
1 89
1 82
1 84
1 83
1 82
1 84
2 218
7 71
2 209
1 89
4 98
38 135
1 83
3 247
1 92
17 534
1 295
3 294
1 71
1 97
5 14
4 102
23 186
2 213
1 92
1 96
4 106
19 89
2 215
1 86
1 89
62 144
6 73
4 96
1 94
2 233
19 89
2 223
1 154
2 425
1 72
9 14
1 72
35 18
3 173
7 68
4 88
4 116
17 483
1 90
1 81
93 146
4 87
1 105
6 120
1 81
1 81
2 207
16 4
2 224
5 45
91 90
1 84
1 85
1 92
1 87
3 231
1 86
20 17
1 67
1 88
35 26
1 88
2 207
2 214
4 87
11 45
15 89
40 61
4 82
5 12
173 27
3 223
3 220
4 86
1 84
5 13
2 209
2 375
1 88
1 169
8 305
8 256
3 302
1 75
14 37
2 219
67 143
2 184
3 215
86 104
1 88
2 248
2 230
7 138
1 146
767 183
2 336
4 156
1 65
6 70
3 280
3 271
4 88
4 88
8 147
1 155
1 145
1 84
46 101
2 260
4 115
1 89
1 116
6 76
1 98
1 81
1 90
1 81
12 65
4 81
8 185
113 101
1 144
1 84
1 160
3 348
7 62
1 77
6 58
6 72
1 85
4 197
1 82
1 91
4 90
1 85
63 75
9 18
1 89
10 87
2 200
526 164
1 82
2 199
1 96
2 206
4 83
1 80
4 84
12 66
1 78
1 82
1 78
1 83
2 193
25 74
4 87
88 15
1 85
7 98
12 65
1 284
40 65
1 90
1 88
2 218
2 201
19 83
1 88
2 191
25 90
1 85
6 65
5 22
1 196
3 393
1 82
1 86
195 185
3 255
1 96
12 70
1 129
33 97
1 176
6 57
1 81
29 79
12 67
1 86
1 89
3 202
1 145
1 109
40 62
1 87
3 194
33 75
12 71
1 95
3 219
2 187
5 38
2 209
37 87
1 110
3 238
1 85
1 78
1 84
231 13
1 82
190 42
1 93
2 315
3 335
134 168
7 186
11 49
1 89
2 226
1 85
119 173
1 93
3 265
6 72
1 88
63 90
12 103
2 199
3 216
6 67
1 88
7 74
1 98
1 123
1 108
28 67
2 244
1 155
3 218
1 89
1 88
1 100
1 95
1 93
5 13
37 36
2 227
21 59
84 16
4 90
3 238
335 53
1 83
15 121
1 118
5 13
4 120
1 187
2 263
6 114
1 151
20 16
2 216
1 91
1 116
4 182
2 282
90 150
19 85
389 34
2 211
158 31
1 155
1 117
2 504
3 220
1 86
3 236
6 65
2 184
157 73
9 17
1 77
2 203
173 28
1 77
2 208
3 257
2 204
1 94
3 221
1 80
2 210
2 214
55 100
2 234
3 162
1 77
5 12
2 178
2 178
33 88
99 75
1 93
3 250
9 18
2 229
5 13
2 276
1 89
10 83
1 87
1 89
1 88
1 144
2 290
89 197
1 87
16 6
193 49
3 197
8 128
1 77
15 189
17 598
14 45
1 89
4 126
4 85
1 88
46 94
39 432
24 4
1 88
2 198
13 120
6 65
3 213
1 84
1 91
5 13
15 87
3 283
1 118
5 14
2 162
1 80
3 204
1 72
2 198
1 84
1 85
1 85
2 201
1 86
27 239
21 76
1 124
1 234
3 351
2 196
1 85
1 88
22 53
2 199
2 202
11 53
1 88
79 8
9 17
1 143
1 136
2 208
1 85
2 296
2 384
17 759
14 40
1 88
28 62
206 97
1 67
1 70
1 71
5 12
6 64
2 198
5 13
1 75
1 77
2 189
15 88
126 57
1 77
42 36
191 174
6 58
4 129
5 14
1 84
1 84
4 80
5 14
11 70
4 160
3 350
1 91
43 6
3 240
1 90
2 212
16 7
7 74
3 238
3 223
1 97
84 15
10 86
97 58
7 296
10 174
1 283
17 747
1 79
1 90
32 132
1 80
70 60
9 18
2 232
1 83
2 289
1 84
11 56
6 71
16 7
14 46
46 144
2 232
1 81
22 46
1 81
1 82
4 85
1 82
4 91
2 206
1 84
1 85
137 138
1 85
3 227
1 181
1 116
7 103
2 185
1 86
1 116
1 89
2 227
5 13
1 89
28 56
1 87
3 264
1 153
1 93
1 89
6 70
6 72
1 112
1 156
1 158
1 89
3 235
1 99
1 130
44 77
1 140
1 116
2 234
1 88
1 124
2 317
229 106
1 115
2 259
32 124
3 231
1 83
15 88
6 74
2 274
8 323
6 70
2 253
1 194
1 87
20 22
25 83
55 70
1 119
3 278
12 68
144 139
2 208
1 87
2 213
132 133
112 79
9 16
1 79
2 209
2 212
3 275
2 240
1 84
2 200
8 210
36 79
1 128
6 67
1 96
3 243
28 60
16 4
1 92
1 93
3 243
1 86
1 84
1 90
14 44
64 127
8 243
391 60
4 92
1 93
1 89
2 228
9 18
41 101
1 95
1 89
3 217
3 414
17 683
1 284
4 79
13 114
1 96
1 87
9 18
2 237
9 17
1 96
9 18
2 198
11 126
3 470
1 83
1 70
1 86
4 67
1 77
4 73
736 8
26 40
1 89
1 77
38 130
5 13
2 176
5 13
8 125
1 83
2 182
13 113
5 13
4 82
1 114
1 80
10 244
1 126
17 821
1 87
2 209
1 103
13 109
1 86
67 134
1 86
8 147
2 214
1 87
126 121
39 502
11 42
1 83
1 82
11 52
1 84
1 126
1 83
1 82
299 45
271 131
1 84
1 84
5 13
1 82
1 91
1 83
1 85
1 82
3 309
1 81
1 79
29 74
8 138
2 164
16 5
2 378
12 61
1 75
1 78
3 208
14 41
2 206
28 56
3 236
1 76
1 70
2 179
11 48
1 75
1 72
1 104
2 235
37 30
8 148
135 82
1 88
57 25
1 86
1 89
2 296
4 91
1 88
2 206
1 84
63 77
1 94
76 20
6 69
1 79
15 90
4 88
13 116
11 52
18 35
6 73
1 100
1 82
5 13
2 206
3 233
27 295
2 212
1 89
10 128
6 50
2 149
6 55
5 12
1 164
2 398
30 11
2 161
1 107
1 78
1 75
2 201
91 76
1 114
1 77
3 186
4 113
4 77
2 253
1 89
274 64
292 72
1 85
1 89
1 292
3 197
61 179
1 89
1 85
1 94
2 184
4 86
30 11
2 186
1 102
15 472
1 61
1 58
1 70
59 24
1 57
6 21
3 8
338 17
13 44
18 25
6 24
1 65
1 65
1 65
3 35
2 77
10 51
1 50
3 7
1 55
2 102
1 55
2 93
2 68
3 7
251 21
8 7
30 164
3 5
1 43
41 45
1 62
7 10
1 49
7 10
14 18
5 183
2 77
2 93
4 23
6 20
2 72
3 8
1 48
1 45
12 42
1 46
1 48
720 28
8 57
1 66
1 56
1 69
5 227
1 65
2 72
3 8
1 49
2 75
1 55
1 48
2 82
106 11
1 50
8 12
5 212
1 49
14 18
8 14
2 77
1 55
2 76
1 55
6 19
17 140
3 8
1 305
5 394
1 51
25 16
12 49
1 52
1 56
1 54
1 55
2 112
148 337
8 7
5 142
7 8
1 50
1 43
29 33
44 6
1 46
11 20
12 39
1 47
1 45
25 13
7 9
3 5
2 57
1 47
10 50
1 57
3 8
2 68
4 23
27 5
121 12
3 7
1 51
48 4
2 74
2 73
1 52
31 14
2 73
1 55
1 50
6 17
3 7
3 6
66 25
2 70
12 45
3 6
12 51
2 74
2 73
1 53
1 49
3 6
2 61
1 40
12 38
1 42
1 42
1 42
1 46
2 63
1 42
3 6
2 55
3 6
19 53
29 30
1 39
3 5
1 44
1 39
1 40
1 42
5 216
3 5
1 45
1 43
1 51
4 23
1 49
3 6
63 40
74 33
4 23
8 5
1 45
1 44
1 52
6 17
6 18
1 45
16 105
13 39
2 66
110 21
5 211
2 69
1 57
1 47
2 72
1 45
9 28
260 15
1 45
1 46
99 28
1 46
1 51
4 23
1 48
1 45
1 46
1 50
1 51
1 40
3 13
5 205
78 146
1 126
2 76
1 44
29 32
10 53
2 58
2 67
3 6
43 65
1 51
8 6
1 51
175 38
1 52
1 45
2 61
1 48
1 49
6 20
3 5
1 49
10 51
3 6
1 68
1 75
9 25
1 51
8 5
3 6
1 49
3 5
1 51
8 13
11 18
7 9
1 50
22 50
8 11
2 76
5 205
5 212
2 69
1 55
2 69
84 59
342 251
2 81
16 102
10 58
1 52
1 49
1 58
812 9
14 15
1 52
2 69
32 64
1 48
2 76
3 34
462 335
9 27
891 73
1 101
1 50
2 73
2 75
8 6
2 77
2 78
6 20
1 48
2 76
1 47
2 73
1 52
308 39
1 47
1 52
4 17
4 26
1 53
1 48
8 6
1 49
6 18
1 52
87 13
95 27
10 64
28 144
2 78
1 47
39 57
55 24
12 48
3 5
1 48
1 54
2 73
1 54
1 55
1 47
1 48
5 274
1 47
1 58
3 5
1 47
1 57
1 89
1 253
1 52
1 50
3 5
6 17
9 23
2 72
2 64
1 48
18 20
1 51
4 19
1 49
4 20
1 52
1 54
9 23
30 165
3 6
1 47
14 28
1 63
69 69
1 56
1 51
68 19
3 5
1 52
2 78
1 52
55 19
1 55
1 51
1 51
8 9
1 60
1 55
9 27
38 16
2 74
706 18
23 14
161 57
3 7
1 48
4 26
1 53
10 49
4 26
1 55
2 72
122 46
2 79
8 6
1 51
12 49
1 49
4 21
33 107
41 52
9 28
1 52
1 34
6 14
1 44
1 42
7 9
5 228
252 105
1 50
2 65
11 22
1 54
1 52
1 52
11 20
6 18
106 9
1 55
2 72
55 26
3 12
9 26
15 113
2 77
2 72
12 41
1 55
21 20
12 56
2 60
1 52
11 22
1 51
2 66
2 69
1 80
3 6
1 49
32 70
2 74
1 58
2 78
3 7
1 47
39 69
1 55
1 54
2 76
42 218
1 48
2 72
5 230
6 26
2 72
86 37
12 44
1 46
3 5
8 5
12 44
1 44
1 49
1 51
184 99
47 7
1 55
3 5
601 67
2 77
16 108
3 7
2 77
1 47
1 52
73 122
42 183
1 102
1 51
1 50
2 80
1 78
135 73
2 63
4 22
1 35
1 36
1 35
12 46
1 50
12 53
1 69
1 41
5 203
1 43
2 72
1 46
5 228
5 238
3 5
4 25
1 48
1 46
1 45
1 46
29 38
16 124
19 56
5 228
2 70
5 210
28 140
279 26
262 21
1 56
55 18
7 9
7 8
2 81
79 17
1 45
6 262
2 278
1 58
2 65
7 8
8 6
2 64
2 71
10 54
1 47
277 15
1 50
1 49
1 53
1 49
57 16
3 5
1 48
1 46
39 55
4 27
160 36
4 24
1 50
1 51
3 6
2 79
1 49
1 47
8 4
13 36
1 48
1 56
1 48
4 23
1 51
6 18
1 64
1 69
1 47
1 48
14 15
760 41
101 19
1 51
10 74
23 13
1 50
1 51
4 21
1 52
1 53
16 108
1 48
63 42
3 5
8 4
1 56
63 37
1 51
1 61
5 223
7 8
6 19
1 55
1 51
14 44
28 176
49 16
5 190
1 60
2 65
17 125
1 52
3 4
149 14
76 43
5 211
2 66
1 51
4 21
4 22
1 50
27 9
7 7
2 64
1 51
2 73
4 24
1 49
1 51
2 66
10 57
40 57
4 21
2 72
4 21
1 53
5 186
16 121
5 181
1 54
1 50
1 49
4 24
1 57
3 349
6 209
2 97
3 43
3 42
3 46
5 49
9 154
5 50
2 101
6 131
2 85
83 361
3 47
3 45
382 150
4 12
352 17
10 278
640 645
995 33
5 35
3 48
2 103
28 577
5 212
1 23
4 124
2 257
157 14
10 43
2 216
1 17
1 19
6 159
1 17
1 34
5 169
1 20
4 109
3 161
103 24
2 253
59 145
1 20
4 117
17 69
126 297
2 228
1 14
1 164
5 216
7 59
1 19
2 216
11 313
4 122
21 28
1 19
3 125
2 227
2 237
14 149
11 133
17 42
2 236
22 139
6 190
54 15
79 101
5 184
440 208
8 17
5 194
37 30
2 199
3 133
106 95
3 162
63 18
2 307
6 295
10 19
1 17
14 124
5 191
1 17
1 18
1 18
1 15
2 233
1 15
24 52
1 19
181 9
180 44
1 17
1 19
21 22
1 18
32 39
1 47
2 233
1 17
5 186
1 17
2 192
5 195
73 130
51 13
15 124
1 17
39 128
1 15
1 16
292 30
55 30
1 16
6 125
3 125
212 137
19 80
121 102
5 179
1 14
4 116
2 233
44 13
4 118
1 17
1 16
1 50
30 146
1 16
1 18
2 232
1 16
1 17
2 230
2 237
5 194
2 221
7 28
1 17
46 41
4 124
1 16
2 223
2 274
3 203
2 328
11 99
1 19
46 16162
3 121
1 15
14 118
566 91
3 115
3 121
3 120
7 31
1 15
1 15
3 123
1 18
1 17
69 74
1 18
2 258
60 137
2 358
1 16
2 265
2 334
10 21
2 231
2 224
1 17
2 240
12 125
6 111
13 37
2 216
50 556
1 15
1 15
1 14
2 211
128 82
6 123
1 25
8 17
1 18
4 115
1 18
2 192
75 46
12 118
915 27
1 16
2 194
1 15
1 14
1 15
1 16
5 202
1 13
150 101
1 16
1 17
1 15
1 13
7 31
4 123
1 16
1 18
1 16
2 204
51 8
1 15
1 21
1 17
3 143
3 137
17 44
1 18
17 42
4 110
1 15
8 12
34 129
3 140
3 140
267 82
37 23
84 31
48 14
1 18
1 19
2 221
45 17
1 15
9 107
3 137
6 129
2 237
14 111
11 129
4 111
162 510
14 126
1 16
1 17
1 20
1 18
5 187
17 123
1 16
1 17
71 27
4 115
4 132
1 15
1 16
1 18
2 228
1 17
3 121
2 222
9 71
84 24
5 194
92 21
1 16
1 16
68 8
3 123
6 127
1 15
3 126
1 16
9 76
9 182
1 157
7 204
2 324
6 118
2 227
6 104
3 106
2 203
35 80
3 113
2 179
39 106
2 198
6 114
1 16
5 189
6 126
8 13
1 15
1 16
1 16
1 16
1 21
1 16
1 14
1 15
23 54
1 18
1 16
1 18
1 15
68 5
14 116
5 194
346 193
52 27
2 186
6 106
11 155
2 190
1 42
1 18
2 196
2 197
211 162
1 17
4 127
1 16
1 18
1 57
3 145
1 15
10 15
1 15
1 34
2 226
1 120
6 193
1 15
1 15
138 20
2 213
12 127
1 15
2 322
2 344
2 229
1 16
4 115
4 126
46 24
5 137
1 14
4 107
1 14
170 113
1 16
1 14
1 15
2 243
3 134
9 79
1 16
1 14
132 151
1 16
2 232
1 15
1 15
2 212
1 16
1 17
1 15
12 130
9 75
1 16
1 17
54 12
7 53
2 237
1 15
1 54
9 82
1 14
10 19
1 14
8 23
13 29
2 218
6 137
1 15
133 14
1 14
1 15
1 14
3 124
1 25
1 15
2 219
1 18
1 16
1 16
1 13
1 23
2 236
1 17
1 15
2 238
18 76
3 134
1 18
1 17
82 13
1 17
1 15
3 152
2 240
1 15
15 104
1 15
1 15
4 123
4 116
1 33
1 16
4 171
150 173
1 16
2 218
1 17
5 200
4 119
44 10
46 30
227 62
1 41
3 134
21 19
1 17
7 25
1 15
35 62
13 76
3 182
1 15
1 15
1 16
3 125
1 15
14 107
15 98
5 177
1 15
51 8
2 229
1 16
10 18
8 13
1 16
1 16
8 13
1 16
143 42
2 228
1 14
23 41
6 125
1 15
1 15
8 15
1 16
1 56
2 230
1 16
48 10
1 15
1 16
1 16
2 220
1 17
1 17
2 220
5 176
1 15
11 120
5 188
10 37
1 17
69 41
13 28
11 126
6 123
1 16
33 32
2 216
1 16
3 122
481 31
9 71
1 16
1 15
1 16
1 16
1 15
4 119
3 120
2 239
2 234
1 21
11 131
4 118
42 8
1 15
7 27
1 48
2 224
1 16
1 16
23 42
1 17
2 229
103 55
26 234
16 7
2 230
1 16
60 153
4 183
5 189
1 15
2 222
2 241
7 68
14 166
7 160
38 159
1 15
1 15
1 14
6 126
5 176
3 125
3 134
34 93
2 238
2 182
23 46
11 139
3 125
1 17
1 15
40 171
1 16
10 18
1 18
1 15
15 103
1 15
4 108
356 31
1 116
2 249
1 16
1 83
421 121
3 122
3 126
5 170
1 14
1 18
1 17
5 166
1 14
3 132
7 30
1 16
3 130
1 19
57 79
10 20
1 16
2 201
4 80
8 12
1 17
1 16
1 16
1 16
2 210
19 57
3 118
3 283
272 511
3 189
4 117
5 177
4 109
1 17
1 14
6 132
1 17
1 15
8 22
1 30
96 145
470 37
2 201
1 15
1 15
20 11
260 267
3 114
4 122
2 226
1 14
1 15
10 71
4 170
3 232
3 132
1 16
1 16
1 16
2 305
2 300
70 13
1 17
1 16
2 217
3 125
1 23
18 62
2 252
24 43
11 127
1 16
1 16
85 23
6 125
1 17
2 229
102 83
2 292
15 101
5 215
3 200
191 167
486 140
7 32
25 99
1 214
2 479
2 486
160 196
3 364
4 121
9 71
10 17
1 15
1 49
1 13
139 23
13 31
1 17
261 74
10 18
1 16
13 29
2 198
8 79
2 185
12 153
5 162
3 122
2 371
2 555
1 122
2 493
4 256
1 15
89 19
1 15
1 18
7 57
2 216
1 15
337 50
18 57
1 16
1 17
2 261
5 188
1 17
1 15
1 17
1 15
2 220
5 181
1 18
2 232
1 18
1 15
2 232
3 165
3 148
11 120
1 12
3 132
4 121
12 125
1 24
22 46
1 15
1 17
3 109
1 43
2 300
1 17
1 15
4 109
1 15
12 113
1 14
3 117
13 29
6 118
12 118
1 27
1 17
14 248
2 249
1 14
1 16
77 201
2 238
1 17
2 205
1 15
4 146
1 16
1 15
33 24
3 132
1 44
394 88
1 15
2 205
4 112
1 15
2 225
1 33
5 188
6 123
1 17
1 20
34 99
1 15
137 39
7 30
2 221
6 117
1 18
1 14
2 222
1 17
17 40
1 15
1 16
27 217
32 27
1 16
3 133
1 23
1 17
3 132
7 76
2 225
2 203
6 120
11 129
4 123
1 16
14 145
4 168
15 244
6 220
3 125
2 217
1 14
3 129
1 14
6 118
8 14
1 15
1 17
43 12
1 18
1 23
5 177
1 65
36 176
3 134
1 16
12 125
23 45
54 11
2 214
11 117
2 200
6 120
1 20
1 18
87 15
1 13
19 62
8 13
14 107
1 16
1 19
1 15
1 12
1 15
1 16
2 229
1 15
6 119
1 14
1 53
2 421
2 307
2 387
1 16
4 117
1 13
1 16
15 109
68 5
2 236
15 93
2 206
2 204
144 82
1 54
71 34
3 125
12 198
2 227
1 24
1 18
1 22
1 18
1 24
1 17
10 42
1 37
1 16
40 112
100 33
2 205
1 32
4 110
31 19
1 49
3 136
6 133
5 197
1 15
2 234
1 15
1 16
1 15
1 17
2 213
3 176
1 15
1 16
1 22
3 262
5 213
3 239
1 16
4 117
1 17
6 127
3 127
2 222
1 17
1 17
14 123
1 14
1 15
1 15
1 14
2 222
80 392
1 15
26 143
5 158
3 105
33 25
1 15
4 103
1 14
26 119
1 16
8 14
2 198
6 113
1 16
2 217
1 15
3 113
7 26
1 82
2 236
1 17
3 117
4 114
71 22
1 18
1 15
475 34
2 229
2 226
1 17
436 34
1 16
3 129
1 14
2 204
2 204
15 93
3 266
1 16
12 121
1 17
4 123
1 16
1 18
4 118
14 131
1 15
1 14
1 16
1 15
202 10
1 17
5 193
1 13
2 203
1 17
2 200
4 118
1 16
8 13
2 312
1 15
13 29
1 18
7 41
1 14
16 7
1 16
1 16
5 193
260 210
1 17
37 23
4 109
1 16
83 53
2 211
3 131
1 14
1 14
377 49
4 146
11 124
7 29
21 24
61 9
44 10
3 144
30 111
2 218
3 131
5 169
6 122
79 85
2 208
4 104
2 303
4 106
2 210
1 22
1 14
10 17
19 54
2 275
5 356
3 130
5 187
2 216
5 196
5 191
20 8
17 40
2 204
1 18
2 234
2 202
6 117
1 15
6 119
5 195
1 64
3 135
1 18
11 129
4 111
1 439
50 67
7 45
1 34
2 13
1 32
3 14
1 31
3 10
1 42
1 28
45 26
1 28
3 9
1 31
1 35
8 41
1 93
1 30
1 28
3 10
1 27
44 11
1 29
365 32
1 35
1 26
27 18
1 24
8 18
42 12
159 19
2 8
36 12
1 26
181 27
4 47
1 68
1 38
14 43
3 10
1 31
2 9
1 27
5 34
19 24
2 9
1 32
27 17
27 20
527 22
2 7
2 10
2 9
1 28
1 33
413 17
2 7
2 8
1 27
2 6
41 22
4 17
73 13
1 36
1 27
2 6
7 13
2 8
1 26
1 28
8 14
283 10
1 27
1 28
243 50
1 25
37 16
2 7
768 13
3 7
1 31
1 24
3 6
1 28
1 24
1 26
1 27
1 27
57 39
1 26
1 27
1 24
1 25
1 23
30 28
33 12
1 25
1 25
1 25
11 31
1 24
4 18
1 27
1 24
49 29
1 24
3 7
4 15
1 25
1 23
1 24
1 26
352 9
1 26
14 20
3 5
1 23
1 26
2 6
154 11
29 15
1 25
2 6
4 16
1 23
1 27
6 25
11 24
39 11
1 22
1 25
1 26
27 12
1 30
1 24
1 25
6 22
1 25
1 25
16 7
1 25
117 10
17 28
2 7
1 27
1 24
1 30
24 29
1 27
2 8
3 8
4 15
1 28
2 6
6 22
1 28
30 24
1 26
2 6
13 48
83 17
3 7
1 25
14 22
71 19
25 7
1 26
1 20
3 8
27 15
1 25
1 25
1 26
1 24
3 6
687 14
1 24
7 13
81 7
1 23
8 17
1 29
1 25
3 7
1 23
474 8
3 8
3 8
1 25
1 23
1 27
54 14
31 14
2 8
2 9
1 30
2 5
36 8
13 40
1 25
2 7
2 6
3 12
19 12
2 5
3 7
7 12
9 55
4 19
1 23
6 18
1 23
1 24
1 22
1 23
3 7
1 23
4 16
34 22
19 13
12 8
2 7
1 24
1 22
1 23
2 9
6 20
2 6
1 24
10 41
1 27
1 23
1 24
2 7
3 7
1 26
1 23
1 25
7 12
12 7
3 10
1 28
1 25
18 9
1 23
1 25
443 21
64 13
1 25
2 6
1 24
21 7
1 24
13 32
44 12
11 25
1 24
383 8
341 10
3 6
1 27
117 8
1 23
10 31
3 5
1 25
9 48
2 5
1 24
3 5
188 25
61 12
5 15
140 8
77 11
2 5
8 11
10 37
2 5
51 10
3 5
1 30
3 5
231 59
94 8
1 24
5 17
19 13
11 27
1 24
1 26
3 9
5 15
3 5
1 24
73 10
34 18
57 27
1 24
1 26
21 7
4 20
2 5
1 24
7 13
2 5
4 15
4 21
1 25
2 5
1 24
1 26
5 17
1 24
2 6
1 27
20 8
5 19
2 6
1 24
14 23
1 23
5 19
1 24
2 4
1 26
93 9
7 15
2 6
1 25
5 17
1 25
7 16
7 11
1 23
4 16
150 16
2 10
284 11
1 25
1 27
1 29
4 17
13 52
1 50
1 27
1 24
6 20
3 6
2 11
13 37
1 24
6 21
1 32
3 6
15 17
1 23
1 23
28 15
20 5
8 12
1 24
1 25
2 8
12 6
9 50
2 6
153 10
2 4
3 8
2 6
1 24
1 23
1 25
2 5
3 5
1 23
2 6
96 17
2 10
1 26
46 35
2 12
10 41
1 72
1 26
1 29
1 26
105 13
87 18
9 57
61 8
1 26
1 25
1 26
3 5
6 20
6 19
28 11
10 36
374 15
1 27
3 8
1 26
1 23
1 22
5 16
31 18
5 20
1 25
1 23
2 6
2 5
3 5
1 27
2 6
14 23
2 5
1 25
2 9
4 16
2 5
1 26
2 5
2 10
9 47
10 36
18 9
8 11
1 24
126 17
1 28
2 7
1 28
1 34
125 7
5 16
3 5
2 7
7 13
1 30
1 25
1 26
1 27
3 8
2 6
7 13
1 24
1 29
1 23
488 9
552 13
1 33
8 12
1 24
1 28
3 7
1 25
21 7
19 14
14 21
69 19
1 25
1 28
50 19
3 5
17 22
4 15
3 12
1 27
1 31
6 18
2 8
1 22
1 29
1 23
1 25
2 5
1 27
2 4
6 22
2 6
1 31
11 25
1 23
1 25
40 13
1 23
2 6
1 28
5 15
83 13
1 30
1 24
63 18
990 17
1 28
1 22
4 16
2 6
14 27
1 22
2 5
42 7
1 24
2 6
135 26
2 9
1 30
1 24
10 42
36 10
2 11
329 14
1 25
2 5
56 17
1 24
3 6
1 26
2 9
18 20
1 26
638 15
1 27
3 5
10 35
28 8
1 23
21 5
4 14
163 16
20 7
5 16
1 26
1 28
8 11
1 25
4 16
21 4
7 11
1 24
10 33
3 7
1 34
1 24
94 5
19 11
5 17
4 17
2 5
1 24
6 20
1 26
6 22
22 20
24 22
1 26
1 24
8 11
2 5
939 11
1 25
1 26
36 8
4 15
2 4
2 6
11 25
23 18
5 15
267 16
19 10
2 5
2 5
99 9
3 9
1 26
7 10
8 10
5 16
1 25
21 6
1 29
1 23
6 20
2 7
1 23
9 51
21 10
185 21
1 26
1 27
10 33
5 17
3 5
769 8
2 6
1 26
10 33
1 28
1 24
1 26
4 14
1 26
1 26
5 15
35 9
1 32
1 27
1 26
6 20
1 25
2 10
7 15
90 10
11 22
1 23
1 24
1 27
3 6
2 6
1 28
159 14
2 5
1 26
15 12
1 24
2 4
1 22
1 24
46 32
2 7
16 7
4 21
1 26
1 26
8 10
1 25
11 23
7 13
6 17
2 27
4 17
1 25
1 29
1 23
2 11
14 22
1 24
5 17
7 12
561 8
3 8
154 8
2 6
18 8
1 24
2 5
16 5
99 7
1 28
66 16
1 28
2 6
1 22
474 6
47 24
1 21
4 14
5 13
2 7
1 28
1 23
1 22
2 10
1 23
4 15
2 7
2 6
4 25
9 41
5 13
1 28
2 5
1 22
40 13
2 4
3 6
79 58
2 6
5 16
3 12
1 22
3 5
20 9
1 23
2 7
4 17
1 24
5 18
55 9
54 9
1 60
1 23
1 26
3 5
1 28
1 29
1 23
1 25
2 6
136 27
1 31
8 10
2 5
31 12
2 8
1 30
2 4
1 24
1 27
4 18
1 31
2 5
1 25
5 16
1 24
1 24
24 25
2 7
786 31
9 50
1 21
2 8
58 14
1 23
6 20
1 26
5 16
5 18
2 4
3 7
5 19
1 25
2 5
1 28
283 5
2 5
5 19
20 6
4 15
56 14
67 18
4 16
15 19
1 23
1 27
1 21
3 10
3 5
2 8
1 26
1 22
13 45
3 5
1 23
4 17
5 15
3 5
9 62
1 24
1 23
1 25
1 29
16 5
114 46
1 23
14 24
4 19
1 25
2 10
2 8
3 7
3 5
44 6
2 6
176 44
7 14
1 24
10 33
3 6
1 31
1 22
1 23
2 5
2 6
1 25
1 23
1 25
6 20
1 22
6 22
14 21
1 23
84 17
4 16
8 16
8 12
1 22
3 9
1 21
1 26
1 22
1 25
2 10
1 26
1 26
2 5
14 23
83 11
5 19
12 4
5 18
9 55
7 13
5 17
1 26
1 23
7 13
3 5
1 24
7 16
1 23
4 20
1 23
1 23
1 27
1 27
2 5
2 6
29 11
2 6
3 9
10 31
7 12
8 13
1 23
1 28
3 8
4 18
110 35
64 6
8 12
1 30
6 19
1 25
1 23
1 26
1 27
2 4
10 35
1 25
1 26
12 5
3 7
15 15
3 5
3 6
49 19
1 21
6 27
1 24
20 7
18 14
1 27
1 64
2 6
1 30
1 26
1 33
1 24
545 11
4 16
1 29
1 29
21 5
1 23
3 9
69 16
1 26
3 7
120 9
1 33
2 5
1 30
1 30
1 27
1 26
6 26
1 24
1 27
2 5
3 5
2 9
3 8
301 24
2 10
11 24
42 10
1 24
1 26
35 7
1 27
4 15
26 9
1 53
5 16
2 8
2 6
178 15
7 17
8 11
1 26
1 24
1 22
1 25
34 16
2 10
1 27
1 26
1 27
1 25
23 15
1 25
5 17
9 51
1 23
56 12
1 24
1 26
1 26
1 24
1 26
1 23
6 24
1 50
1 27
1 27
2 11
3 10
3 8
1 29
8 15
6 21
1 30
3 11
11 26
2 9
2 8
11 35
2 6
1 30
1 21
2 9
1 24
29 16
1 26
92 47
3 6
1 27
1 23
107 12
1 27
226 7
3 11
3 7
4 22
1 25
1 22
1 27
12 7
6 20
117 7
6 22
1 47
1 26
3 6
1 26
1 25
1 26
1 25
124 14
25 8
1 26
2 7
4 20
1 24
4 16
1 623
20 357
1 122
3 24
1 120
12 43
20 504
4 146
1 152
1 195
1 120
1 167
3 24
26 384
2 82
1 127
41 208
4 140
1 197
2 156
1 121
1 130
17 125
9 12
2 93
3 10
15 214
1 223
6 22
6 22
3 11
1 127
1 201
1 186
6 23
1 123
6 23
1 143
1 125
5 50
1 120
16 252
1 118
2 91
2 160
1 308
1 111
1 107
1 109
3 12
12 40
81 99
1 108
1 104
5 47
1 123
4 135
1 137
1 106
7 121
183 118
1 117
26 277
7 127
15 118
1 122
2 87
88 103
2 136
1 88
11 53
1 101
1 103
2 75
1 108
1 109
6 22
1 124
22 74
19 413
1 105
1 111
1 138
4 138
9 10
1 114
2 80
7 119
3 13
23 37
1 129
84 40
5 53
40 38
1 116
1 104
5 48
1 112
2 80
7 118
24 390
1 108
1 102
23 154
117 8
1 118
23 119
2 11
1 122
3 16
17 24
216 32
1 100
298 76
1 101
1 108
6 46
1 93
1 94
11 69
2 9
3 15
2 12
4 37
10 16
2 9
8 79
1 96
2 10
6 39
2 10
1 98
1 106
5 66
1 108
26 125
1 110
23 142
1 128
129 89
44 8
2 12
1 98
1 108
15 62
3 14
3 14
22 37
1 105
10 22
9 44
5 74
1 118
23 136
13 49
16 151
1 112
1 103
6 44
2 25
37 29
1 121
2 8
4 49
1 118
4 55
1 122
75 47
4 44
1 94
18 26
2 7
2 20
1 103
2 26
1 108
1 100
22 38
2 8
1 110
1 112
1 107
2 12
2 8
1 109
48 166
6 42
3 14
184 40
1 108
1 114
1 108
1 111
51 8
2 9
3 13
27 55
1 122
8 134
2 11
21 96
1 109
1 101
4 41
2 12
1 103
1 108
1 108
10 14
20 8
5 74
3 16
1 101
1 102
2 6
1 113
3 14
2 11
1 113
2 8
1 112
1 113
1 110
16 134
24 42
1 112
193 46
2 8
6 43
1 236
16 284
1 272
1 107
3 10
2 7
2 7
2 36
57 183
7 98
8 78
1 95
2 7
3 11
22 35
199 208
3 13
154 247
1 108
10 15
1 100
1 105
13 48
1 91
1 92
20 11
11 69
1 94
2 8
4 48
1 97
33 52
1 94
1 98
1 139
5 152
7 71
1 95
1 96
2 8
3 12
3 12
1 98
2 7
68 27
3 11
5 66
1 103
2 7
3 13
6 45
3 12
1 108
1 112
1 109
2 8
1 122
1 108
4 41
241 26
2 7
9 38
5 76
1 97
1 88
1 154
1 152
1 94
1 97
22 38
59 59
1 103
1 104
5 78
1 116
1 167
1 112
1 113
2 14
1 114
12 111
8 74
2 7
4 56
1 110
36 104
3 17
50 20
1 114
39 263
1 116
1 188
1 179
1 217
7 231
12 201
1 100
21 97
31 19
1 133
5 79
5 88
7 114
2 6
1 110
1 142
1 109
16 140
1 101
5 78
2 8
1 116
1 101
1 113
1 112
1 107
2 9
2 7
6 44
209 99
1 108
2 19
1 98
1 102
6 42
1 101
2 10
4 49
7 65
243 8
1 101
2 6
3 12
1 116
5 71
3 13
1 112
4 47
4 44
1 104
7 126
13 49
2 8
3 12
1 107
1 113
1 108
23 151
1 107
1 121
5 77
1 116
80 218
1 178
3 10
49 39
1 97
15 60
1 105
3 11
1 100
1 107
11 71
1 98
2 7
1 91
15 71
1 111
2 7
17 23
1 100
4 286
3 400
1 112
1 85
1 82
52 30
1 84
17 251
1 94
2 25
2 19
1 82
1 83
24 13
34 50
2 17
13 388
8 33
2 16
10 103
1 153
79 20
12 10
6 70
16 212
1 84
1 86
6 68
1 85
1 79
3 24
1 86
1 87
5 19
2 16
1 94
15 20
1 80
1 80
31 35
1 84
1 81
1 84
4 19
1 85
128 76
1 79
5 17
2 14
1 80
76 21
2 20
3 25
3 33
2 16
3 27
1 79
1 79
6 71
7 10
2 17
2 12
4 25
2 15
2 12
28 51
171 11
6 60
6 63
1 77
62 47
1 73
27 41
3 27
3 27
1 76
1 73
1 85
1 74
1 80
2 11
1 82
1 76
1 90
2 13
1 110
6 175
1 178
6 50
4 20
4 19
10 78
1 64
12 13
2 14
1 66
1 70
1 106
44 77
1 80
18 38
1 79
1 79
7 7
1 77
66 7
3 25
2 13
7 8
2 13
5 18
86 160
1 78
3 24
25 171
1 76
7 7
2 14
2 14
18 38
4 20
2 14
39 62
9 59
8 34
1 75
1 72
3 23
8 32
8 31
1 81
1 91
18 38
3 26
2 15
3 26
1 82
12 5
4 23
1 74
2 15
30 23
1 83
2 13
4 20
1 70
2 13
1 72
1 74
86 169
3 26
1 107
1 73
7 7
15 20
1 78
7 34
1 75
1 83
1 99
27 42
2 13
1 72
8 31
92 15
2 11
1 77
2 15
112 30
27 45
11 54
1 78
13 350
3 57
19 23
1 71
32 8
24 10
4 19
1 73
2 14
1 73
1 76
25 173
1 70
3 23
1 72
1 134
16 268
4 19
1 64
35 30
3 25
2 13
8 28
1 69
52 64
110 106
3 22
2 36
1 77
7 7
5 18
1 69
2 13
5 45
1 80
2 12
2 11
1 71
6 57
3 23
5 16
1 73
1 71
1 71
1 77
2 12
5 20
47 70
213 18
1 70
1 71
1 74
1 78
1 73
2 13
2 11
6 57
1 68
1 103
2 13
2 13
8 32
12 7
3 25
3 26
1 76
32 8
1 71
1 68
2 13
18 36
1 81
4 24
1 73
215 71
4 21
6 66
4 28
1 93
130 90
1 70
28 58
1 80
2 15
40 17
4 20
2 11
1 71
21 32
33 12
1 77
1 79
2 14
3 24
126 30
17 149
1 71
3 24
1 71
3 23
108 24
1 107
1 74
1 71
1 72
18 35
3 28
1 83
1 101
3 23
6 63
4 20
4 18
1 81
1 76
1 77
1 80
40 20
2 43
11 42
5 15
54 96
75 95
237 48
1 81
236 127
1 79
210 104
1 254
1 456
1 456
1 96
32 58
3 22
28 101
1 55
5 25
47 30
1 52
2 87
64 52
11 17
12 33
8 44
13 116
3 19
1 50
2 80
14 17
11 16
1 46
7 53
4 14
1 52
321 12
1 48
1 50
2 82
1 52
11 7
1 50
4 10
1 63
9 6
2 75
1 58
2 121
1 55
1 48
50 32
1 62
8 22
1 39
1 37
6 89
3 18
1 42
1 41
3 14
1 48
1 41
51 20
13 102
2 69
2 80
7 78
2 71
12 30
2 78
2 79
1 51
13 115
1 47
14 16
4 11
1 45
10 82
1 49
26 64
4 13
1 47
2 76
1 46
1 46
5 19
1 46
1 48
1 48
1 48
1 48
3 16
3 14
1 46
1 43
18 133
1 52
30 34
11 8
30 32
2 74
3 18
1 47
4 11
17 33
6 107
1 48
1 50
1 48
6 104
81 7
6 110
99 70
20 76
27 27
1 46
1 46
1 47
2 80
2 74
2 77
1 48
3 14
1 53
1 46
1 50
10 90
2 72
2 73
1 48
3 15
1 45
1 44
2 68
15 100
1 47
4 11
33 46
2 77
1 46
1 48
5 23
25 120
1 93
1 47
2 78
1 49
5 18
1 49
8 24
4 14
5 19
17 39
11 10
1 88
1 79
3 17
12 30
2 76
105 20
1 50
1 45
2 79
2 79
2 78
1 48
1 43
79 57
1 49
3 16
1 46
3 15
1 45
9 6
1 45
22 84
217 81
1 53
1 47
4 10
1 45
198 32
3 15
3 16
12 29
2 77
4 11
2 78
1 53
1 58
8 24
1 48
1 50
49 18
1 47
27 25
2 76
2 84
6 105
1 49
1 48
2 77
9 5
1 48
16 9
1 49
2 75
1 49
8 23
3 20
7 51
33 10
1 45
1 44
3 16
2 88
2 77
195 57
1 51
1 46
9 10
1 46
104 97
102 10
1 47
15 100
1 49
1 47
3 16
170 22
133 66
1 47
1 46
1 51
1 46
8 25
3 16
6 121
5 88
1 63
1 53
10 115
15 93
1 52
18 179
1 49
2 82
1 47
1 51
163 11
76 63
3 22
7 43
1 43
2 64
156 12
1 45
1 39
55 44
1 40
1 43
2 99
2 112
2 73
12 34
1 46
1 47
1 46
9 7
2 86
122 10
1 50
1 49
4 10
1 50
1 44
11 7
11 8
11 8
1 45
3 16
95 80
1 46
1 43
1 43
6 108
2 75
1 48
1 53
173 41
1 47
1 49
2 82
1 47
2 75
3 13
1 47
1 49
13 113
1 44
1 45
27 24
1 47
1 44
2 68
1 50
1 76
1 106
36 8
3 17
6 111
1 46
9 9
1 77
2 120
3 20
336 83
1 51
5 20
1 50
2 74
3 21
2 74
1 51
1 46
23 55
2 76
2 79
1 90
1 123
78 274
1 45
1 47
1 51
2 76
127 33
6 108
442 23
1 46
1 44
49 14
1 45
1 45
3 14
4 10
2 72
6 103
5 20
1 43
30 34
1 58
17 38
2 76
143 10
8 30
1 47
118 77
6 128
10 88
1 48
1 84
1 49
1 48
34 15
4 10
24 73
63 62
273 53
1 72
7 49
1 44
1 45
15 92
3 15
2 75
4 14
1 44
5 18
200 5
62 18
7 48
1 44
2 80
2 75
2 78
1 47
1 44
1 54
1 49
2 77
27 26
2 82
6 106
1 44
55 53
14 16
1 58
71 21
2 78
43 104
1 53
1 44
6 99
123 105
2 112
250 5
1 47
1 47
2 84
2 73
1 47
1 59
1 47
1 44
5 15
1 56
3 16
1 45
262 31
19 60
2 74
3 14
1 59
1 47
1 69
61 14
1 61
7 48
1 86
9 4
1 39
3 17
1 39
40 35
4 12
3 15
16 12
1 44
1 40
1 50
3 17
1 41
2 61
6 96
201 52
1 62
22 75
1 55
1 45
4 11
46 114
2 76
4 10
2 78
23 30
1 45
1 45
2 74
7 43
1 47
8 20
4 16
1 45
1 48
1 46
1 50
6 109
28 96
1 49
1 47
20 73
1 45
1 57
4 10
14 16
36 9
1 48
11 8
2 76
9 6
1 49
28 116
1 48
9 6
1 60
1 48
1 47
1 67
1 55
2 137
1 61
4 12
1 47
1 52
142 46
4 13
56 72
2 80
5 19
1 51
1 49
31 9
10 104
2 70
7 54
5 15
49 17
1 49
3 12
4 468
1 532
3 399
7 77
14 72
37 181
26 126
1 99
1 86
1 95
2 85
2 87
1 95
159 125
25 69
2 76
2 71
12 38
1 86
1 97
1 86
1 89
2 79
2 81
1 83
2 83
1 90
18 219
129 70
1 104
3 112
1 87
1 95
1 100
6 39
1 99
3 118
1 94
3 109
15 45
2 80
3 115
10 93
168 88
3 111
1 92
9 117
3 131
35 50
2 104
7 73
22 15
2 72
1 92
7 73
1 83
1 92
1 84
4 34
3 115
1 91
6 36
219 70
1 94
2 75
16 105
1 94
1 91
4 43
2 103
26 85
60 42
2 75
1 98
2 74
6 39
2 78
1 87
1 93
1 83
53 99
3 121
4 32
3 127
1 85
4 33
7 76
13 160
14 90
1 84
1 86
5 66
1 76
29 10
1 81
2 63
461 88
1 88
95 49
3 111
1 84
1 88
3 105
110 7
37 185
2 77
1 87
1 95
2 101
7 133
2 73
3 122
3 127
1 86
3 119
15 44
5 74
1 95
152 31
17 199
11 46
1 83
2 75
1 83
17 194
2 87
1 83
28 38
4 35
1 89
10 84
2 70
7 86
26 100
1 135
5 119
1 85
2 77
2 76
3 114
1 110
1 116
1 84
1 81
1 84
2 75
2 81
1 78
6 37
2 73
3 144
1 118
48 12
5 78
7 74
1 151
3 157
1 75
1 74
268 18
4 49
2 87
6 35
2 81
1 90
1 87
6 34
48 13
2 79
2 108
4 70
1 82
1 83
120 39
2 69
1 89
1 130
1 87
1 97
129 57
10 91
1 92
1 90
4 40
3 117
3 114
66 74
1 87
1 89
3 115
2 78
1 89
82 42
1 90
3 125
1 93
8 60
5 83
3 112
1 86
9 110
12 30
1 90
1 92
2 88
1 89
2 79
1 97
87 64
8 56
155 97
1 77
2 71
13 123
2 72
1 80
1 81
7 69
1 89
83 46
6 41
8 60
258 19
1 96
1 88
1 83
2 78
4 37
7 64
23 51
1 80
189 24
1 82
3 101
4 37
2 69
1 109
3 106
9 91
1 121
1 80
1 90
2 79
1 83
5 74
6 34
1 86
1 83
9 135
5 139
1 83
1 113
1 117
3 199
18 303
2 78
1 92
5 73
2 79
2 73
60 40
1 86
1 83
1 185
18 295
11 50
5 82
1 89
2 74
1 84
15 39
1 84
1 82
202 65
1 90
1 81
1 84
1 89
1 82
1 83
2 73
1 88
1 90
377 103
34 64
52 37
1 91
1 83
2 73
1 84
1 132
2 97
1 150
12 64
1 117
1 116
2 103
2 78
164 175
1 88
9 95
35 56
1 86
68 61
1 93
1 89
6 34
2 82
2 79
1 90
6 38
3 105
496 6
2 79
49 21
1 89
7 78
2 85
1 98
1 92
3 133
109 121
1 91
5 87
37 196
1 86
2 81
1 91
10 191
1 135
1 87
15 39
1 82
1 88
34 73
1 108
12 35
14 78
13 153
1 88
4 42
1 70
47 70
11 42
9 102
1 81
1 81
121 197
1 91
7 69
12 35
2 78
2 74
2 86
19 145
1 112
1 108
1 74
2 69
1 77
1 78
19 123
2 71
1 128
1 90
14 68
1 96
1 91
8 60
3 124
1 95
2 89
9 152
1 73
3 131
1 87
1 90
2 80
1 90
2 75
9 110
2 81
1 90
1 92
2 83
2 86
1 90
2 78
2 84
2 77
1 98
2 85
1 95
4 35
6 80
1 89
1 98
7 66
3 120
4 36
15 37
1 86
5 93
1 87
1 95
3 128
1 85
49 55
1 90
3 126
2 75
1 91
18 191
3 108
6 28
1 82
3 121
1 89
1 86
1 95
1 133
1 102
249 89
49 19
1 92
1 91
11 48
8 69
5 74
1 90
4 81
1 134
1 89
1 84
312 9
4 35
4 37
3 134
1 85
2 75
31 34
7 89
4 38
2 80
2 142
1 169
1 90
3 118
9 106
1 91
41 220
2 80
14 62
1 102
50 51
1 91
11 58
3 129
13 142
1 91
16 138
1 87
6 37
1 87
6 32
68 64
8 65
4 46
8 59
8 59
5 74
1 84
1 100
2 94
1 109
5 86
5 88
1 128
4 39
2 85
164 173
3 129
6 57
2 82
1 95
3 121
2 85
1 87
14 65
100 73
1 112
1 98
1 98
12 36
5 82
34 64
1 103
60 47
3 122
14 61
2 369
1 138
24 113
7 38
7 29
1 40
1 32
5 20
1 37
1 31
48 32
92 20
3 28
13 41
2 28
3 27
2 38
6 44
1 36
37 128
8 15
80 24
2 27
1 32
3 27
1 34
17 60
1 32
2 75
3 128
66 191
4 15
2 24
1 34
1 33
1 33
1 34
1 31
1 33
23 58
1 30
1 31
108 13
11 119
1 28
3 26
4 13
55 42
264 28
1 29
2 26
88 18
1 25
1 24
4 15
1 30
1 29
1 32
2 26
63 62
1 31
12 56
11 116
1 29
4 14
30 50
35 44
11 127
1 32
1 33
1 34
2 27
1 32
1 33
5 12
14 110
1 35
2 24
1 32
1 31
1 30
1 32
3 24
2 25
3 23
2 32
3 27
1 31
1 31
8 8
1 24
6 53
1 31
2 48
26 189
2 26
26 152
27 54
4 18
1 30
93 21
3 32
1 31
2 28
5 14
22 10
147 25
8 9
1 31
4 14
144 17
2 29
3 24
1 31
17 58
5 12
23 50
2 25
2 25
1 36
1 31
6 41
1 32
12 58
1 31
1 30
4 12
1 29
15 76
2 27
1 31
38 27
1 30
6 44
2 25
7 24
1 31
498 35
20 35
1 34
1 30
1 28
2 26
276 24
17 53
1 27
1 28
1 30
5 12
1 32
1 31
2 31
2 43
7 25
14 95
4 13
1 35
121 46
11 124
6 40
2 26
2 26
4 13
7 24
52 76
22 11
1 30
1 38
65 39
252 6
39 66
2 24
1 33
4 15
1 31
1 34
1 32
1 32
1 31
1 32
3 25
3 26
8 9
6 49
3 36
1 31
8 13
18 16
1 33
2 27
1 32
1 32
1 29
1 39
3 27
1 31
4 14
345 18
1 30
1 33
5 14
1 29
20 33
34 11
3 24
16 55
1 32
3 23
5 11
1 37
1 32
1 33
2 25
1 32
1 31
10 114
1 32
1 30
1 30
2 27
1 36
5 37
3 25
1 32
1 31
2 27
5 10
3 25
1 30
7 26
4 16
5 8
1 31
1 29
8 9
1 29
2 25
13 36
8 15
1 31
25 30
2 26
9 12
46 33
75 9
2 26
9 20
1 27
108 8
2 24
2 23
6 41
2 23
4 15
1 32
1 29
1 30
1 30
1 30
1 29
1 32
7 23
1 30
19 9
1 30
45 28
1 35
1 29
8 9
2 19
1 29
1 28
1 35
3 23
5 11
7 23
1 27
1 29
1 34
3 24
2 26
3 23
1 30
7 25
1 38
1 29
2 25
4 13
4 14
1 28
3 25
3 23
9 15
12 95
1 32
2 27
6 41
1 26
10 108
66 152
2 26
1 29
211 135
4 13
1 31
4 13
11 120
1 28
1 31
204 132
6 38
1 31
2 26
3 24
2 27
2 27
1 34
5 10
2 26
1 32
2 28
1 36
9 13
1 32
2 27
1 30
1 33
1 30
8 9
3 24
36 9
1 30
6 58
1 54
2 24
13 29
42 36
1 28
105 40
4 13
2 26
15 87
399 68
2 27
137 97
2 22
5 11
2 25
1 35
1 31
32 21
4 13
1 39
2 26
4 12
1 28
8 9
157 14
27 56
2 28
53 30
1 31
14 105
1 31
4 15
1 29
56 11
4 15
6 43
1 29
2 25
3 28
1 30
1 31
40 168
3 23
1 35
9 13
1 29
1 31
1 36
8 7
52 77
1 29
2 23
1 29
4 12
7 24
1 31
1 31
1 31
2 27
1 33
3 23
79 33
207 17
39 57
2 25
1 115
94 197
19 8
1 29
6 40
1 35
1 40
1 31
1 33
1 30
1 31
1 31
1 37
1 30
1 30
1 32
5 10
1 33
2 35
2 25
1 27
4 12
1 30
53 27
7 28
7 28
2 27
1 29
1 27
163 27
1 36
8 9
4 12
1 29
6 43
16 69
1 31
36 9
1 29
1 33
1 31
6 51
1 31
6 76
2 23
1 30
1 30
55 42
1 29
2 24
1 29
1 29
12 65
1 29
1 28
1 42
2 25
4 14
1 31
2 25
1 38
1 37
1 27
1 30
77 10
1 30
1 32
1 29
1 31
6 47
4 15
1 29
1 27
4 14
18 16
1 31
9 14
2 25
2 33
1 78
26 161
1 28
1 29
1 23
37 132
1 31
1 32
11 127
42 39
2 27
5 13
1 31
1 30
4 13
62 51
2 26
2 25
3 21
2 26
1 28
1 26
1 29
1 367
100 22
1 12
46 17
62 10
1 13
5 28
9 27
16 45
1 9
20 42
3 28
28 22
1 8
12 20
8 21
1 8
2 36
1 10
1 11
6 9
2 48
9 28
2 37
1 10
22 68
1 9
4 30
1 9
2 32
17 20
12 9
1 9
230 59
3 25
1 9
1 9
1 9
1 8
6 6
1 9
1 9
60 15
120 8
1 8
1 8
1 8
1 7
152 9
75 7
2 36
2 33
1 8
59 46
3 25
2 34
41 16
1 7
1 6
3 23
4 28
1 7
1 9
1 8
23 54
45 20
30 27
31 30
2 31
1 9
2 64
3 24
3 24
9 22
1 7
1 7
1 8
7 12
1 9
1 6
2 35
2 33
3 23
26 41
1 6
6 6
7 14
1 19
2 64
13 31
1 7
42 9
1 9
73 7
38 5
1 12
3 29
3 24
57 19
1 9
1 8
13 22
4 35
1 10
5 23
1 8
2 35
1 9
1 12
4 30
9 24
2 34
1 8
9 22
6 8
1 8
1 8
1 10
194 18
1 7
4 35
7 13
1 21
2 34
1 9
2 36
1 7
8 18
2 32
8 17
37 23
1 8
1 8
1 10
7 12
25 16
1 8
5 19
1 9
18 22
27 23
2 35
320 23
1 8
11 5
2 33
59 46
13 25
3 26
1 8
1 9
2 25
1 7
2 26
1 7
1 11
1 8
1 9
19 17
56 23
1 7
1 8
2 26
9 33
45 20
7 20
1 7
4 29
3 23
67 16
4 33
198 12
1 8
214 18
1 7
3 22
1 7
4 38
1 8
1 7
1 7
1 8
3 24
1 8
1 8
1 7
2 41
3 22
5 32
3 21
1 8
2 37
1 7
9 28
26 36
34 7
1 8
3 25
84 16
1 7
1 8
4 31
1 7
2 28
1 7
4 35
1 7
8 18
5 19
2 28
2 33
3 24
1 11
2 30
1 7
16 44
4 36
11 6
1 11
5 20
5 21
2 27
2 29
1 9
3 23
79 19
43 19
6 6
1 13
9 26
6 6
2 29
2 29
20 34
2 30
7 11
2 31
1 7
9 24
25 17
1 8
1 7
2 34
3 27
3 49
1 6
1 7
3 23
2 29
3 26
23 67
4 51
1 7
46 7
10 7
1 10
1 8
1 5
1 7
1 7
5 20
82 19
1 7
1 7
1 10
17 35
2 28
2 71
1 11
1 7
2 32
1 8
4 30
11 5
442 15
353 63
86 88
10 8
1 10
8 27
1 8
1 7
5 19
1 8
8 18
1 8
1 10
1 7
142 24
2 33
66 37
1 14
2 51
4 29
37 20
21 20
4 34
3 21
1 5
1 7
1 8
1 19
1 8
1 8
1 7
1 7
1 8
1 7
1 8
1 12
79 18
4 29
2 43
16 41
53 52
4 29
21 18
2 33
1 7
2 43
1 7
8 17
1 7
1 8
1 7
1 10
5 19
18 20
5 17
117 10
1 7
3 25
126 8
16 39
1 7
1 17
3 25
1 8
1 8
3 22
1 15
2 32
1 9
4 43
1 14
1 7
1 5
1 10
5 20
7 9
10 10
1 9
1 19
103 87
8 28
3 24
7 11
2 40
2 29
4 32
3 118
24 23
4 30
49 16
1 10
3 23
1 6
100 10
6 5
42 10
3 45
1 21
2 29
3 23
1 13
409 28
1 9
2 35
1 11
150 22
1 8
1 8
24 37
1 7
58 14
4 31
2 30
1 9
42 12
12 7
1 7
4 30
2 53
3 26
1 7
1 9
1 8
437 9
11 5
21 19
1 9
1 8
1 7
4 44
1 7
425 78
1 16
3 22
1 8
1 10
1 8
1 10
1 7
1 7
77 9
26 37
325 21
1 7
4 32
1 7
5 30
1 7
83 19
30 30
183 14
2 32
1 7
3 24
4 37
91 35
4 28
387 105
1 7
313 6
1 55
3 26
1 7
190 8
1 7
8 23
1 9
2 38
4 29
6 5
3 63
4 65
7 10
1 8
3 28
1 9
13 21
4 30
244 33
32 29
2 36
3 21
267 22
2 38
1 8
1 9
17 18
1 9
1 7
3 36
3 23
162 12
8 17
2 39
6 7
4 33
1 7
1 8
84 20
31 29
7 10
76 16
1 7
3 27
1 8
20 36
2 30
2 37
1 7
1 7
17 16
3 23
93 38
1 7
1 7
74 17
1 8
6 7
1 15
3 24
10 10
4 31
2 31
2 31
3 25
1 8
1 494
2 514
26 465
3 116
2 49
1 24
2 30
16 23
4 117
1 30
1 25
3 31
1 24
1 37
1 23
6 15
35 33
1 22
1 23
9 39
2 29
23 70
1 21
1 22
1 22
1 19
1 23
13 47
1 21
10 48
1 23
1 22
13 68
6 21
1 22
11 80
1 19
16 14
1 21
12 37
1 30
8 32
4 110
20 204
4 83
1 20
1 21
5 63
1 34
4 99
1 18
3 25
2 26
1 20
1 20
1 18
10 43
15 77
1 20
1 18
1 16
1 19
9 37
4 104
1 22
1 19
1 17
1 18
75 11
61 38
1 18
9 35
3 23
1 18
6 12
1 22
11 82
1 21
103 70
1 25
1 22
1 18
1 18
4 89
1 18
2 41
2 24
1 19
4 88
1 19
1 19
1 20
2 23
1 18
4 88
10 42
41 419
5 318
1 341
1 42
1 44
106 11
106 10
3 12
1 45
4 26
1 43
44 19
7 21
158 39
392 62
455 16
1 59
3 16
25 19
2 29
1 76
1 44
8 10
1 52
1 44
2 20
1 42
18 28
24 10
3 10
1 2492
1 78
1 49
3 10
6 9
25 13
4 22
1 61
1 69
1 42
2 19
3 10
1 41
11 11
15 14
1 41
14 8
1 46
1 44
1 41
1 38
2 17
6 10
47 29
2 16
4 23
3 8
1 41
5 17
5 18
1 41
2 26
12 19
26 13
8 9
3 10
2 20
10 56
20 42
3 8
1 41
1 41
1 41
1 41
1 49
12 21
382 20
1 40
1 40
1 41
1 41
1 40
2 18
1 41
8 10
43 17
39 26
20 33
1 40
1 41
4 20
2 16
8 10
1 37
19 11
51 10
124 22
49 22
1 36
6 9
1 39
34 20
22 30
2 17
1 36
1 38
1 38
1 38
2 27
4 20
41 10
3 8
1 41
3 10
3 8
1 40
1 42
1 42
1 44
1 39
3 10
2 17
3 10
9 9
1 40
1 41
1 36
1 38
3 9
1 39
1 42
3 9
1 38
20 27
4 24
5 17
1 38
1 37
5 18
5 17
5 15
2 15
7 19
29 30
2 19
1 38
10 48
1 40
2 16
1 36
34 23
47 28
15 9
1 36
2 17
7 16
1 37
2 16
1 43
6 8
2 15
4 20
2 19
3 8
147 8
3 8
3 20
1 42
1 42
3 9
1 40
23 15
2 19
1 36
3 7
93 8
1 37
1 42
1 38
1 37
46 72
54 8
6 8
2 15
3 7
12 17
2 17
4 22
5 16
2 19
1 30
2 16
1 37
1 46
1 35
1 41
1 35
20 29
52 50
2 17
7 19
1 42
2 14
1 36
1 37
1 38
1 36
1 36
1 39
324 19
1 43
11 6
1 37
31 21
7 24
1 36
1 36
3 15
2 15
2 16
2 16
1 40
3 7
8 9
404 8
10 53
7 20
5 28
4 22
2 17
5 17
1 39
59 21
1 41
18 28
14 10
2 28
1 37
8 8
1 38
1 37
1 38
2 16
24 7
1 39
1 42
1 38
1 39
1 38
6 9
18 27
1 38
43 21
4 22
1 40
1 36
1 41
4 22
1 47
2 47
5 13
1 31
4 20
2 16
1 34
35 18
1 31
1 33
1 33
9 6
13 13
1 34
3 7
23 14
9 6
484 17
3 7
1 32
4 26
1 39
7 18
1 36
1 37
1 35
355 25
2 17
4 23
1 36
1 40
44 12
9 6
7 17
2 15
1 37
1 49
5 17
5 16
3 7
2 17
1 40
4 24
8 17
2 14
2 17
2 18
3 6
2 14
4 20
1 40
10 105
1 36
1 43
67 6
315 34
1 37
1 39
3 7
1 34
1 40
1 36
14 6
1 36
1 40
1 40
1 39
2 16
11 7
5 20
1 49
1 57
13 20
2 23
243 8
7 19
14 5
2 19
3 16
4 25
1 32
15 9
5 16
1 31
1 41
1 34
1 34
8 9
2 18
11 6
1 42
202 23
38 13
2 16
1 35
1 37
1 43
10 50
2 16
7 18
2 15
400 13
24 8
67 6
10 50
29 25
6 6
1 37
1 37
7 19
1 37
1 35
1 69
2 14
13 14
3 7
11 6
1 38
1 38
1 37
1 35
1 37
3 7
2 17
186 32
2 16
22 28
1 38
1 39
2 20
148 20
3 7
2 17
1 38
15 9
1 46
34 20
6 8
9 6
1 37
13 19
2 18
3 7
1 40
1 37
4 27
1 38
1 38
1 35
1 40
4 22
3 10
1 41
150 13
1 84
29 44
1 38
7 18
6 12
4 25
1 35
3 8
1 39
1 43
1 36
2 18
3 8
4 21
2 17
50 13
212 11
1 40
8 8
6 7
21 16
1 40
1 36
12 18
2 15
1 41
2 15
110 24
2 17
1 38
7 28
1 51
12 18
6 9
14 9
9 9
1 37
2 43
1 39
5 15
1 39
12 16
1 45
3 8
1 40
1 38
34 17
9 7
2 24
1 27
3 8
1 40
1 33
1 33
2 23
1 34
2 17
7 19
2 16
5 17
21 30
13 14
4 21
5 15
56 24
12 15
8 8
1 46
13 15
5 16
1 47
2 19
5 19
1 42
1 38
1 39
3 38
58 39
4 22
49 18
2 17
25 11
10 55
2 17
1 36
1 41
47 26
83 8
83 434
1 30
82 42
1 27
27 40
2 22
1 29
5 104
3 91
4 21
5 80
5 91
450 135
45 31
5 103
1 20
2 17
1 26
1 19
1 21
1 20
1 24
2 18
1 20
1 24
42 94
4 14
1 19
5 102
1 29
2 18
7 262
5 102
1 20
6 69
15 17
2 18
15 16
2 18
1 19
1 25
2 18
1 20
3 79
36 133
4 13
5 105
8 26
1 17
1 17
15 14
2 17
6 71
18 52
1 25
1 19
4 13
9 10
2 17
1 22
3 84
1 19
17 88
1 44
84 115
2 17
365 46
1 18
1 18
4 11
1 18
17 82
2 17
3 78
75 34
9 10
3 79
3 85
3 86
11 13
6 52
1 16
12 11
1 18
3 68
2 16
2 16
3 73
1 17
3 74
12 9
1 16
10 62
1 21
2 17
20 31
1 21
415 16
1 16
7 226
5 93
1 24
22 107
307 74
1 18
26 112
1 16
1 18
1 18
58 41
2 14
2 15
1 17
1 19
1 20
1 16
1 17
2 16
12 14
4 12
1 19
8 24
19 58
4 15
4 15
2 18
3 87
12 11
1 21
9 17
1 20
1 21
2 17
2 15
25 33
12 9
355 68
165 13
43 54
6 67
9 18
57 18
2 16
1 17
1 24
1 19
1 16
1 24
25 35
2 15
5 95
1 22
1 20
16 151
1 22
1 17
1 17
1 18
95 19
4 12
1 31
1 17
16 149
1 17
1 21
53 28
2 14
1 18
13 33
1 22
4 47
7 242
2 15
25 29
1 19
1 21
29 34
2 15
1 16
2 15
37 25
71 34
1 17
2 15
2 17
1 17
1 15
11 10
1 17
2 15
1 23
1 18
371 29
30 70
2 50
7 291
1 19
1 17
3 77
2 14
1 18
4 12
14 63
1 19
1 19
5 101
2 17
41 12
1 18
7 209
10 67
1 19
58 42
1 18
15 13
1 23
82 32
1 59
275 105
11 9
1 20
2 13
135 29
1 20
1 22
2 16
64 36
33 22
1 20
2 13
435 67
7 196
49 119
55 52
4 16
5 91
43 61
1 19
1 22
3 152
127 63
3 144
2 13
3 69
1 21
3 72
2 15
1 21
3 76
1 19
3 72
1 23
5 80
42 69
2 16
1 23
2 17
47 34
2 14
26 110
1 18
4 14
1 21
4 12
26 123
1 53
3 88
6 70
6 72
1 24
2 17
46 11
1 22
1 17
8 57
3 101
161 23
15 14
3 113
17 131
164 17
5 82
1 29
4 30
5 81
8 22
17 87
1 21
4 11
3 71
46 9
2 16
153 17
85 19
1 18
1 21
17 80
5 79
63 27
4 13
1 21
6 100
2 14
1 19
1 23
1 19
1 20
9 16
23 210
109 11
1 18
29 36
6 59
38 14
2 22
1 21
1 20
3 73
10 60
1 23
80 24
1 18
1 26
1 26
9 8
8 23
3 76
66 34
1 18
1 18
30 41
1 16
3 74
3 77
8 22
31 52
447 137
18 50
2 17
1 18
144 75
1 28
249 101
2 16
2 15
2 13
1 18
10 63
1 26
2 56
79 113
1 18
2 14
1 18
1 22
1 20
1 20
1 20
2 16
17 78
1 19
2 17
1 18
1 16
2 13
10 64
77 42
2 18
1 21
19 52
1 18
17 79
7 331
23 312
1 21
1 19
11 12
1 25
39 14
1 19
18 50
7 251
3 85
3 73
2 12
5 93
3 83
1 17
11 41
16 140
1 18
106 24
3 75
1 20
1 23
1 39
1 21
41 15
1 18
2 14
7 235
1 20
2 14
1 16
4 12
3 76
1 18
1 20
1 19
3 80
3 83
2 18
66 33
1 22
15 14
1 17
64 31
7 253
3 80
1 17
3 72
2 15
1 21
11 9
3 76
25 30
1 17
8 26
2 15
2 16
2 15
3 78
3 83
61 15
3 83
1 16
2 17
1 19
1 19
5 88
35 14
1 17
4 11
1 19
1 20
1 17
1 24
1 25
17 76
14 67
8 23
1 16
1 69
7 240
2 16
55 65
101 42
6 71
1 16
39 13
4 20
1 18
215 18
1 24
2 17
10 72
32 70
2 16
1 16
1 20
3 75
1 19
20 41
1 17
2 19
49 144
1 19
1 23
1 25
1 62
93 20
3 76
152 21
1 24
25 28
3 83
1 18
1 21
33 23
3 101
2 17
2 22
7 238
1 25
1 19
2 16
1 18
2 28
54 21
3 87
1 416
1 235
1 185
1 79
2 15
1 28
1 24
1 24
2 15
1 25
1 225
1 30
1 22
1 21
1 22
1 16
1 16
1 17
1 17
1 14
1 17
1 15
2 15
1 17
1 30
1 13
1 14
1 17
1 14
1 14
1 13
1 13
1 14
1 11
1 14
1 14
1 13
2 17
2 10
4 20
1 12
1 13
2 11
1 11
1 189
1 14
1 12
2 11
1 12
1 13
2 16
1 192
1 41
1 14
1 180
1 14
1 12
1 11
1 12
1 16
1 11
1 12
1 12
1 11
2 9
1 12
1 13
1 11
1 12
1 11
1 12
1 10
3 16
1 12
2 10
1 18
1 11
1 10
1 11
1 13
2 11
2 8
1 11
1 14
1 12
1 10
1 11
1 10
1 21
1 12
2 9
1 11
1 23
1 30
2 13
1 28
1 371
1 26
1 16
1 14
1 98
1 352
1 244
1 356
1 21
1 17
1 21
1 22
2 23
1 19
1 22
1 20
3 45
2 13
1 13
1 11
1 13
2 12
2 19
1 13
1 10
1 11
1 12
1 13
1 12
2 12
1 11
2 10
1 11
2 19
3 46
1 14
1 10
1 11
1 13
3 41
1 11
1 11
1 12
1 10
1 13
3 47
1 11
1 10
1 11
7 16
1 12
1 10
1 11
1 10
1 10
36 21
1 10
1 12
1 11
1 11
1 11
1 10
1 12
2 10
1 14
1 657
1 11
1 12
1 12
1 10
1 10
1 93
1 13
2 14
1 10
29 10
1 10
2 10
1 12
1 9
10 15
1 13
1 9
1 11
1 12
1 10
1 10
2 11
1 10
1 13
1 10
1 11
1 11
1 9
1 9
1 11
1 11
1 9
1 10
1 19
1 10
1 11
1 10
1 10
