0 0 294
0 1 401
0 2 404
0 1 163
0 2 161
0 3 174
0 2 162
0 3 166
0 4 172
0 0 29
0 4 166
0 3 150
0 0 39
0 4 152
0 1 153
0 0 34
0 1 150
0 2 153
0 1 233
0 2 248
0 3 260
1 3 290
1 1 298
1 2 300
1 4 166
1 2 222
1 3 230
0 4 349
0 3 352
0 2 355
1 0 32
1 4 145
1 3 147
0 0 49
0 4 165
0 3 173
1 0 31
1 4 146
1 1 148
0 0 35
0 4 147
0 1 148
1 0 43
2 4 177
2 3 184
1 1 155
2 2 301
1 2 294
0 0 29
0 2 146
0 1 148
2 0 35
2 4 152
1 1 153
1 2 153
2 3 293
1 3 294
2 0 94
0 1 271
0 3 268
0 2 281
2 1 284
1 3 234
1 2 238
2 4 303
1 4 261
1 0 25
2 0 36
1 4 228
1 3 245
2 1 238
0 4 161
2 2 320
0 3 182
0 2 238
1 0 28
1 4 144
1 1 146
2 1 148
2 2 148
2 3 154
0 0 39
0 3 147
0 4 145
1 0 28
1 2 145
1 1 146
2 2 145
2 3 145
2 4 147
0 0 43
0 4 146
0 1 147
1 1 146
1 2 149
1 3 149
2 0 27
2 4 144
2 3 144
0 0 30
0 2 146
0 1 150
1 4 143
1 3 146
1 2 149
2 0 33
2 4 150
2 1 151
1 0 41
1 4 144
0 1 149
0 2 151
1 3 255
0 3 260
2 0 29
2 1 145
2 2 146
1 0 27
1 1 146
1 4 148
0 3 148
0 4 147
0 2 151
3 0 42
2 2 161
2 1 163
2 3 196
3 4 149
3 3 211
1 0 108
1 2 207
1 1 249
0 0 29
0 4 148
0 3 156
3 0 40
3 1 399
3 4 454
2 4 445
2 2 455
1 1 195
2 3 508
1 2 245
1 3 253
3 0 32
0 0 34
3 2 158
0 4 146
3 1 257
2 0 37
0 1 248
2 4 153
2 3 158
1 4 172
1 2 191
1 3 187
3 1 157
3 2 159
3 3 159
0 0 39
2 0 29
0 2 152
1 0 28
2 4 198
0 1 246
1 3 147
2 1 245
1 4 198
3 3 153
3 4 150
3 2 160
2 0 33
1 0 42
1 4 180
0 3 147
2 2 270
3 0 24
0 2 241
2 1 344
1 1 352
3 4 144
3 3 146
0 1 371
4 0 24
4 4 144
4 1 146
1 0 23
1 2 213
1 1 226
3 0 27
2 3 160
2 2 254
2 1 319
0 3 152
3 4 216
0 2 194
3 1 260
0 4 336
4 0 31
4 2 148
4 1 151
1 3 148
3 0 24
1 1 168
1 2 168
3 1 174
2 4 144
2 3 148
3 2 289
2 2 269
0 0 92
4 1 208
0 4 150
4 2 254
4 3 282
0 3 280
3 1 162
2 0 27
1 4 196
1 3 319
3 3 331
4 4 270
1 2 395
3 2 395
2 4 273
4 2 345
2 3 418
4 3 488
0 0 36
0 4 144
0 1 146
1 0 135
4 0 128
3 2 145
2 0 25
1 4 467
1 3 499
4 3 493
4 4 493
2 1 146
3 3 393
3 4 405
2 4 286
4 0 26
4 1 183
4 4 198
0 0 45
3 0 49
1 0 49
3 3 154
0 2 155
3 4 285
0 1 282
1 1 284
1 4 283
2 0 25
4 0 22
2 2 243
2 1 249
4 2 243
4 1 248
3 0 23
1 0 28
3 4 148
3 1 176
1 2 147
1 1 173
0 1 144
0 3 147
0 2 148
5 0 32
4 3 270
4 2 298
4 1 327
2 3 178
3 0 24
5 1 426
5 2 427
2 2 430
2 1 443
3 1 400
1 3 179
3 2 417
1 1 256
4 4 153
4 3 183
1 2 368
4 2 421
0 4 193
5 1 213
2 4 153
3 1 175
0 3 428
5 3 550
5 2 581
4 0 26
0 2 619
2 2 636
3 2 646
1 4 338
4 4 349
2 3 677
5 4 210
1 2 463
3 3 805
5 2 283
4 3 551
0 0 74
2 0 30
1 3 723
5 3 673
3 2 266
4 0 32
1 0 29
0 4 496
4 1 153
0 3 610
5 0 25
2 4 570
3 4 663
3 3 699
2 3 707
1 3 480
4 4 593
5 3 447
1 4 584
5 4 479
3 0 46
0 0 81
4 0 51
2 0 74
3 3 223
4 2 271
5 0 33
1 0 25
3 4 488
0 4 604
2 4 618
0 1 654
2 1 710
3 0 25
4 1 737
1 4 509
5 4 518
3 4 200
4 3 154
4 2 150
5 1 668
1 1 706
2 0 87
0 0 42
5 0 26
1 0 24
3 1 611
2 2 546
3 0 24
0 2 537
4 1 818
5 2 592
0 1 701
1 2 621
2 1 837
4 3 145
4 4 145
3 2 369
5 1 791
1 1 758
3 1 530
4 2 347
5 3 485
2 3 482
4 0 35
2 1 584
5 1 611
5 2 614
4 4 145
2 2 679
1 2 598
1 1 613
1 3 613
0 2 687
0 1 707
3 1 568
0 3 756
3 2 608
3 3 733
4 3 691
5 4 286
5 2 502
4 0 32
2 4 494
1 4 479
4 1 152
1 2 537
2 2 577
5 3 680
1 3 597
2 3 677
3 2 682
0 2 685
0 4 679
3 3 704
0 3 706
3 4 707
4 4 597
5 0 65
1 0 39
2 0 52
4 0 40
3 0 32
0 0 25
4 1 157
4 2 153
5 4 413
5 3 458
1 3 496
1 4 535
2 3 656
2 4 657
5 0 43
3 3 613
0 3 532
3 4 642
5 1 199
0 4 619
1 0 34
4 3 146
5 4 398
4 2 258
2 0 96
3 0 38
1 4 400
1 1 418
4 1 539
2 4 492
0 0 54
5 0 43
3 4 458
2 1 621
5 2 185
0 4 224
3 1 653
4 3 144
4 4 209
1 0 33
4 2 264
3 0 31
5 1 495
0 1 547
2 0 84
1 2 315
1 1 526
4 0 27
3 2 452
2 2 418
5 3 180
3 1 641
2 1 586
4 4 264
0 0 36
4 3 294
5 2 403
5 1 563
0 2 265
1 3 236
0 1 420
3 3 248
1 2 367
4 0 36
1 1 476
3 2 432
5 4 243
2 3 275
3 1 560
5 3 321
4 4 296
2 2 415
5 2 411
2 1 451
4 1 419
4 0 33
5 0 31
0 1 320
4 1 252
3 4 437
1 4 441
0 3 578
0 2 603
5 4 443
3 2 560
1 3 587
2 4 278
3 3 629
5 3 570
1 2 669
4 2 641
2 3 390
2 2 429
3 0 163
5 0 38
1 0 31
4 2 330
4 1 331
0 2 212
5 1 228
4 3 424
2 0 25
3 3 608
3 4 622
5 4 596
1 3 555
0 3 620
4 2 150
0 4 662
1 4 685
3 0 35
2 3 461
5 0 31
4 3 318
2 4 725
5 2 274
1 0 30
4 4 596
3 1 407
0 0 84
5 1 473
3 4 548
0 3 192
2 0 42
1 1 341
4 0 26
2 1 201
4 3 147
1 4 597
3 0 29
0 4 593
2 4 508
5 3 155
4 4 457
5 1 315
1 0 26
5 2 337
3 2 345
3 1 346
4 0 73
1 2 234
1 1 267
0 0 30
2 0 24
4 4 237
5 3 151
4 1 519
0 4 385
5 4 336
2 2 398
0 1 508
5 2 424
3 3 149
2 1 512
4 0 30
3 2 407
3 1 511
1 3 147
5 0 26
4 2 325
1 2 267
4 1 364
1 1 303
5 4 143
5 3 150
0 0 34
3 4 151
3 3 377
2 3 395
2 1 396
0 1 390
4 1 278
4 3 306
3 2 530
5 0 27
2 2 590
0 2 624
1 3 200
1 4 209
5 1 302
4 2 633
5 4 347
1 2 476
3 0 39
3 4 279
3 3 326
0 1 159
2 2 328
2 4 384
1 0 35
5 0 40
4 4 385
5 1 157
2 3 540
4 2 484
1 4 185
0 2 473
4 3 571
5 2 295
0 3 559
3 0 27
1 3 493
3 4 189
3 1 192
2 0 63
4 0 29
2 4 250
2 3 317
1 0 32
4 4 361
5 1 303
4 3 431
5 2 329
1 1 265
0 2 281
0 4 332
5 3 427
1 4 338
0 3 478
3 0 28
3 2 186
4 0 26
3 1 192
2 0 36
5 3 156
5 2 157
1 0 30
4 1 324
4 4 356
2 1 326
1 2 207
0 0 40
2 4 453
5 4 450
1 1 267
0 3 161
0 4 179
4 0 39
5 0 33
5 4 143
2 0 26
3 3 313
3 1 328
3 2 331
5 3 308
4 1 358
4 2 353
1 3 150
2 1 309
2 2 308
1 1 248
1 2 244
0 0 37
5 0 30
3 3 297
3 2 311
4 3 296
4 2 304
3 4 493
0 4 499
5 4 480
4 1 527
0 1 534
5 1 518
1 4 177
2 2 258
2 3 269
2 1 285
3 0 90
5 0 41
1 3 435
1 2 454
5 1 166
4 4 285
3 4 294
0 0 28
4 2 398
4 3 403
3 3 382
5 2 476
0 1 276
0 2 324
1 0 68
4 0 61
3 0 30
2 2 287
5 2 258
5 1 270
1 4 426
3 1 268
4 4 433
2 4 398
1 3 486
4 3 522
3 4 433
2 3 599
5 3 557
1 0 93
4 0 90
3 0 87
2 0 56
0 1 507
0 2 506
0 3 516
5 3 426
5 2 430
2 3 370
3 2 380
4 4 534
5 4 523
1 1 562
4 1 551
3 1 500
2 4 493
1 4 611
4 0 68
5 0 36
1 0 33
2 0 27
5 4 389
0 4 380
4 1 503
5 3 475
2 4 306
3 3 493
4 2 550
0 3 477
3 1 525
3 2 558
1 1 549
2 1 436
1 2 607
0 2 605
5 0 36
4 2 333
4 1 349
4 3 347
3 2 209
3 3 213
5 1 216
0 0 32
5 4 327
3 4 331
2 0 41
0 3 157
2 1 156
0 4 173
2 2 165
5 0 29
4 4 147
4 3 156
5 1 158
3 0 24
4 2 289
5 2 316
3 4 172
3 3 175
4 0 21
0 0 28
4 4 195
4 3 229
0 4 159
2 2 236
5 2 233
2 3 301
5 3 306
2 1 393
3 0 22
0 1 450
3 4 145
5 1 456
4 0 26
3 1 276
4 4 237
4 1 269
5 3 156
5 4 160
5 2 168
2 3 159
2 4 163
2 2 165
3 0 24
4 0 24
3 2 173
3 1 178
4 2 169
4 1 175
5 0 25
5 3 147
5 4 144
2 0 22
2 4 169
4 1 295
3 2 297
3 1 297
2 3 366
4 2 296
5 0 28
3 3 393
4 3 392
5 4 189
5 1 190
4 4 163
4 3 172
4 2 180
2 0 33
3 3 270
3 2 281
3 4 287
5 0 25
2 4 176
2 1 224
5 2 172
5 1 242
4 0 20
4 4 143
4 3 143
3 0 22
3 4 142
3 3 145
2 0 35
5 3 165
4 0 25
5 2 285
5 1 293
2 2 288
2 1 344
4 4 144
4 1 218
3 0 22
3 4 144
3 1 145
5 4 178
5 3 179
5 2 183
4 0 22
4 1 194
4 2 196
2 3 148
2 1 193
2 2 199
3 0 23
5 0 22
3 2 145
3 1 146
5 4 142
5 3 164
4 1 146
4 2 153
4 3 170
5 0 29
3 3 187
3 2 196
3 1 253
5 4 231
5 1 256
4 2 199
4 3 206
4 4 237
5 0 112
4 0 40
5 1 236
5 2 361
3 4 291
3 3 298
3 2 290
4 4 290
4 3 296
5 1 147
5 3 147
5 2 151
5 4 144
5 3 146
5 2 148
5 0 21
5 3 143
5 4 147
5 0 24
5 1 144
5 4 145
5 0 22
5 2 143
5 1 144
5 1 148
5 3 145
5 2 146
5 2 144
5 3 145
5 4 145
5 0 23
5 3 144
5 4 149
5 0 22
5 4 144
5 1 144
