0 1 319
0 0 328
0 2 394
0 1 29
0 0 33
0 2 114
0 1 25
0 0 33
0 2 111
0 0 32
0 1 28
0 2 114
0 1 28
0 0 31
0 2 111
0 1 33
0 0 39
0 2 117
1 1 26
1 0 34
1 2 189
0 1 27
0 0 31
0 2 111
1 0 30
1 2 111
1 3 111
0 1 34
0 0 35
0 2 115
1 1 23
1 0 30
1 2 109
0 0 23
0 1 23
0 2 110
1 0 25
1 3 150
1 2 153
0 1 22
0 0 29
0 2 112
1 1 30
1 0 36
1 2 118
1 1 24
1 0 25
1 2 109
0 0 36
0 1 28
0 2 117
2 2 110
2 0 126
2 1 132
1 1 21
1 0 24
1 2 115
0 1 24
0 0 24
0 3 153
2 0 196
2 1 199
2 3 267
1 1 21
1 0 23
1 2 109
0 1 29
0 0 32
2 2 111
2 0 115
2 1 132
0 2 185
1 1 21
1 0 22
1 2 110
2 2 166
2 1 168
2 0 169
0 0 27
0 1 31
0 2 110
1 1 21
1 0 22
1 2 109
2 2 109
2 1 112
2 0 112
1 0 20
0 0 27
0 1 28
1 2 108
1 3 193
0 2 190
2 0 111
2 1 128
2 2 110
1 1 22
1 0 24
1 3 109
0 1 22
0 0 23
0 2 109
1 1 30
1 0 36
2 3 113
2 1 114
2 0 112
1 2 112
0 0 24
0 1 23
0 2 109
1 0 76
1 1 75
1 2 173
2 1 111
2 0 115
2 2 194
0 1 21
0 0 22
0 2 110
1 1 22
1 0 23
1 2 109
2 0 109
2 2 110
2 1 111
3 1 24
3 0 25
3 2 111
0 1 22
0 0 23
1 0 20
0 2 155
1 2 111
1 3 157
2 2 108
2 1 109
2 0 112
3 0 31
3 1 28
3 2 111
1 1 23
1 0 26
1 2 110
0 1 22
0 0 24
0 2 108
3 1 27
2 2 111
2 1 116
3 2 117
2 0 143
3 3 217
1 1 24
1 0 27
1 2 114
3 1 24
3 3 109
3 2 116
0 1 26
0 0 27
2 0 111
2 2 109
0 2 245
2 1 168
1 0 24
1 3 109
1 2 110
3 0 29
3 1 31
3 3 112
0 1 25
0 0 29
2 0 110
2 2 112
2 1 155
4 0 30
0 2 160
4 1 114
4 3 115
1 1 22
1 0 27
3 1 26
3 0 28
1 2 197
3 2 111
4 0 25
4 2 116
4 3 118
2 0 127
2 3 125
2 1 126
0 0 30
0 1 29
0 2 111
1 0 33
3 0 34
3 1 39
1 3 110
3 2 114
1 2 127
4 0 24
4 1 118
4 2 118
2 1 111
2 0 114
2 2 150
3 0 23
3 1 26
1 0 27
3 2 119
0 1 25
0 0 30
4 0 29
1 2 213
1 3 277
4 1 117
0 2 302
4 2 248
3 1 31
3 0 45
4 0 25
2 0 119
2 2 154
2 1 189
1 1 34
1 0 38
3 2 197
4 2 189
4 1 199
1 2 122
0 1 23
0 0 25
0 2 109
4 0 20
3 0 30
3 1 27
4 2 118
4 1 139
3 2 136
1 0 36
1 1 40
2 3 117
2 0 117
2 1 154
1 3 155
4 0 28
0 1 27
0 0 31
4 1 116
4 2 183
0 2 217
3 0 27
3 2 114
3 3 113
1 1 32
1 0 33
2 0 111
2 1 116
1 2 181
2 2 189
4 0 24
4 3 115
4 2 120
3 0 25
3 1 24
3 3 110
0 1 26
0 0 28
0 3 110
1 0 29
1 1 37
4 0 33
1 2 110
4 1 115
4 2 122
2 0 111
2 2 110
2 1 122
3 1 21
3 3 114
3 2 116
4 0 23
4 1 119
4 2 114
0 0 24
0 1 23
1 1 26
1 0 29
0 2 200
1 2 117
2 0 115
2 1 114
2 2 122
3 1 23
3 3 110
3 2 111
4 0 23
4 1 118
4 2 124
1 1 52
1 0 55
1 2 140
0 0 28
0 1 27
0 2 113
3 0 31
4 0 31
2 2 136
3 2 214
2 0 233
2 1 233
5 2 145
3 3 241
4 1 213
4 2 276
5 1 253
5 0 266
1 1 30
1 0 35
1 2 118
4 0 24
4 2 115
3 1 31
4 1 138
3 2 185
5 2 164
0 1 41
0 0 47
5 1 222
3 3 272
2 2 129
5 0 298
2 0 214
0 2 258
2 1 252
4 0 26
1 0 27
4 1 114
4 2 166
1 2 116
3 1 31
3 0 37
1 3 225
5 0 113
5 2 121
3 2 115
5 1 168
0 1 28
0 0 34
2 0 119
2 2 125
2 1 163
4 0 25
0 2 214
4 1 113
4 2 161
3 1 30
1 0 36
3 0 33
5 0 260
5 1 273
5 2 276
3 3 182
1 3 196
1 2 197
4 0 22
4 1 111
4 2 129
2 0 123
2 2 124
2 1 133
0 1 30
0 0 32
5 2 113
0 2 118
5 0 116
5 3 117
1 1 27
1 0 41
3 1 28
1 2 118
3 2 111
3 3 110
4 0 39
4 1 122
4 2 124
5 0 189
5 2 189
5 1 192
2 0 191
2 2 193
2 1 191
3 1 24
3 0 25
1 1 23
1 0 23
3 2 111
0 0 25
0 1 27
4 0 19
1 2 114
4 1 111
0 2 177
4 2 176
5 2 108
5 0 115
5 1 114
3 0 33
3 1 72
4 0 71
2 2 160
2 0 165
1 0 21
2 1 233
3 2 239
1 2 109
4 1 236
4 2 288
1 3 211
0 1 25
0 0 32
0 2 135
5 2 109
5 0 111
5 1 133
4 0 22
4 2 111
4 1 129
3 0 30
3 3 121
3 2 132
1 0 31
2 0 116
2 1 147
2 2 166
1 3 148
1 2 165
5 0 228
5 2 224
5 3 234
4 0 23
0 1 27
0 0 31
4 1 121
4 2 181
0 2 180
3 0 27
3 1 27
3 2 110
1 1 27
1 0 28
2 1 114
5 3 114
1 2 199
2 0 203
4 0 26
2 2 212
5 0 209
4 2 141
4 1 151
5 2 326
3 0 22
3 1 22
3 2 110
0 1 24
0 0 25
0 2 120
5 0 116
5 1 122
1 0 27
5 2 134
4 0 26
4 1 113
1 3 129
2 0 111
2 1 118
1 2 262
4 3 264
2 2 224
3 1 20
3 0 27
3 2 113
4 0 24
5 0 116
5 2 158
5 1 164
0 0 24
0 1 26
4 3 165
4 2 205
1 0 21
1 2 146
0 2 258
1 3 255
2 2 110
2 0 114
2 1 137
3 0 21
3 3 108
3 2 110
4 0 22
5 3 146
5 0 146
4 2 146
4 3 246
5 2 248
1 1 20
1 0 20
1 2 115
0 1 22
0 0 22
0 2 111
3 1 37
3 0 43
4 0 36
4 1 118
2 2 214
5 2 170
2 1 294
2 0 296
3 3 288
4 2 295
5 0 272
5 1 282
1 1 18
1 0 22
1 2 107
4 0 24
3 1 29
3 0 36
4 3 150
4 2 162
0 0 32
0 1 36
5 0 114
3 2 129
5 2 135
5 1 228
2 0 117
2 2 114
0 2 256
2 1 230
4 0 51
4 1 113
4 3 111
3 1 30
3 0 30
5 0 130
5 1 135
5 3 196
3 2 196
0 1 32
0 0 40
2 2 146
2 0 148
2 1 148
4 0 27
0 3 145
4 2 111
4 1 132
5 2 114
3 1 24
5 0 132
5 3 142
3 3 123
3 2 130
4 0 22
4 1 111
4 2 147
2 2 112
2 0 112
2 1 149
5 0 111
5 2 109
5 1 112
3 1 19
3 0 21
3 2 109
4 0 21
4 1 111
4 3 109
5 0 171
5 2 173
5 1 188
2 0 183
2 2 180
2 1 195
3 0 28
3 2 110
3 3 110
4 0 19
4 1 110
4 2 110
5 2 109
5 3 114
5 0 121
3 1 30
4 0 28
3 2 117
2 2 163
2 1 183
2 0 210
4 3 165
3 3 213
4 2 185
5 2 130
5 0 138
5 1 143
4 0 21
3 0 21
4 3 109
4 1 127
3 3 112
3 2 130
2 3 113
2 1 118
2 0 150
5 0 111
5 2 109
5 1 110
4 0 21
4 3 107
4 2 110
3 1 26
3 2 111
3 3 112
2 1 189
2 2 193
2 0 193
4 0 48
5 0 216
5 2 216
5 1 240
4 1 133
4 2 163
3 0 23
3 1 26
3 3 112
4 0 24
5 0 112
5 2 110
5 1 149
4 1 116
4 2 193
2 2 108
2 0 114
2 1 158
3 0 23
3 1 25
3 2 111
4 0 50
5 2 132
5 0 138
4 1 113
5 1 186
4 2 165
2 2 108
2 1 110
2 0 110
3 0 23
3 3 109
3 2 110
4 0 34
5 0 119
4 3 217
4 1 218
5 2 245
5 3 246
3 1 22
4 0 25
3 3 131
3 2 188
4 2 163
5 2 112
4 1 189
5 0 131
5 1 170
3 1 27
3 2 115
5 1 115
5 2 112
3 3 209
5 0 211
5 2 109
5 1 109
5 0 112
5 2 109
5 1 112
5 0 112
5 0 138
5 1 140
5 2 140
5 2 110
5 1 114
5 0 116
5 2 110
5 0 113
5 1 114
5 2 111
5 3 111
5 0 111
5 2 111
5 0 118
5 3 114
5 2 109
5 0 111
5 3 111
5 0 109
5 2 111
5 3 112
5 2 110
5 0 112
5 1 113
5 1 112
5 2 109
5 0 120
5 2 109
5 1 116
5 0 120
