0 1 339
0 0 345
0 2 449
1 0 89
1 1 91
0 1 56
0 0 64
1 2 212
0 2 150
1 0 33
1 3 208
1 2 213
0 1 33
0 0 35
0 2 147
1 0 32
1 1 31
1 2 154
0 1 35
0 0 36
0 2 147
1 0 36
1 3 148
1 2 149
0 1 41
0 0 42
0 2 152
1 0 36
1 1 37
1 2 152
0 1 28
0 0 39
1 1 38
1 0 48
0 2 150
1 2 172
1 1 34
1 0 38
0 1 32
0 0 36
1 2 152
0 2 152
1 1 44
1 0 58
1 2 180
2 0 181
2 1 180
2 2 279
0 1 48
0 0 52
0 2 250
1 1 26
1 0 31
1 2 144
2 1 146
2 0 153
2 3 162
0 0 36
0 1 36
0 2 149
1 0 28
1 1 34
1 2 145
2 2 146
2 1 146
2 0 149
0 1 27
0 0 35
0 2 149
1 0 30
1 2 147
1 3 146
2 2 147
2 1 151
2 0 154
1 1 36
1 0 37
0 1 30
0 0 36
1 3 170
0 2 253
2 2 148
2 0 158
2 1 156
1 0 29
1 1 32
1 2 159
0 1 29
0 0 31
0 3 150
2 1 268
2 0 267
2 2 288
3 0 47
3 1 52
1 0 30
1 1 34
3 2 159
1 2 151
0 1 30
0 0 35
0 2 147
3 1 41
3 0 45
2 1 155
2 0 164
3 2 201
2 3 292
1 0 31
1 1 42
1 2 151
3 1 30
0 1 34
0 0 35
3 2 156
3 3 160
2 2 150
0 2 241
2 0 176
1 0 43
2 1 268
1 2 152
1 3 180
3 1 28
3 3 146
3 2 147
0 0 60
1 0 51
1 1 50
0 1 56
2 0 232
2 2 310
2 1 325
1 2 237
0 2 250
3 1 31
3 0 31
3 3 145
1 0 32
1 1 34
2 0 150
2 1 157
0 1 30
0 0 39
2 2 261
1 2 257
0 2 147
3 1 30
3 0 38
3 2 163
1 0 62
2 0 148
3 1 35
3 0 39
1 2 303
1 3 286
2 2 272
2 1 295
0 1 40
0 0 52
3 2 158
0 2 161
1 1 30
1 0 78
3 1 46
3 0 49
1 2 240
4 0 42
2 0 162
2 1 169
2 2 216
3 2 230
4 1 231
4 3 267
0 0 36
0 1 39
0 2 146
1 0 34
4 0 28
3 1 39
3 0 40
3 2 157
1 2 275
1 3 272
4 2 279
4 3 304
2 0 155
2 2 204
2 1 230
0 1 37
0 0 49
4 0 34
4 1 155
3 0 50
3 1 49
1 0 42
0 2 419
3 2 259
4 2 432
1 2 263
1 3 362
2 0 151
2 3 149
2 1 174
4 0 34
4 2 148
4 1 155
3 0 26
1 1 53
3 3 149
1 0 59
3 2 152
0 0 50
0 1 58
1 2 148
0 2 157
4 0 30
4 1 157
2 2 156
2 0 171
4 2 293
5 2 154
5 0 163
2 1 336
3 0 39
3 1 41
5 1 281
3 3 171
1 1 33
1 0 34
1 3 150
4 0 92
0 1 39
0 0 44
4 1 211
4 2 341
0 2 334
5 0 219
5 2 243
3 1 31
2 2 223
5 1 337
2 0 264
2 1 282
3 2 150
3 3 198
4 0 198
1 0 42
1 1 44
4 1 311
4 2 320
1 2 148
5 0 151
5 2 153
5 1 162
0 1 31
0 0 37
0 2 159
3 1 38
4 0 34
4 3 145
2 1 282
3 2 326
2 3 325
3 3 342
2 0 335
4 2 243
1 1 50
1 0 58
5 1 190
5 0 192
1 2 317
5 2 317
4 0 29
3 0 32
4 2 151
0 1 31
0 0 37
3 3 150
4 1 366
3 2 368
0 2 359
2 0 213
2 1 250
1 1 39
1 0 41
5 3 172
5 0 215
5 2 298
4 0 73
1 2 268
3 1 30
4 2 190
4 1 217
3 3 146
3 2 177
0 1 32
0 0 41
4 0 37
1 1 36
1 0 41
5 2 313
5 0 321
2 0 288
2 2 300
4 1 157
1 2 190
5 1 476
2 1 513
3 1 31
3 0 37
0 2 543
4 2 437
3 2 150
5 2 144
5 1 148
5 0 154
4 0 29
4 1 152
2 2 145
2 0 186
4 2 256
0 1 41
0 0 43
1 1 40
1 0 41
2 1 315
1 2 147
3 0 38
3 1 37
0 2 208
3 3 146
4 0 33
5 2 147
4 1 151
5 0 157
5 1 285
4 2 293
1 0 30
2 0 186
2 2 209
3 1 36
2 1 227
0 1 40
0 0 37
1 2 234
3 2 179
3 3 194
1 3 294
4 0 102
5 2 223
5 0 268
0 2 354
5 3 336
4 1 296
4 2 238
3 1 158
3 0 187
1 0 60
4 0 54
3 2 393
2 0 387
5 0 284
0 1 42
0 0 52
5 3 349
2 2 491
1 2 397
2 1 535
5 2 400
1 3 491
4 2 491
0 3 350
4 1 598
3 1 33
3 0 33
4 0 29
1 1 37
1 0 40
3 2 306
4 1 309
4 2 315
5 0 232
2 0 235
5 1 347
1 2 385
2 1 327
5 2 396
2 2 367
0 1 29
0 0 29
4 0 26
3 0 38
0 2 280
5 2 147
4 1 229
1 0 41
1 1 40
3 2 235
4 2 341
3 3 290
5 0 403
5 1 409
1 2 277
2 0 150
2 1 152
2 2 179
4 0 25
4 1 146
4 2 151
3 0 34
3 1 36
5 0 182
5 2 183
0 1 35
0 0 39
5 3 273
0 2 149
3 2 244
1 0 40
1 2 148
1 3 147
4 0 29
4 1 151
2 2 145
2 0 159
4 2 299
5 2 150
3 1 42
5 0 167
3 0 51
2 1 345
3 2 185
5 1 316
1 0 25
4 0 28
0 1 33
0 0 40
1 2 149
4 1 148
1 3 371
3 0 39
3 1 40
4 2 559
5 2 310
0 2 585
5 0 337
3 2 154
2 2 250
2 0 345
4 0 101
5 1 660
1 0 39
4 1 236
1 1 47
2 1 518
1 2 145
4 2 362
0 1 45
0 0 52
5 3 157
5 0 162
5 1 249
3 0 34
0 2 234
4 0 56
3 3 264
3 2 269
2 2 191
4 1 247
2 0 228
4 2 311
2 1 313
1 0 70
1 3 186
5 3 148
5 0 151
1 2 295
5 2 261
3 0 40
3 1 38
4 0 36
3 3 267
0 0 42
0 1 45
4 3 260
4 1 274
0 2 191
2 2 191
2 0 200
1 0 30
2 1 311
5 0 176
5 2 239
4 0 25
5 1 348
1 2 282
3 0 37
3 1 37
1 3 356
4 3 199
3 2 196
4 2 304
0 1 44
0 0 47
5 0 185
5 2 188
5 1 263
4 0 42
1 0 46
1 1 54
2 0 235
2 2 350
3 1 34
3 0 45
0 2 464
2 1 471
3 2 154
4 3 349
1 2 349
4 2 371
4 0 32
5 2 145
5 0 154
4 2 149
5 3 236
4 1 236
1 0 42
1 1 74
2 0 201
0 0 53
0 1 55
2 1 211
3 1 55
2 2 238
1 2 241
3 2 156
3 3 159
0 2 185
4 0 32
5 0 187
5 2 214
5 1 235
4 3 178
4 2 196
3 0 34
3 1 34
2 2 146
3 2 148
2 1 150
2 0 157
0 0 49
0 1 43
4 0 42
5 0 162
4 1 158
5 2 278
4 3 268
5 1 304
0 2 307
3 0 27
4 0 33
3 2 181
3 3 209
4 1 184
5 2 265
5 0 294
2 2 266
2 0 363
0 1 27
0 0 30
5 1 481
4 2 488
2 1 490
0 2 248
3 1 30
4 0 29
5 2 145
3 3 232
3 2 361
4 2 338
4 1 363
5 0 346
5 1 377
2 2 145
2 0 174
2 1 191
4 0 26
0 1 68
0 0 85
3 0 53
4 3 216
4 1 223
5 2 189
3 2 208
0 2 283
5 1 263
3 3 307
5 0 301
4 0 38
2 2 175
2 0 178
2 1 236
4 1 151
3 1 32
4 2 210
5 2 149
5 3 254
5 0 257
3 2 305
3 3 308
0 1 34
0 0 45
0 2 166
4 0 28
4 3 145
4 2 145
3 1 32
3 0 36
2 2 284
2 1 296
5 2 250
5 1 256
2 0 369
5 0 374
3 3 346
4 0 33
4 3 184
4 1 189
0 0 51
0 1 53
0 2 197
5 2 152
5 0 159
3 0 90
3 1 92
5 1 251
3 2 199
2 2 144
2 0 161
2 1 166
4 0 28
4 2 146
4 3 145
5 2 145
5 0 150
5 1 152
0 1 36
0 0 41
3 0 38
4 0 30
3 3 163
2 0 166
4 2 244
2 1 242
0 3 458
3 2 547
4 1 533
2 3 486
5 0 155
5 2 148
5 1 156
4 0 27
3 1 35
4 2 184
3 3 153
4 1 276
3 2 246
2 2 176
2 0 178
2 1 179
5 2 174
5 0 179
5 1 179
4 0 29
3 1 27
4 1 166
4 2 162
3 3 150
3 2 169
5 2 179
5 0 182
5 1 191
4 0 31
2 1 222
2 0 225
4 1 149
2 2 306
4 3 238
5 2 148
5 0 163
5 1 169
4 0 35
4 1 148
4 2 161
2 0 150
2 2 148
2 1 149
5 2 145
5 3 146
5 0 157
5 0 147
5 2 147
5 3 150
5 2 144
5 0 149
5 3 149
5 2 145
5 0 148
5 3 152
5 1 150
5 2 146
5 0 153
5 0 145
5 1 148
5 2 149
5 1 144
5 2 144
5 0 147
