0 1 279
0 0 283
0 2 472
0 1 168
0 0 172
0 2 364
0 0 46
0 1 48
0 2 271
0 0 48
0 1 48
0 2 252
0 1 51
0 0 54
0 2 291
0 0 50
0 1 53
0 2 256
0 1 62
0 0 63
0 2 256
1 1 62
1 0 66
1 2 262
0 0 53
0 1 52
0 2 259
1 0 51
1 2 316
1 3 320
0 1 45
0 0 50
1 1 47
1 0 51
0 2 257
1 2 281
1 0 54
0 0 50
0 1 52
1 2 265
1 3 335
0 2 450
1 1 42
1 0 50
1 2 251
0 1 46
0 0 47
0 2 361
2 2 265
2 0 277
2 1 334
1 0 44
1 1 49
1 2 265
0 0 74
0 1 65
0 3 445
2 0 315
2 1 315
1 0 102
1 1 104
2 3 483
1 2 311
0 1 133
0 0 150
1 1 58
1 0 61
2 0 337
2 2 372
0 2 571
2 1 578
1 2 378
0 0 97
0 1 108
1 1 91
1 0 95
2 0 287
3 1 47
3 0 54
2 2 548
2 1 559
0 2 558
1 2 520
3 2 253
1 1 43
1 0 51
3 1 190
3 0 203
0 0 69
0 1 65
2 0 410
2 1 489
3 2 384
2 2 637
1 2 602
0 2 343
1 0 39
3 1 43
3 2 264
0 1 52
0 0 52
1 2 459
1 3 472
2 0 409
2 2 424
2 1 488
3 3 510
0 2 524
1 0 48
1 1 58
3 1 42
1 3 373
3 3 519
3 2 535
0 1 89
2 1 521
0 0 109
2 0 542
2 3 541
0 2 433
3 1 82
1 1 73
3 0 93
1 0 88
3 3 379
2 1 258
1 2 407
2 0 388
2 2 396
0 1 44
3 0 95
3 1 98
1 1 103
1 0 109
0 2 376
1 2 260
3 2 269
2 2 251
2 1 256
2 0 258
3 1 46
3 0 49
3 2 356
1 0 179
1 1 187
0 1 67
0 0 73
1 2 359
0 2 286
2 2 254
2 0 255
2 1 275
3 1 53
3 0 54
3 2 260
1 0 50
1 2 383
1 3 389
0 0 56
0 1 58
3 1 58
3 0 58
2 0 263
2 2 263
3 2 258
0 2 486
2 1 443
1 1 48
1 0 62
1 2 248
4 0 57
0 1 78
0 0 80
3 1 62
3 0 67
4 3 335
0 2 378
2 0 259
4 1 446
2 2 336
3 2 447
2 1 378
1 1 59
1 0 59
4 0 36
1 2 422
3 0 58
4 2 260
4 3 301
3 2 270
3 3 275
0 0 70
0 1 79
2 2 373
2 0 390
4 0 74
1 0 186
1 2 286
4 1 275
3 1 50
3 0 52
0 2 702
2 1 740
3 3 255
1 3 719
0 1 64
0 0 65
4 2 835
2 3 358
2 0 361
4 0 48
3 1 55
1 1 196
1 0 202
3 3 385
1 2 385
2 1 890
4 1 583
0 2 890
3 2 571
4 2 693
4 0 48
0 1 73
0 0 114
1 0 73
3 1 56
4 1 462
2 2 411
2 0 500
3 2 356
3 3 400
1 2 432
4 2 851
4 0 37
2 1 991
0 2 932
3 0 68
4 1 395
0 1 58
0 0 67
1 3 1144
2 2 336
3 2 405
2 0 582
3 3 581
1 0 45
4 2 930
1 2 250
4 0 42
3 1 42
2 1 938
0 2 1011
0 0 56
0 1 60
3 3 525
4 1 675
2 0 363
3 2 713
1 3 1104
2 3 575
4 2 1033
3 0 75
3 1 76
4 0 56
1 0 57
1 1 59
2 1 896
0 2 824
3 2 273
4 2 561
0 0 65
0 1 84
4 3 679
1 2 687
3 0 71
3 1 76
0 3 297
1 1 77
1 0 79
4 0 59
5 2 658
2 2 626
5 0 678
2 0 679
4 1 270
2 1 751
5 1 879
3 3 743
0 0 62
0 1 67
3 1 49
4 2 949
5 2 496
4 0 43
1 3 1109
2 2 500
5 0 595
3 2 295
2 0 700
4 1 299
3 3 542
1 0 57
1 1 56
1 2 251
3 1 46
3 0 51
2 1 1098
5 1 1343
0 2 1216
0 1 56
3 2 360
0 0 59
4 2 968
4 0 47
2 0 456
1 1 48
1 0 57
2 2 475
4 1 257
5 0 448
5 2 526
3 1 44
3 0 50
1 2 360
3 2 257
2 1 884
5 1 1006
4 2 983
0 2 1232
4 0 56
1 0 82
1 1 80
2 0 409
0 1 74
0 0 89
3 0 61
2 2 479
4 1 372
5 0 524
5 2 561
1 2 470
3 2 362
3 3 368
2 1 891
5 1 975
4 2 962
1 1 94
1 0 106
3 0 96
3 1 100
4 0 73
0 2 1066
2 0 434
0 1 57
0 0 59
5 0 435
2 2 544
5 3 549
2 1 697
5 2 633
1 2 700
3 2 733
4 1 719
4 2 738
3 1 124
1 1 97
1 0 118
4 0 103
3 0 162
0 2 830
2 0 373
2 2 445
5 0 355
3 2 619
4 1 614
0 0 59
0 1 59
1 2 678
5 2 659
2 1 869
3 1 49
3 0 58
4 2 931
1 0 59
4 0 48
3 2 292
2 0 267
5 1 1074
2 2 472
4 1 305
5 0 258
1 2 544
5 2 405
3 0 51
0 2 1363
2 1 1129
3 2 254
3 3 253
0 0 55
0 1 68
4 2 1096
4 0 47
2 0 255
2 2 258
1 3 1409
4 1 264
3 1 47
3 0 49
5 1 1326
1 0 43
3 3 484
5 0 398
0 2 1102
5 2 495
1 2 496
0 0 43
0 1 43
4 2 1077
3 0 52
3 1 63
4 0 58
2 1 1403
2 2 250
2 0 267
3 2 593
4 1 589
5 1 1391
1 3 1478
3 1 50
3 0 56
0 2 1093
4 2 1031
5 2 255
5 0 278
0 0 64
0 1 81
4 0 54
1 1 52
1 0 58
2 1 973
5 3 683
3 2 693
1 2 421
4 1 552
2 0 287
3 1 54
2 2 333
0 2 808
4 2 819
2 1 618
5 2 261
4 0 54
3 2 457
1 1 66
1 0 69
3 3 475
5 0 562
0 0 116
0 1 122
5 3 657
1 2 415
4 1 558
4 2 583
2 0 282
3 0 80
3 1 80
2 2 336
4 0 45
3 2 496
0 2 837
5 0 360
1 0 73
5 2 388
4 1 490
2 1 883
0 0 52
0 1 53
1 2 336
3 0 47
2 2 291
3 2 262
2 0 419
4 2 1060
3 3 418
4 0 45
4 1 262
5 1 1402
3 1 47
0 2 1129
1 3 1364
0 0 65
0 1 73
5 2 252
3 2 273
1 0 43
2 1 1420
5 0 510
3 3 513
4 2 1070
4 0 58
1 2 479
2 0 390
3 0 48
2 2 485
4 1 379
3 3 259
3 2 373
5 1 1284
0 2 1202
0 0 61
0 1 59
5 2 251
5 0 261
5 3 267
1 3 1257
4 2 1079
2 1 1374
3 1 60
4 0 63
1 1 80
1 0 88
0 2 736
3 2 491
4 1 493
3 3 582
2 1 571
2 0 737
0 0 84
0 1 72
5 1 601
5 0 664
4 3 901
3 1 49
3 0 60
2 2 919
0 3 278
1 2 943
5 2 1016
1 0 57
3 3 360
4 0 51
2 0 585
2 1 662
5 0 371
3 0 51
3 1 58
2 2 931
3 2 257
4 2 956
1 3 1006
1 2 1035
5 1 820
4 3 1034
2 0 257
5 2 915
2 2 538
2 1 537
1 0 107
3 0 66
4 0 62
5 0 487
5 3 500
3 3 389
3 2 390
1 2 443
4 3 500
5 1 780
2 0 259
2 2 310
4 2 777
1 3 936
3 1 53
2 1 618
5 2 298
4 0 81
1 1 91
1 0 115
5 0 546
3 3 558
5 3 659
1 2 347
4 2 378
3 2 677
2 0 290
4 1 535
2 2 331
2 1 512
4 0 67
3 1 62
1 0 82
1 1 82
3 2 272
4 2 479
5 0 493
5 1 521
3 3 550
4 3 694
2 1 421
2 0 484
5 2 892
1 2 914
4 0 54
5 0 274
5 1 288
4 1 266
2 2 990
5 2 696
4 3 652
2 3 261
2 1 261
2 0 263
4 0 48
5 0 375
5 3 424
5 2 434
4 2 255
4 1 302
4 0 47
2 0 478
5 0 476
2 2 523
2 1 547
4 1 260
5 2 533
5 1 593
4 2 466
4 0 54
5 0 401
5 1 406
4 1 265
2 0 324
2 1 324
5 2 616
5 0 262
5 1 263
2 2 819
4 3 848
2 0 263
4 0 52
2 1 306
5 2 783
4 1 387
4 2 519
5 0 308
2 2 855
5 1 452
4 0 76
5 2 664
4 2 291
5 0 255
5 1 261
4 3 814
5 2 688
4 0 52
5 0 259
4 1 468
5 3 473
4 3 592
5 2 617
4 0 37
5 0 262
4 2 442
4 3 484
5 1 443
5 2 477
4 0 43
4 1 263
5 2 259
5 0 260
4 2 402
5 1 402
4 0 45
4 1 297
4 2 386
5 0 265
5 2 260
5 1 353
4 0 42
4 1 253
4 2 298
5 0 253
5 2 260
5 1 295
4 0 39
4 1 253
4 3 258
5 0 263
5 1 280
5 2 272
4 0 36
4 1 256
4 2 250
5 0 252
5 1 261
5 2 267
5 0 253
5 1 254
5 2 403
5 3 251
5 0 254
5 2 335
5 3 253
5 0 254
5 2 279
5 3 253
5 0 254
5 2 259
5 3 256
5 0 267
5 2 278
5 0 252
5 1 256
5 2 265
5 0 251
5 1 254
5 2 263
5 0 252
5 1 259
5 2 270
