0 0 303
0 1 311
0 2 510
0 1 58
0 0 62
0 2 292
0 0 59
0 1 54
0 2 289
0 1 52
0 0 53
0 2 287
1 1 63
1 0 69
1 2 316
0 0 62
0 1 67
1 0 63
0 2 303
1 2 307
1 3 364
0 1 85
0 0 87
1 0 93
1 1 90
0 2 309
1 2 336
1 0 57
0 0 58
0 1 67
1 2 289
1 3 398
0 2 515
1 0 52
1 1 51
1 2 287
0 1 48
0 0 52
0 2 286
1 1 48
1 0 50
1 2 359
0 1 48
0 0 55
0 2 289
1 1 50
1 0 52
1 2 326
0 0 55
0 1 50
1 1 50
1 0 53
0 2 297
1 2 306
1 0 81
1 1 88
0 1 63
0 0 65
2 0 319
2 2 384
2 1 425
1 2 542
0 2 485
1 1 64
1 0 66
2 1 294
2 0 295
2 3 303
1 2 361
0 0 69
0 1 71
0 3 295
1 0 58
2 0 293
0 1 66
0 0 71
1 2 585
1 3 593
2 2 586
2 1 612
0 2 440
1 0 53
1 1 55
2 2 344
2 0 348
1 3 496
2 1 495
0 1 57
0 0 58
1 0 54
1 1 55
0 2 293
1 2 389
2 1 354
2 0 349
2 2 396
0 1 59
0 0 88
1 0 66
1 1 60
0 2 290
1 2 300
2 1 350
2 2 351
2 0 353
1 0 49
1 1 50
0 1 53
0 0 56
1 2 286
0 2 412
3 0 75
3 1 79
2 0 361
2 1 419
2 3 425
1 0 58
3 2 500
1 2 376
1 3 409
0 1 55
0 0 59
3 1 85
3 0 90
3 2 382
2 0 377
2 2 370
0 2 572
1 1 58
1 0 72
2 1 571
1 2 298
3 1 47
0 1 150
0 0 157
3 2 369
3 3 389
1 1 63
1 0 67
2 2 418
2 0 477
0 2 652
1 2 429
2 1 745
3 1 154
3 2 394
3 3 423
0 1 97
0 0 103
1 0 168
2 0 466
2 2 480
3 1 60
3 0 71
2 1 685
1 2 447
3 3 300
0 2 817
1 3 747
0 1 74
0 0 93
3 0 76
3 1 94
2 2 429
2 0 442
1 1 64
1 0 67
3 2 399
2 1 715
0 2 591
1 2 361
3 1 58
3 0 71
2 2 294
2 1 313
2 0 321
0 0 167
0 1 87
1 0 75
3 2 402
1 2 292
0 2 642
1 3 570
3 0 117
3 1 133
2 2 412
3 2 463
2 0 442
0 1 72
2 1 491
0 0 83
1 0 77
1 2 287
3 1 55
3 0 142
0 2 724
1 3 727
2 0 300
3 2 572
2 1 438
2 3 501
1 1 255
1 0 285
0 1 184
3 1 153
0 0 200
3 0 179
1 2 324
0 2 334
3 2 317
2 1 369
2 2 364
2 0 371
1 0 60
1 1 61
3 0 50
1 3 292
3 2 295
3 3 297
0 1 266
0 0 272
4 0 237
4 1 487
2 0 330
0 2 803
3 1 294
3 0 289
1 0 103
4 3 798
1 1 109
2 1 680
2 2 688
3 3 473
0 0 68
0 1 80
1 2 464
4 0 167
3 1 70
1 1 70
1 0 72
4 3 489
2 0 598
0 2 762
1 2 410
2 3 555
3 3 511
3 2 541
4 2 863
2 1 943
0 0 251
0 1 244
1 1 100
1 0 202
3 1 165
0 2 617
1 2 556
4 0 189
3 2 688
3 3 626
2 2 347
0 1 125
1 0 129
0 0 143
1 1 140
2 0 629
4 1 788
4 2 822
2 1 931
4 0 117
1 2 847
0 3 935
3 0 295
1 1 143
1 0 128
5 0 955
4 1 828
5 2 1094
5 1 1193
0 1 79
0 0 80
3 2 888
2 0 1026
4 2 1207
2 2 1040
1 2 860
4 0 64
3 3 1118
2 1 1454
1 0 234
4 1 614
5 0 826
5 2 890
5 1 1309
2 0 703
3 1 206
2 2 822
1 2 1039
3 2 459
4 2 1467
0 2 2017
5 2 469
4 0 81
3 3 760
0 0 86
0 1 100
1 3 1502
5 0 744
4 1 434
3 1 227
3 0 234
1 0 96
1 2 304
5 1 1415
3 2 457
5 2 301
0 2 1529
5 0 468
4 2 1556
3 0 248
3 1 255
4 0 75
0 0 85
0 1 97
2 1 3250
3 3 465
4 1 313
1 3 1525
5 1 1417
2 2 442
2 0 454
3 1 61
1 0 150
1 1 153
5 2 580
3 2 707
2 1 1170
0 2 1470
3 3 722
4 2 1464
5 3 699
5 0 724
1 2 723
0 0 440
4 0 441
0 1 458
1 1 99
1 0 117
2 0 754
3 1 70
3 0 71
3 2 290
5 0 294
2 2 1210
0 2 1217
2 1 1410
4 2 1225
4 3 1260
0 0 256
3 0 123
0 1 302
3 1 136
1 2 1188
3 2 433
2 0 463
1 0 68
4 0 52
5 2 1338
4 1 288
2 2 999
3 0 59
1 2 696
0 2 1243
3 2 287
2 1 1247
3 3 294
5 1 2073
0 1 95
0 0 256
4 2 1402
3 1 77
3 0 96
1 3 1612
4 0 72
2 0 631
2 2 658
5 0 636
5 2 645
3 2 579
4 1 591
1 0 62
3 1 59
3 0 67
1 2 295
3 2 292
0 2 1479
0 1 69
0 0 74
2 1 1758
5 1 1700
4 2 1282
4 0 89
3 1 252
3 0 253
2 2 826
2 0 879
5 2 670
1 3 1673
5 0 725
4 1 564
3 2 734
3 0 56
0 2 1354
2 1 1386
1 0 96
3 2 402
3 3 410
1 1 119
0 1 260
0 0 285
5 1 1575
4 2 1533
1 2 756
2 0 486
3 1 86
3 0 314
4 0 290
1 0 99
2 2 916
5 3 731
0 2 1291
4 1 605
2 1 1113
5 0 892
5 2 921
3 3 712
0 1 269
0 0 284
1 2 764
2 0 444
2 2 504
3 1 71
3 0 88
1 3 1271
4 2 1519
5 0 443
5 2 457
4 0 70
0 2 1245
0 0 182
0 1 191
5 3 831
2 1 1277
1 0 73
3 2 892
4 1 811
3 0 81
3 1 78
1 2 592
2 0 460
3 2 307
4 2 1170
2 2 699
5 0 329
4 0 51
5 2 562
3 1 54
0 2 1345
0 1 67
0 0 69
3 3 555
4 1 715
1 3 1786
3 2 718
2 1 1700
2 0 515
5 1 1915
3 0 81
3 1 101
1 0 225
4 2 1500
1 1 231
2 2 573
4 0 47
0 2 1229
3 2 539
5 0 430
1 2 793
0 0 86
0 1 82
4 1 525
5 2 603
3 0 178
2 1 1392
1 0 84
1 1 72
3 2 410
3 3 531
1 2 474
5 1 1234
2 0 408
2 2 609
4 2 1493
0 2 1165
3 1 219
4 0 95
2 1 1045
5 2 450
0 1 75
0 0 86
5 0 736
2 2 288
4 2 652
5 3 1022
3 3 911
2 1 449
2 0 497
3 2 1180
4 1 1185
0 3 1158
4 0 218
3 0 64
4 1 360
5 2 692
2 2 682
5 0 736
2 0 781
3 2 357
5 1 914
2 1 914
3 3 481
4 2 1079
4 0 64
4 1 292
3 1 62
5 2 671
2 2 679
5 0 773
2 0 784
3 2 301
5 1 923
2 1 926
3 3 476
4 2 898
4 0 64
2 2 436
3 1 55
3 0 68
5 3 645
4 1 633
5 0 775
2 0 787
5 1 912
2 1 925
4 2 907
3 3 487
4 0 67
2 0 589
3 0 67
3 1 67
2 2 696
2 1 797
5 2 521
4 2 643
5 3 554
3 2 544
2 1 286
2 2 289
3 0 50
4 1 1130
5 0 1269
4 0 62
2 0 774
4 2 293
3 3 625
3 2 648
4 1 646
4 0 59
5 2 437
3 1 49
5 0 731
5 1 791
2 3 606
2 0 661
2 1 731
4 1 812
3 2 757
4 2 882
3 3 784
5 2 430
4 0 67
5 0 572
5 1 571
4 1 456
3 1 66
2 1 447
4 3 659
2 0 636
2 2 792
5 3 693
3 2 698
5 2 723
4 0 61
5 0 853
3 3 845
2 0 656
4 2 802
2 1 822
4 3 840
2 2 966
5 0 589
5 2 608
4 0 66
5 1 680
2 0 464
2 1 752
5 0 293
2 2 837
4 3 675
4 2 699
5 2 710
5 1 726
4 0 59
5 2 323
5 0 329
5 1 439
4 1 287
4 2 393
4 0 51
5 0 325
5 1 460
5 2 460
4 2 425
4 3 430
4 0 57
5 0 340
5 1 340
5 2 449
4 1 300
4 3 401
4 0 58
5 0 302
5 2 290
5 3 384
4 2 406
4 1 503
4 0 59
5 2 323
5 0 330
4 1 290
5 1 514
4 2 477
4 0 68
5 1 331
5 0 336
4 1 294
5 2 563
4 3 522
4 0 62
5 2 352
5 0 365
5 1 452
4 1 289
4 2 387
4 0 46
5 0 298
5 1 398
5 2 405
4 2 399
4 3 406
4 0 49
5 0 298
5 1 294
4 1 288
5 2 446
4 3 450
5 2 291
5 0 293
5 1 297
4 0 47
4 3 286
4 2 287
5 2 333
5 0 334
4 0 48
5 1 358
4 1 287
4 2 308
4 0 48
5 2 286
5 0 289
5 3 370
4 2 297
4 1 386
4 0 51
5 2 285
5 0 292
5 3 389
4 2 397
4 1 500
4 0 51
5 0 324
5 2 517
5 3 521
4 3 508
4 1 519
4 0 49
5 0 290
5 2 294
4 2 289
5 3 506
4 1 573
5 2 284
5 1 287
5 0 287
5 0 290
5 2 285
5 1 287
5 2 284
5 1 285
5 0 286
