0 1 264
0 0 263
0 2 397
0 1 93
0 0 93
0 2 229
0 1 36
0 0 40
0 2 186
0 1 35
0 0 42
0 2 179
0 0 47
0 1 47
0 2 183
0 0 99
0 1 47
0 2 190
1 1 36
1 0 45
1 2 242
0 1 40
0 0 42
1 0 39
0 2 192
1 2 208
1 3 267
1 1 33
1 0 37
0 0 93
0 1 88
1 2 223
0 2 236
1 0 32
1 2 189
1 3 191
0 1 54
0 0 56
0 2 180
1 1 58
1 0 61
1 2 196
0 0 35
0 1 37
0 2 182
1 0 44
1 1 43
1 2 197
0 0 36
0 1 36
0 2 191
1 1 36
1 0 46
1 2 180
0 1 53
0 0 58
1 0 50
1 1 56
0 3 259
1 2 239
1 0 35
1 1 44
1 2 190
0 0 44
0 1 44
0 2 204
1 0 36
1 1 45
1 2 179
0 0 38
0 1 39
0 2 180
1 0 34
1 2 181
1 3 181
2 2 185
2 0 203
0 1 46
0 0 50
2 1 214
0 2 213
1 0 71
1 1 42
1 3 181
2 1 186
2 0 188
2 3 187
0 0 36
0 1 46
1 0 36
1 1 36
0 2 179
1 2 187
2 2 195
2 0 200
2 1 205
1 1 83
1 0 106
0 1 99
0 0 101
3 1 105
3 0 104
1 2 200
0 2 203
3 2 202
2 2 301
2 0 310
2 1 312
3 1 95
4 0 91
1 1 102
1 0 108
3 0 111
0 1 39
0 0 43
3 2 302
4 1 359
0 2 182
4 3 421
1 2 451
4 0 30
3 1 63
1 0 47
2 0 343
3 2 190
4 2 502
3 3 314
4 3 577
2 1 541
2 2 604
0 1 45
1 2 457
1 3 466
0 0 65
4 0 41
0 2 307
4 1 191
3 1 45
4 2 281
3 2 199
1 0 49
1 1 51
3 3 408
2 1 321
2 2 398
2 0 399
4 0 32
1 2 267
4 1 181
4 2 183
0 1 37
0 0 42
3 0 38
3 1 39
0 2 183
3 3 181
1 0 45
1 1 48
2 0 191
4 0 40
2 3 210
2 1 222
1 2 204
4 1 210
4 2 218
3 1 31
3 0 37
3 2 182
0 0 54
1 0 39
4 0 49
0 1 57
4 1 188
2 0 193
1 2 289
2 2 296
3 1 32
3 0 34
0 2 626
4 2 621
3 2 179
1 3 696
2 1 663
4 0 41
4 1 181
4 2 186
1 1 32
1 0 37
0 1 35
0 0 34
1 2 201
2 0 184
2 2 203
0 2 392
3 1 35
3 0 37
4 0 38
2 1 412
3 2 182
4 3 194
4 2 207
1 0 31
1 3 179
1 2 179
0 0 65
0 1 66
3 0 80
4 0 67
3 1 86
2 2 193
2 0 201
3 2 377
4 1 363
2 1 454
0 2 488
4 2 463
1 0 32
4 0 42
1 2 282
3 0 43
3 1 39
1 3 327
2 2 183
0 0 47
2 0 201
0 1 56
4 1 375
3 2 377
4 2 427
2 1 430
0 2 354
4 0 35
1 1 38
1 0 38
4 2 186
4 1 190
1 2 183
3 0 34
3 2 182
3 3 182
2 0 183
2 2 183
2 1 187
4 0 40
0 1 43
0 0 42
4 1 189
1 1 37
1 0 38
3 0 33
3 1 40
3 3 180
4 2 457
0 2 461
1 3 388
4 0 34
4 1 193
2 2 218
2 0 240
4 2 351
5 2 218
5 0 231
2 1 545
1 0 86
0 1 78
1 1 95
0 0 88
3 1 84
4 0 35
5 1 576
1 2 191
3 3 189
3 2 308
4 1 284
0 2 412
4 2 425
5 2 184
2 3 188
5 0 289
2 0 287
5 1 407
1 0 35
1 1 46
2 1 357
3 1 40
4 0 60
1 2 184
4 2 282
3 3 280
0 0 37
0 1 37
4 1 464
3 2 468
5 2 179
5 0 184
5 1 189
0 3 350
4 0 37
2 0 187
2 2 197
3 0 51
1 1 50
1 0 54
4 1 241
2 1 320
4 2 317
1 2 186
3 3 200
3 2 252
5 0 182
5 1 181
5 2 182
0 1 42
4 0 37
0 0 47
4 1 182
3 1 34
1 1 39
1 0 42
3 2 206
2 2 280
0 2 469
4 2 466
2 0 349
2 1 397
3 3 369
5 3 210
1 2 380
5 2 337
5 0 342
4 0 42
4 1 181
4 2 181
0 1 76
0 0 93
3 1 97
3 0 105
1 1 61
1 0 62
4 0 36
3 2 347
5 2 343
1 2 331
2 0 374
5 0 378
2 3 398
4 1 266
0 2 590
5 1 587
2 1 595
4 2 449
3 1 36
3 0 40
5 2 186
5 1 195
1 0 33
3 3 395
0 1 74
4 0 77
0 0 83
5 0 460
4 1 204
2 0 279
1 2 444
2 2 337
3 1 48
1 3 762
5 2 199
3 2 196
4 2 688
4 0 42
0 2 828
5 0 385
3 3 385
1 0 47
2 1 873
4 1 189
1 2 199
0 1 45
0 0 47
2 0 189
2 2 195
5 1 824
3 0 42
3 1 48
4 2 724
4 0 68
5 2 205
5 0 214
1 3 828
3 2 493
0 2 849
2 1 879
5 3 538
1 1 40
1 0 44
4 2 464
4 1 485
1 2 259
2 0 188
3 1 66
0 1 75
0 0 77
3 0 226
2 1 368
4 0 49
0 2 365
5 0 328
2 2 505
3 2 532
5 2 531
4 3 387
5 3 616
4 1 454
1 0 45
1 1 48
3 0 47
1 2 205
4 0 42
3 2 196
0 1 45
0 0 46
5 2 470
4 3 472
3 3 514
5 0 527
2 0 514
2 2 524
4 2 588
5 1 623
2 1 597
0 2 472
1 0 79
3 0 79
3 1 84
4 0 40
3 2 192
5 0 361
2 0 359
0 0 38
0 1 40
5 2 643
1 2 664
5 1 699
2 2 682
4 3 657
1 3 737
4 2 734
2 1 809
3 0 55
3 1 77
0 2 550
5 0 314
1 0 56
5 2 317
4 0 35
5 3 456
2 0 216
3 2 502
1 2 382
2 2 375
4 1 319
0 1 31
0 0 33
2 1 541
1 3 548
4 2 582
3 0 57
3 1 57
5 0 187
5 2 186
3 2 190
4 0 37
1 1 38
1 0 55
0 2 523
5 1 496
4 3 464
4 2 480
2 0 267
1 2 504
2 1 363
5 0 181
3 0 44
2 2 426
4 0 34
5 1 272
0 1 41
0 0 46
5 2 379
3 3 189
0 2 193
1 0 34
4 3 280
3 2 328
4 1 328
1 3 194
1 2 212
4 0 35
2 2 264
3 0 38
3 1 38
5 3 346
2 0 458
4 1 269
2 1 508
5 0 498
5 1 533
4 2 413
3 3 334
1 0 42
0 1 40
0 0 43
1 2 184
4 0 33
5 2 182
5 0 183
1 3 367
5 3 244
0 2 413
3 1 61
2 2 274
3 0 63
2 0 285
4 1 379
4 2 495
3 2 232
2 1 462
1 1 33
1 0 40
4 0 36
5 0 182
5 1 182
0 1 40
4 1 187
0 0 50
1 2 421
0 2 190
3 0 69
3 1 79
5 2 474
4 3 478
3 2 216
2 0 208
2 1 203
2 2 243
1 0 49
4 0 65
1 1 54
5 0 287
4 1 206
5 2 421
5 1 447
1 2 333
4 2 360
3 1 45
0 1 38
0 0 44
3 2 187
3 3 188
4 0 52
0 2 302
2 0 262
5 3 193
2 2 356
5 0 264
2 1 411
4 2 374
4 3 438
5 2 425
3 0 46
3 1 50
4 0 43
3 2 271
0 0 40
0 1 49
4 1 261
5 1 252
5 0 255
0 3 231
2 0 258
4 3 407
2 1 270
5 2 440
2 2 380
3 0 39
4 0 32
3 2 193
3 3 194
4 3 211
4 2 220
5 0 190
5 2 212
5 1 227
4 0 41
2 2 181
3 1 37
2 0 217
2 1 300
4 1 289
4 2 374
3 3 295
3 2 292
5 2 187
5 0 270
5 1 278
4 0 43
4 1 209
3 0 49
2 2 199
4 2 342
2 0 304
3 2 203
5 2 190
2 1 400
5 1 313
3 3 408
5 0 388
4 0 42
4 1 188
4 2 198
3 1 51
3 2 202
5 2 330
5 1 364
2 2 330
2 1 350
4 0 37
5 0 535
3 3 550
4 1 195
4 3 200
2 0 550
3 1 43
3 0 44
5 2 186
5 3 189
5 0 323
4 0 52
3 3 493
2 2 301
4 1 196
2 0 397
2 1 422
4 2 316
3 0 50
5 2 182
3 1 53
5 0 193
5 1 196
3 2 182
2 2 185
2 0 183
2 1 185
5 2 180
5 1 184
5 0 190
3 0 48
3 3 184
3 2 184
3 1 37
2 2 428
2 1 441
5 2 332
5 1 345
3 2 188
2 0 496
5 0 435
3 3 353
5 2 180
5 0 182
5 1 182
3 1 38
2 2 181
2 1 186
2 0 254
3 2 183
3 3 247
5 2 179
5 0 183
5 1 186
2 3 186
2 0 187
2 1 189
5 0 182
5 1 183
5 2 183
2 0 271
2 1 280
2 2 280
5 0 277
5 2 279
5 1 280
5 3 180
5 2 231
5 0 237
2 1 185
2 2 237
2 0 238
5 3 179
5 2 180
5 0 179
2 2 179
2 0 180
2 1 182
5 3 180
5 2 180
5 0 182
5 0 186
5 2 180
5 3 181
5 0 181
5 1 182
5 2 185
5 1 181
5 0 182
5 2 179
5 0 180
5 1 180
5 2 181
