0 1 274
0 0 276
0 2 434
0 1 67
0 0 67
0 2 231
0 1 45
0 0 52
0 2 217
0 0 42
0 1 42
0 2 220
1 1 59
1 0 57
1 2 234
0 1 49
0 0 58
0 2 230
1 0 65
1 3 300
1 2 305
0 1 113
0 0 137
1 1 95
1 0 101
0 2 415
1 2 403
2 0 321
2 1 350
2 2 355
1 0 59
0 1 93
0 0 116
1 2 380
1 3 532
2 0 256
2 3 250
0 2 557
2 1 478
1 1 53
1 0 67
1 2 333
0 0 66
0 1 85
2 2 220
2 0 222
0 2 439
2 1 416
1 0 51
1 1 47
1 2 219
0 1 74
0 0 86
2 0 264
2 2 260
2 1 530
1 1 76
1 0 168
0 2 529
1 2 280
0 0 61
0 1 72
2 0 261
2 2 261
1 1 46
2 1 355
1 0 51
0 2 312
1 2 219
1 0 100
1 1 98
2 0 260
2 1 273
0 0 92
0 1 90
2 2 328
0 2 278
1 2 324
1 1 52
1 0 60
2 0 224
2 1 224
2 3 231
1 2 227
0 0 45
0 1 43
0 3 220
3 1 46
3 0 53
1 0 49
3 2 348
2 0 337
2 2 507
2 1 516
0 1 49
0 0 50
1 2 517
1 3 554
3 0 58
3 1 55
0 2 289
3 2 324
1 0 64
1 1 66
2 2 232
2 0 241
1 3 425
2 1 429
3 1 51
0 0 64
0 1 64
3 3 371
1 1 52
1 0 55
3 2 393
0 2 230
1 2 310
2 0 228
2 1 229
2 2 301
3 1 35
3 2 217
3 3 218
0 1 46
0 0 51
1 1 49
1 0 48
0 2 226
1 2 219
2 2 253
2 1 259
2 0 262
3 0 49
3 1 49
3 3 249
1 1 42
1 0 53
0 0 44
0 1 45
1 2 219
0 2 336
3 1 50
3 0 62
2 2 310
2 0 328
3 2 223
2 1 351
1 0 38
1 2 217
1 3 219
3 1 42
3 0 46
0 1 44
0 0 54
3 2 393
2 0 222
2 2 219
0 2 536
1 1 41
1 0 45
2 1 373
1 2 222
3 1 42
3 0 52
3 2 223
0 1 48
0 0 53
2 3 226
2 0 233
2 1 389
0 2 528
1 0 102
3 1 82
3 0 85
1 1 104
1 2 229
3 2 229
0 0 52
0 1 53
2 2 215
2 0 219
2 1 283
1 0 41
3 0 43
3 1 48
1 2 309
0 2 499
3 2 224
1 3 438
2 1 225
2 2 237
2 0 260
3 0 69
1 1 88
1 0 109
0 0 77
0 1 74
3 2 234
1 2 221
3 3 258
0 2 235
4 0 38
4 3 213
4 1 216
3 1 48
3 0 52
1 0 53
2 3 233
2 1 336
1 2 216
2 0 550
0 0 68
3 3 554
0 1 75
4 0 66
1 3 624
4 3 217
3 1 37
0 2 534
4 2 544
1 0 47
3 2 232
3 3 317
2 2 251
2 0 318
2 1 527
4 0 69
0 1 64
0 0 66
1 2 556
4 1 231
3 1 49
1 3 841
3 3 228
3 2 250
4 2 607
0 2 610
1 0 275
2 0 411
1 1 284
4 0 263
2 2 491
2 1 564
3 0 44
4 1 403
1 2 475
0 0 52
0 1 59
4 2 559
3 3 246
3 2 249
0 2 438
4 0 78
1 0 73
1 1 73
4 1 250
2 2 229
2 0 231
3 1 46
0 1 52
3 2 223
0 0 54
3 3 232
4 2 848
2 1 858
1 3 829
4 0 68
2 2 321
3 0 63
2 0 329
3 1 65
4 1 393
1 1 49
1 0 52
0 2 835
1 2 220
3 2 269
4 2 684
2 1 668
4 0 47
0 1 52
0 0 53
4 1 408
3 1 47
3 0 55
4 2 671
1 0 202
1 1 208
4 0 41
2 2 569
2 0 621
3 3 621
0 2 927
1 2 668
5 0 662
2 1 1057
0 0 53
0 1 57
3 1 191
5 2 898
1 0 57
1 1 64
5 1 973
4 3 977
3 2 346
4 2 1113
3 3 759
2 0 674
4 0 52
2 2 749
5 0 571
1 2 753
5 2 629
0 2 1038
2 1 846
4 1 338
5 1 978
3 1 201
3 0 218
1 1 216
1 0 227
0 1 115
0 0 118
2 0 449
4 2 868
3 2 563
0 3 445
5 0 330
1 2 735
4 0 79
2 2 778
3 1 66
3 0 67
2 1 826
5 2 605
5 1 797
1 0 59
1 1 67
0 0 50
0 1 50
4 1 641
3 2 634
2 0 478
4 2 831
5 0 488
3 0 46
4 0 41
1 2 754
2 2 768
5 2 759
1 0 47
3 3 344
2 1 978
3 2 482
1 2 233
5 1 1101
4 1 494
3 1 53
3 0 52
0 2 1250
2 2 457
2 0 465
5 3 408
0 0 57
0 1 49
5 2 453
5 0 475
4 2 1036
4 0 37
3 2 426
2 1 1008
4 1 280
1 3 1272
3 0 67
3 1 69
1 0 53
5 0 567
5 2 590
3 2 256
2 0 547
0 2 1074
2 2 629
4 2 988
0 1 108
0 0 112
1 2 431
4 0 42
5 1 992
4 1 389
3 0 211
3 1 216
2 1 1238
3 2 385
5 2 288
5 0 321
2 2 290
2 0 311
0 2 1023
4 2 968
0 1 81
0 0 88
4 0 90
3 0 85
3 3 231
2 1 892
5 1 1079
4 1 430
3 2 433
3 1 56
3 0 58
0 2 992
4 2 992
2 2 457
5 2 468
4 0 64
0 0 67
0 1 61
1 3 2616
5 0 577
2 0 584
4 1 371
3 3 569
1 1 49
1 0 52
5 1 1271
1 2 416
3 0 63
2 1 1328
3 1 72
4 2 997
0 2 992
4 0 59
0 0 58
0 1 75
3 2 405
5 2 406
5 3 439
5 0 458
2 2 403
2 0 597
1 1 88
1 0 249
3 1 78
3 0 84
2 1 718
1 2 221
4 2 711
0 2 695
4 1 746
4 0 43
3 2 587
5 2 390
5 0 397
2 0 340
0 1 79
1 0 69
0 0 83
2 2 378
3 1 40
5 3 653
4 1 534
1 2 261
3 3 221
4 2 606
2 1 603
3 2 437
4 0 50
0 2 829
4 1 331
5 2 360
5 0 376
3 1 43
3 0 49
2 2 366
2 0 375
0 0 58
0 1 48
3 2 332
4 2 932
5 1 930
4 0 42
4 1 254
5 2 253
5 0 267
3 0 42
3 2 222
1 3 1978
3 3 236
2 1 1303
0 2 1120
1 0 59
0 1 56
0 0 60
5 1 937
4 2 971
2 0 351
3 1 99
4 0 66
2 2 614
1 2 642
5 2 453
5 0 483
3 3 480
2 1 876
3 2 679
5 3 699
4 1 660
2 2 215
2 0 225
4 2 768
1 3 1294
0 2 1284
4 0 53
3 0 210
0 1 87
0 0 99
5 2 274
1 1 49
1 0 50
2 1 936
4 1 545
3 2 547
3 3 468
5 0 503
1 2 330
2 0 439
2 2 435
3 1 40
5 1 905
4 2 1142
0 2 1044
4 0 45
3 2 266
3 3 327
0 1 84
0 0 91
1 0 87
2 1 873
4 1 304
5 0 343
5 2 357
3 1 45
3 0 44
1 2 491
2 2 267
2 0 412
3 3 411
4 2 1110
1 3 1004
5 1 1347
4 0 49
0 2 1240
3 1 121
2 1 999
3 0 157
4 3 281
0 1 84
0 0 252
1 0 59
5 0 481
4 1 665
1 2 221
2 0 329
4 0 38
3 2 910
5 3 901
3 0 41
2 3 716
4 3 217
5 1 1056
3 3 218
1 3 872
3 2 262
0 2 1120
2 1 902
0 1 69
0 0 72
4 2 685
3 1 69
1 1 88
1 0 202
5 2 562
4 0 43
5 0 615
0 3 744
2 1 390
5 3 789
4 2 332
3 2 505
2 0 566
3 3 547
1 2 900
2 2 810
1 0 88
1 1 87
4 3 796
3 1 46
3 2 226
5 1 549
4 0 165
5 0 631
2 1 555
4 1 231
5 2 770
2 0 687
1 2 770
3 3 662
2 2 705
4 2 321
5 2 215
5 0 223
5 1 233
4 0 38
2 0 229
2 1 425
4 2 431
4 3 431
2 2 432
5 2 351
5 0 223
5 3 218
4 0 34
4 3 215
4 1 221
5 0 217
5 2 217
5 1 230
4 0 34
4 1 217
4 2 218
5 0 227
5 2 224
5 1 243
4 0 48
4 1 222
4 2 234
4 0 52
5 0 242
5 1 245
5 2 297
4 1 221
4 3 273
4 0 41
5 0 233
5 2 239
5 1 322
4 1 222
4 2 306
4 0 38
5 0 240
5 2 368
5 1 385
4 3 348
4 2 363
4 0 36
5 0 237
5 2 423
5 3 428
4 3 401
4 1 414
4 0 59
5 0 220
4 3 403
4 2 409
5 2 391
5 1 401
4 0 37
4 1 248
5 2 219
5 0 225
4 2 374
5 1 359
4 0 34
4 1 247
4 2 325
5 0 218
5 2 214
5 1 301
4 0 37
4 1 216
4 2 239
5 2 215
5 0 216
5 1 238
4 0 34
4 3 214
4 1 215
5 2 216
5 0 219
5 1 222
4 0 36
4 1 216
4 2 216
5 2 215
5 0 216
5 1 217
5 0 218
5 1 220
5 2 215
5 0 217
5 2 216
5 3 217
5 2 219
5 0 221
5 3 216
5 2 215
5 0 217
5 3 218
5 2 214
5 3 219
5 0 223
5 2 215
5 1 215
5 0 216
5 2 225
5 1 241
5 0 241
5 2 216
5 1 219
5 0 220
