0 1 258
0 0 261
0 2 304
0 0 24
0 1 22
0 2 79
0 0 27
0 1 21
0 2 77
0 0 20
0 1 20
0 2 76
0 1 24
0 0 28
0 2 75
1 1 24
1 0 27
1 2 89
0 1 24
0 0 24
0 2 76
1 0 26
1 2 77
1 3 77
2 2 76
2 1 75
2 0 91
1 1 21
1 0 22
1 2 76
0 0 19
0 1 20
0 2 78
2 1 82
2 0 83
2 3 99
1 0 22
1 3 75
1 2 77
0 1 20
0 0 20
0 2 74
2 0 78
2 2 82
2 1 78
1 0 18
1 1 25
1 2 78
0 0 22
0 1 26
0 2 78
2 2 76
2 0 78
2 1 81
1 1 17
1 0 18
1 2 74
0 1 16
0 0 18
0 2 82
2 0 80
2 2 81
2 1 96
1 0 18
1 1 22
1 2 74
2 0 100
0 1 30
2 2 107
1 0 43
2 1 109
1 1 50
0 0 48
0 2 93
1 2 112
1 1 15
1 0 16
1 2 77
2 1 75
2 3 75
2 0 80
0 1 16
0 0 17
0 3 74
1 0 16
1 1 17
1 2 74
2 2 75
2 0 76
2 1 74
0 1 15
0 0 20
0 2 78
1 0 21
1 3 74
1 2 73
3 1 16
3 0 21
3 2 73
2 1 75
2 2 76
2 0 77
0 1 16
0 0 20
0 2 74
1 1 17
1 0 17
1 3 73
3 0 17
3 1 22
3 2 75
2 1 75
2 2 73
2 0 75
0 1 15
0 0 15
0 2 76
3 1 22
1 1 23
1 0 24
1 2 73
3 2 76
3 3 88
2 1 77
2 2 74
2 0 80
3 1 16
3 3 74
3 2 76
1 1 17
1 0 28
1 2 77
0 1 15
0 0 16
0 2 72
2 1 74
2 0 74
2 2 74
3 1 15
3 0 18
3 3 73
1 1 21
1 0 22
1 2 74
0 1 18
0 0 23
0 2 81
2 1 77
2 0 82
3 1 16
3 0 21
3 2 79
1 0 17
1 3 73
2 2 444
1 2 139
0 1 17
0 0 16
0 2 81
3 0 18
3 1 20
3 2 76
2 1 74
2 3 75
2 0 79
1 0 19
1 1 19
1 2 75
3 1 14
3 0 15
3 2 84
0 0 15
0 1 16
2 2 73
0 2 111
2 0 77
2 1 114
1 1 16
1 0 20
1 2 75
3 1 14
3 0 18
3 2 87
4 0 15
4 3 73
4 1 76
1 0 19
2 0 79
2 1 86
0 1 20
2 2 94
0 0 37
1 2 95
1 3 112
0 2 144
4 0 23
3 1 23
3 0 27
4 2 79
4 3 80
3 2 79
1 0 17
1 1 18
1 2 75
2 0 74
2 3 76
2 1 76
4 0 16
4 2 76
4 1 77
0 0 18
0 1 20
0 2 77
3 0 15
3 3 72
3 2 73
4 0 16
1 0 17
4 1 75
4 2 101
1 2 73
1 3 100
2 2 73
2 0 74
2 1 74
3 1 40
3 0 44
3 3 96
0 1 15
0 0 16
0 2 74
4 0 17
4 2 74
4 1 73
1 0 16
1 3 72
1 2 74
3 1 16
3 2 75
3 3 78
2 2 73
2 1 78
2 0 119
4 0 18
4 2 74
4 1 76
0 1 15
0 0 16
0 2 74
1 1 18
1 0 18
1 2 74
3 1 14
3 2 74
3 3 75
4 0 14
4 1 79
4 2 110
2 0 81
2 2 75
2 1 117
0 1 20
0 0 17
0 2 73
1 0 18
1 1 21
3 0 25
4 0 22
4 3 76
3 2 78
3 3 81
1 3 197
4 2 114
2 2 72
2 1 74
2 0 75
4 0 14
3 1 20
4 2 75
1 1 20
1 0 23
4 1 83
3 3 75
1 2 74
3 2 125
0 1 17
0 0 16
0 2 73
2 0 74
2 1 74
2 2 72
4 0 15
4 2 74
4 1 75
3 1 14
3 0 15
3 2 75
5 2 73
5 1 74
5 0 75
1 0 19
1 1 19
1 2 72
0 1 14
0 0 17
0 2 73
4 0 18
4 2 73
4 1 74
2 2 73
2 0 73
2 1 74
3 1 17
3 0 19
5 1 74
5 2 75
5 0 114
3 3 117
1 0 16
1 1 16
1 2 73
4 0 15
4 2 74
4 1 73
0 1 14
0 0 18
0 3 75
5 1 74
5 0 77
5 2 77
3 1 15
3 2 77
2 2 72
2 1 75
3 3 119
2 0 124
1 1 15
1 0 18
1 2 79
4 0 16
4 2 72
4 1 74
5 2 73
5 0 73
5 1 74
3 0 15
3 1 15
3 2 74
0 0 20
0 1 15
4 0 22
2 0 73
2 2 76
0 2 127
4 1 78
2 1 157
1 1 23
1 0 23
4 2 150
1 2 75
5 0 75
5 3 74
5 2 73
3 1 14
3 0 16
3 2 75
4 0 17
4 2 74
4 1 74
1 0 20
2 0 75
0 0 18
0 1 20
2 2 92
2 1 106
1 2 97
1 3 164
0 2 170
5 0 75
5 2 75
5 1 105
4 0 13
3 0 17
4 2 75
3 3 73
4 1 120
3 2 125
1 0 17
5 0 104
5 2 138
2 0 108
1 2 151
5 1 179
1 3 193
2 2 171
4 0 20
2 1 187
0 0 25
0 1 23
4 1 83
4 2 154
3 0 25
3 1 22
0 2 146
3 2 78
5 2 73
5 1 74
5 0 76
1 1 20
1 0 21
4 0 24
1 2 76
4 2 75
4 1 73
2 2 73
2 1 73
2 0 73
3 1 18
3 0 19
3 2 75
0 1 15
0 0 17
0 2 73
5 2 74
5 3 75
5 0 76
4 0 21
4 2 77
4 1 79
1 0 16
1 1 18
1 2 72
3 1 15
3 0 15
3 2 74
2 2 74
2 1 77
2 0 82
4 0 19
5 0 77
5 2 74
5 3 105
4 2 74
4 1 110
0 0 20
0 1 20
0 2 77
1 0 15
1 3 75
1 2 76
3 0 19
3 2 78
3 3 77
4 0 23
4 1 75
2 2 117
2 0 117
5 2 114
5 0 116
2 1 170
4 2 193
5 1 188
0 1 15
0 0 18
0 2 73
1 0 17
3 0 20
3 1 20
1 2 76
1 3 79
3 3 75
4 0 18
4 1 88
4 2 81
5 0 147
5 1 147
5 2 146
2 0 75
2 1 74
2 2 75
4 0 15
3 1 16
3 0 19
1 0 18
1 1 20
4 3 82
4 1 120
1 2 101
3 2 146
0 0 20
5 0 79
0 1 23
5 3 96
5 2 97
0 2 80
2 1 74
2 0 74
2 2 76
4 0 17
4 2 76
4 3 75
3 1 15
3 0 16
3 2 74
5 2 73
5 0 77
5 1 82
1 0 18
1 2 73
1 3 75
0 0 18
0 1 19
0 2 73
4 0 18
4 3 72
4 2 77
2 2 76
2 0 84
2 1 86
3 1 26
5 2 73
5 1 86
3 2 82
5 0 121
3 3 127
1 0 29
1 2 75
1 3 84
4 0 16
4 1 74
4 2 75
0 1 19
0 0 23
5 3 75
5 0 80
3 0 17
3 1 19
0 2 155
5 1 159
3 2 76
2 0 76
2 2 77
2 1 103
1 0 15
1 1 15
4 0 14
1 2 87
4 2 75
4 3 85
5 0 75
5 3 75
5 2 76
3 0 17
3 3 73
3 2 76
0 0 15
0 1 17
4 0 19
0 2 105
2 0 76
4 1 75
2 1 108
2 2 137
1 0 17
1 1 17
4 3 146
1 2 85
5 0 75
5 2 75
5 1 80
3 1 15
3 3 73
3 2 74
4 0 17
4 1 73
4 2 73
2 2 74
2 0 75
2 1 75
0 1 14
0 0 16
0 2 77
5 1 75
5 0 76
5 2 76
4 0 16
3 0 15
4 2 100
3 3 74
4 1 142
3 2 125
5 2 75
5 0 100
5 3 99
2 1 76
2 3 102
2 0 102
4 0 20
0 0 21
0 1 22
4 1 74
4 3 76
0 2 78
3 1 14
3 3 72
3 2 72
5 2 73
5 0 74
5 1 75
4 0 12
4 1 74
4 2 73
2 2 72
2 0 74
2 1 76
3 0 18
3 1 16
3 3 74
0 0 15
0 1 15
0 3 80
5 1 74
5 2 73
5 0 73
4 0 13
4 3 72
4 2 75
3 1 14
3 0 18
3 2 77
2 2 73
2 0 74
2 1 75
4 0 15
5 1 75
5 0 76
4 1 77
5 2 113
4 3 114
3 0 18
3 3 72
3 2 72
4 0 15
2 0 118
5 0 119
2 2 179
2 1 188
4 3 191
4 2 201
5 2 181
5 1 191
3 1 16
3 2 75
3 3 75
4 0 16
4 1 73
4 2 74
5 1 73
5 2 73
5 0 74
4 0 14
3 1 22
4 2 76
3 3 75
4 1 119
3 2 134
5 2 73
5 0 75
5 3 86
4 0 17
4 2 74
4 1 75
5 1 75
5 2 73
5 0 74
4 0 12
4 3 72
4 1 74
5 2 73
5 1 74
5 0 74
4 0 14
4 1 72
4 2 72
5 2 73
5 1 73
5 0 73
5 2 73
5 0 73
5 1 75
5 2 72
5 1 74
5 0 75
5 1 74
5 0 74
5 2 74
5 2 74
5 0 75
5 1 77
5 2 74
5 0 78
5 3 75
5 2 74
5 3 75
5 0 77
5 2 73
5 3 73
5 0 74
5 2 73
5 3 72
5 0 74
5 1 75
5 0 75
5 2 73
5 2 73
5 0 74
5 1 77
5 1 73
5 2 72
5 0 74
