0 1 312
0 0 316
0 2 599
0 1 69
0 0 73
0 2 327
0 1 67
0 0 68
0 2 320
0 1 66
0 0 70
0 2 322
0 1 78
0 0 88
0 2 329
0 1 73
0 0 77
0 2 327
0 1 66
0 0 72
0 2 328
1 1 130
1 0 131
1 2 392
0 1 85
0 0 92
1 0 70
1 2 437
0 2 547
1 3 698
0 1 89
0 0 112
1 1 93
1 0 103
0 2 333
1 2 378
1 0 59
0 1 108
0 0 124
1 2 557
1 3 684
2 0 467
2 2 488
0 2 753
1 1 105
1 0 108
2 1 821
1 2 377
0 0 221
0 1 221
2 0 461
2 3 473
1 0 70
1 1 84
2 1 737
0 2 768
1 2 343
0 1 73
0 0 88
1 0 85
1 1 96
0 3 442
2 1 437
2 0 442
2 2 596
1 2 516
0 1 68
0 0 81
1 1 68
1 0 70
2 0 418
2 2 562
2 1 683
0 2 687
1 2 490
1 0 63
1 1 65
0 0 90
0 1 99
2 0 355
2 1 495
2 2 577
0 2 492
1 2 582
1 0 164
1 1 164
0 0 86
0 1 85
2 0 408
3 1 91
3 0 97
2 1 565
1 2 712
2 2 722
0 2 480
3 2 355
1 0 135
1 2 551
3 1 95
3 0 113
0 1 105
0 0 126
2 0 508
2 3 549
1 3 945
3 2 479
2 1 959
0 2 832
3 1 66
1 1 68
1 0 84
0 1 244
0 0 251
3 2 533
3 3 537
2 2 325
2 0 408
3 1 74
1 3 919
3 2 326
3 3 324
0 2 1022
2 1 853
0 1 124
0 0 130
1 1 89
1 0 89
2 0 501
3 0 77
3 1 76
2 2 715
0 2 771
2 1 773
1 2 709
3 3 351
1 1 86
0 0 133
0 1 121
1 0 108
3 0 70
3 1 74
2 0 488
3 2 324
0 2 768
2 1 765
2 2 769
1 2 773
1 0 223
1 1 236
0 0 111
0 1 103
3 0 71
3 1 75
2 0 333
3 2 325
1 2 730
2 2 597
0 2 648
2 1 645
1 0 62
0 0 249
3 0 256
3 1 257
0 1 249
3 2 480
2 0 323
1 2 679
2 2 519
1 3 894
3 0 65
3 1 64
0 2 995
2 1 828
3 2 496
0 0 129
0 1 129
1 0 103
1 1 123
2 0 333
3 1 76
3 0 74
2 1 632
2 2 631
0 2 625
1 2 617
3 2 329
1 0 69
1 1 76
0 0 71
0 1 81
3 0 66
1 2 496
2 3 552
2 0 571
2 1 658
4 0 66
0 2 658
3 3 400
3 2 478
1 0 318
0 0 114
0 1 105
4 1 673
4 3 693
3 1 72
3 0 89
1 2 957
2 0 583
1 3 1089
4 0 55
2 2 961
3 3 750
0 2 1361
5 0 821
1 1 120
2 1 1475
1 0 132
0 1 117
0 0 131
3 1 57
5 2 1351
4 3 1347
3 2 323
2 0 620
5 1 1626
1 2 965
4 2 1738
3 3 509
2 2 908
1 0 83
5 0 647
0 2 1576
2 1 1504
3 1 295
4 0 315
5 2 1075
0 1 178
0 0 178
1 2 1017
3 3 710
2 0 571
5 1 1680
3 2 957
4 1 970
2 3 855
1 3 1801
5 0 322
5 2 332
4 2 1548
3 0 69
4 0 81
1 0 77
0 2 1660
3 3 339
2 1 1703
0 1 75
0 0 101
1 2 341
3 2 595
5 1 1528
4 1 1013
0 3 862
3 1 92
4 2 1423
4 0 70
2 2 707
5 2 712
2 0 841
0 1 77
0 0 80
1 3 1739
3 2 470
5 0 890
4 1 467
3 3 755
2 1 1492
1 1 95
1 0 93
5 1 1651
3 1 84
3 0 96
4 2 1499
2 0 548
4 0 60
0 2 1507
1 2 784
5 0 422
2 2 1018
0 1 260
1 1 94
0 0 264
1 0 94
5 2 768
2 1 1174
3 2 961
5 3 975
4 1 884
3 1 72
3 0 88
2 2 324
4 2 1145
2 0 491
4 0 69
5 2 456
3 3 771
0 2 1454
4 1 324
5 0 625
0 0 68
0 1 73
2 1 1382
3 1 63
1 3 1699
3 2 452
5 1 1462
2 2 331
3 3 640
1 0 89
1 1 99
2 0 634
4 2 1846
0 2 1399
3 1 64
5 0 553
3 0 87
1 2 668
5 2 746
4 0 141
2 1 1197
0 1 159
0 0 173
3 2 364
1 1 211
1 0 226
3 1 65
3 0 75
5 1 1309
2 0 321
3 2 322
4 3 935
5 0 321
0 2 1256
1 2 1070
4 2 1485
2 2 1125
0 1 173
0 0 177
1 1 165
3 0 158
1 0 184
5 2 965
2 1 1421
3 3 341
3 2 346
5 1 1408
1 2 801
4 0 146
1 1 83
1 0 99
0 2 1307
3 0 90
3 1 83
2 0 707
0 0 91
0 1 91
4 1 807
5 0 673
2 2 974
5 3 858
4 2 1015
2 1 1112
5 2 970
1 2 931
3 2 762
4 0 224
1 0 146
1 1 149
3 1 119
3 0 121
0 2 986
2 0 375
4 1 888
0 1 81
0 0 80
2 2 784
5 0 457
4 2 1120
3 2 819
1 2 859
2 1 975
4 0 219
5 2 887
3 0 237
3 1 249
5 3 903
1 0 237
2 0 326
0 2 1047
4 1 806
3 2 790
0 1 73
0 0 85
1 2 827
2 2 853
3 0 76
5 0 507
5 2 612
3 2 324
4 2 1407
3 3 380
4 0 64
1 3 1753
4 1 322
3 1 70
3 0 75
2 1 1727
0 2 1542
3 3 529
5 1 1679
1 0 75
0 0 253
0 1 262
2 0 658
4 2 1442
2 2 761
3 1 82
3 0 85
5 0 436
4 0 64
1 2 869
5 2 661
3 2 531
4 1 534
3 0 65
3 1 68
2 1 1738
0 2 1509
1 3 1867
3 2 461
0 0 85
0 1 100
5 1 1718
4 2 1347
2 2 486
2 0 511
3 1 97
4 0 128
1 1 90
1 0 116
5 2 690
5 0 764
0 2 1070
2 1 1086
1 2 514
3 3 593
5 3 1076
0 1 87
0 0 232
4 2 942
4 1 1021
3 2 1013
1 0 115
1 1 120
2 0 337
4 0 69
2 2 578
3 1 79
3 0 79
4 1 503
5 0 335
1 2 773
2 1 1045
0 2 1088
5 2 507
3 2 363
1 0 231
0 0 74
0 1 76
3 0 62
2 0 375
4 2 1522
1 2 768
2 2 611
3 2 324
3 3 362
4 0 55
5 1 1886
4 1 582
3 1 73
1 3 1614
3 2 323
5 2 323
2 1 1697
1 0 64
0 2 1969
5 0 835
3 3 838
0 0 86
0 1 88
4 2 1589
2 0 474
4 0 68
0 3 551
2 2 737
1 2 732
3 0 73
5 1 1479
3 3 474
4 1 841
2 1 1303
5 0 513
1 3 1482
3 2 955
5 3 854
4 2 1399
2 2 511
2 0 539
4 0 56
5 1 1290
1 1 118
1 0 120
3 1 125
2 1 1068
4 1 594
1 2 339
3 3 347
4 2 709
3 2 523
4 0 242
1 0 90
2 0 683
2 2 718
2 1 782
3 0 81
3 1 80
5 0 725
5 3 744
4 1 740
5 2 870
4 2 918
1 2 839
3 3 606
1 3 926
4 0 69
2 2 447
2 0 525
4 1 348
3 1 81
3 0 89
5 2 511
5 0 526
1 0 76
2 1 1006
3 2 330
1 2 463
4 2 1095
2 0 326
4 0 183
5 1 1252
2 2 538
3 0 73
5 2 323
3 3 503
4 1 718
3 2 615
5 0 505
1 3 1457
2 1 1225
4 2 1290
3 1 63
5 1 1125
2 2 644
4 0 236
1 0 237
1 1 240
2 0 731
2 1 926
4 2 645
3 2 817
3 3 848
1 2 837
4 1 945
5 0 745
5 2 739
2 1 366
5 3 773
1 0 242
1 1 262
4 0 72
2 0 681
3 1 57
2 2 1044
3 3 376
4 1 686
3 2 782
5 1 572
1 2 1172
4 3 1062
5 0 716
2 3 429
2 1 454
5 2 820
2 0 531
4 0 244
5 0 507
5 2 661
5 1 686
2 0 402
4 3 931
4 2 959
5 0 403
2 2 797
2 1 818
5 2 657
5 1 675
4 0 82
2 0 617
5 0 621
4 2 939
4 3 946
2 2 937
2 1 943
5 2 928
5 1 934
4 0 71
4 1 327
2 2 744
2 0 751
5 2 615
5 0 625
2 1 942
5 1 837
4 2 715
4 0 58
5 3 322
5 0 327
4 2 325
5 2 503
4 3 663
4 0 53
5 0 328
5 1 330
4 1 335
5 2 507
4 3 516
4 0 64
5 0 342
5 2 330
5 1 402
4 1 327
4 2 419
5 0 325
5 2 327
5 1 378
4 0 55
4 1 324
4 2 343
5 0 412
5 1 411
4 0 64
5 2 452
4 1 320
4 3 364
5 1 320
5 0 326
5 2 331
4 0 54
4 2 324
4 1 324
5 0 429
5 2 442
5 1 443
4 0 58
4 2 340
4 3 343
5 0 323
5 1 330
5 2 333
4 0 49
4 1 321
4 3 325
5 0 435
5 3 433
4 0 63
5 2 466
4 2 322
4 3 363
5 0 325
5 3 325
5 2 326
4 0 60
4 2 325
4 1 326
4 0 56
5 0 326
5 2 338
4 2 328
5 3 543
4 1 548
4 0 54
4 2 329
5 0 325
5 2 321
4 1 574
5 3 570
4 0 68
4 1 334
4 3 397
5 0 324
5 1 327
5 2 396
4 0 53
4 1 331
4 2 355
5 0 322
5 2 324
5 1 358
5 1 415
5 0 414
5 2 415
