0 0 303
0 1 303
0 2 624
0 1 68
0 0 75
0 2 359
1 1 66
1 0 69
1 2 364
0 0 66
0 1 68
0 2 362
1 0 63
1 2 359
1 3 362
0 1 66
0 0 68
1 1 68
1 0 68
0 2 366
1 2 358
0 1 112
1 0 125
0 0 133
1 2 386
0 2 615
1 3 775
0 0 158
0 1 165
1 1 82
1 0 116
0 2 453
1 2 411
1 0 195
1 1 191
0 1 64
0 0 81
1 2 491
0 2 396
1 0 64
1 1 70
1 2 408
0 1 100
0 0 103
0 2 401
1 1 57
1 0 60
1 2 402
0 1 61
0 0 66
1 1 68
1 0 81
0 2 390
1 2 472
0 0 68
0 1 67
1 1 62
1 0 63
0 2 387
1 2 380
2 2 379
2 1 387
2 0 439
1 0 63
0 1 67
0 0 76
1 2 365
1 3 625
0 2 775
2 0 483
2 3 513
1 1 68
1 0 70
0 0 68
0 1 67
2 1 789
1 3 482
0 3 382
2 2 522
2 0 532
2 1 573
1 1 134
1 0 141
0 0 117
0 1 133
1 2 424
0 2 393
2 2 389
2 0 428
2 1 432
1 1 74
1 0 76
0 1 67
0 0 67
1 2 474
2 0 417
2 2 436
1 0 77
1 1 72
0 2 660
2 1 622
1 2 400
0 0 247
0 1 251
3 1 110
3 0 110
1 0 76
2 0 503
3 2 488
2 2 632
3 0 74
3 1 73
1 2 538
0 2 1124
2 1 1179
3 2 492
0 0 93
0 1 91
1 3 1130
3 1 83
2 0 505
2 3 532
1 1 72
1 0 88
0 2 1045
3 2 573
3 3 588
2 1 989
0 1 86
0 0 89
1 2 522
0 2 500
3 1 92
1 1 72
1 0 77
3 2 455
2 1 466
0 0 71
0 1 79
3 3 768
2 2 764
2 0 774
1 2 671
0 2 373
1 0 78
3 1 68
3 0 65
0 1 70
0 0 81
2 0 708
1 2 778
2 2 779
3 3 626
1 3 954
2 1 958
3 1 74
3 0 76
0 2 910
2 2 503
2 0 508
1 1 96
1 0 113
0 1 83
0 0 100
3 2 612
4 0 59
2 1 873
3 1 82
3 0 88
1 2 739
1 0 69
0 2 907
2 0 502
4 1 709
0 1 81
0 0 86
3 2 809
4 3 1148
3 0 75
3 1 77
2 1 1229
2 2 1245
1 2 1035
3 2 375
4 0 68
1 3 1238
0 2 1017
3 0 87
2 0 399
3 1 100
0 0 80
0 1 76
1 0 80
4 3 826
3 2 458
2 2 827
4 2 1226
1 2 530
3 1 68
3 0 71
4 0 59
2 1 1649
3 2 531
0 2 1300
1 3 1311
4 1 597
0 0 137
3 0 140
0 1 143
2 2 459
2 0 650
1 0 78
1 1 78
3 2 387
3 3 536
4 2 1309
1 2 451
4 0 58
2 1 1226
3 0 88
0 2 1198
3 1 78
1 1 106
1 0 126
0 1 90
0 0 92
4 1 938
5 2 662
2 3 838
2 0 1181
3 3 1217
5 0 1300
4 2 1759
2 1 1818
4 0 73
3 1 79
3 3 365
5 1 2120
1 3 1996
4 1 844
0 2 2174
3 2 832
0 0 167
0 1 158
1 1 139
1 0 145
2 2 937
2 0 938
5 0 932
5 2 1107
3 1 68
4 2 1748
4 0 75
1 2 697
3 3 393
1 1 71
1 0 83
2 1 1661
5 1 1892
3 2 847
4 1 962
0 2 1844
3 0 83
1 2 1135
0 0 87
0 1 89
1 1 79
1 0 83
4 2 1626
3 2 512
4 0 57
2 0 1151
2 2 1413
5 0 1275
5 2 1311
3 3 1122
4 1 607
1 2 851
5 1 1543
1 1 287
1 0 296
3 1 62
2 1 2463
0 2 1948
3 2 485
1 2 919
5 0 664
4 2 1678
5 2 736
0 1 245
1 0 249
0 0 273
4 0 148
1 1 269
3 3 948
5 1 1236
2 0 651
2 3 778
1 2 895
0 3 936
4 3 804
2 1 1058
3 0 105
3 1 107
5 0 486
1 0 83
4 2 1012
1 3 931
0 1 94
0 0 93
5 3 1555
3 2 1245
4 0 66
1 2 1209
5 2 1735
3 1 87
3 0 92
4 1 383
2 0 649
2 2 647
1 0 65
3 3 865
5 0 368
2 1 1606
3 1 67
0 2 1684
4 2 1745
1 2 960
0 0 104
0 1 114
4 0 80
5 2 982
3 2 801
2 2 460
3 3 1121
2 0 852
4 1 741
3 1 57
3 0 61
3 2 361
5 1 2243
2 1 1706
1 3 2667
3 1 89
3 0 111
4 2 2055
0 2 2204
1 1 324
1 0 339
4 0 159
5 0 918
0 0 117
5 2 929
0 1 144
3 2 695
2 0 922
3 0 61
4 1 853
3 3 588
2 2 1610
2 1 1654
3 2 710
5 1 1884
1 2 1368
1 1 73
1 0 85
0 2 1731
3 0 88
3 1 80
4 2 1965
0 1 85
2 0 878
0 0 92
4 0 66
5 0 696
2 2 1132
3 2 464
3 1 71
3 0 75
5 2 1207
1 2 1186
2 1 1671
1 0 68
4 1 956
3 2 666
2 0 367
3 1 63
3 0 71
5 1 2063
0 2 1680
0 1 79
0 0 83
4 2 1880
3 2 598
5 0 496
4 0 69
1 2 1500
3 0 85
2 1 1574
5 3 1006
2 2 1728
1 3 1965
3 3 540
5 2 1175
4 1 965
3 2 1129
0 2 1543
2 2 719
2 0 724
4 2 1538
0 0 392
0 1 389
1 0 370
4 0 91
3 1 89
3 0 96
5 0 681
5 2 814
5 3 820
2 1 1819
1 2 1066
4 1 806
3 3 660
2 2 575
3 1 74
3 0 92
2 0 600
0 2 1815
1 3 1796
5 2 613
0 0 105
0 1 99
5 0 634
3 2 512
4 2 1999
1 0 244
1 1 244
4 0 107
3 0 92
3 1 104
2 1 1651
1 2 503
1 0 68
2 0 556
2 2 592
4 1 907
3 2 900
0 2 1583
3 1 62
5 1 2166
1 2 538
0 1 99
0 0 112
3 2 470
3 3 659
5 2 379
5 0 560
2 1 1669
4 2 2109
3 1 92
3 0 95
4 0 61
2 2 362
2 0 373
1 3 1903
3 2 830
5 1 1689
4 1 809
0 2 2129
3 0 326
0 1 213
0 0 217
1 0 86
4 2 1781
5 2 674
3 2 1040
3 3 1058
5 0 815
4 0 63
1 2 575
5 3 843
2 1 2085
4 1 646
3 1 87
3 2 394
2 2 661
1 3 1552
0 2 1717
5 2 651
0 1 75
0 0 75
2 0 1003
1 1 64
1 0 69
4 2 1639
3 3 1028
5 0 1033
4 0 59
1 2 450
3 0 59
5 1 1564
4 1 421
2 1 2092
1 1 73
1 0 92
3 2 617
0 2 1679
3 3 868
0 1 78
0 0 81
4 2 1490
5 0 1096
4 0 64
2 0 1024
5 2 1179
1 2 1207
3 1 61
2 2 1164
3 3 366
2 1 1515
4 1 606
5 1 1668
3 2 745
2 2 358
5 3 372
3 0 61
3 1 60
4 2 1484
0 2 1868
4 0 58
2 0 869
0 1 70
0 0 76
5 0 931
4 1 369
3 3 625
2 1 1409
5 1 1489
3 0 82
3 1 85
2 2 466
2 0 493
0 2 1336
4 2 1427
3 2 543
0 0 92
0 1 102
4 0 74
5 2 389
5 0 423
2 1 986
3 0 64
4 2 727
5 3 1099
3 3 620
2 1 527
2 0 617
0 3 1319
4 1 1331
2 2 928
3 2 1266
4 0 84
4 1 374
3 1 57
5 2 725
5 0 757
2 2 700
5 1 986
2 0 876
3 2 370
2 1 1269
4 2 1167
3 3 828
4 0 76
5 2 446
4 1 519
3 1 61
5 1 869
5 0 893
2 1 732
2 0 1009
3 2 679
5 3 607
3 3 853
2 2 1410
5 0 777
4 3 1444
5 2 1064
2 0 467
2 1 490
4 0 58
2 2 563
5 0 362
4 2 646
4 3 744
5 1 850
2 0 469
5 2 879
4 0 53
2 1 782
2 2 862
5 0 362
2 0 364
5 2 1012
5 1 1019
4 2 1033
4 3 1060
2 1 897
2 2 894
5 0 362
4 0 71
5 2 671
5 1 901
2 0 372
2 3 727
4 1 731
5 2 357
5 0 369
2 1 1033
4 2 1034
4 0 58
5 1 955
4 3 634
4 2 828
5 0 698
2 0 694
5 2 831
2 2 814
5 1 918
2 1 897
4 0 92
2 1 386
5 0 721
4 1 743
5 3 734
2 0 721
4 3 1016
5 2 1048
2 2 1041
4 0 76
2 2 411
2 0 443
4 1 371
2 1 618
5 2 402
5 0 428
4 2 825
5 1 790
4 0 69
4 1 368
5 2 356
5 0 364
4 2 702
5 1 699
4 0 65
4 1 365
5 0 365
5 1 366
4 3 683
5 2 685
4 0 75
5 2 373
5 0 400
5 1 540
4 1 408
4 2 667
5 2 372
5 0 403
4 0 72
5 1 673
4 3 490
4 2 735
5 0 374
5 2 362
5 1 477
4 0 57
4 1 383
5 1 373
5 0 372
4 3 678
5 2 679
4 0 69
5 0 555
5 3 550
5 2 627
4 2 370
4 3 443
4 0 60
5 2 369
5 0 367
5 3 450
4 2 498
4 1 582
4 0 56
5 0 365
5 2 367
4 2 367
5 3 675
4 1 690
4 0 58
4 2 462
4 1 595
5 2 357
5 0 368
4 0 51
5 3 604
4 3 356
4 1 471
4 0 57
5 2 357
5 0 371
5 1 435
4 1 359
4 2 437
5 1 357
5 0 357
5 2 357
5 2 354
5 0 358
5 1 360
