1 48
1 41
1 33
1 36
1 43
1 58
1 45
1 50
1 42
1 52
1 41
1 53
1 51
1 54
1 42
1 50
1 50
1 42
1 44
1 56
1 43
1 51
1 41
1 54
1 65
1 50
1 44
1 49
1 57
1 54
1 65
1 51
1 49
1 46
1 46
1 72
1 55
1 45
1 59
1 56
1 56
1 55
1 39
1 36
1 36
1 42
1 50
1 49
1 133
1 41
1 36
1 37
1 42
1 44
1 34
1 44
1 37
1 45
1 44
1 47
1 35
1 45
1 37
1 41
1 39
1 48
1 41
1 53
1 72
1 70
1 47
1 55
1 51
1 50
1 46
1 55
1 41
1 42
1 54
1 47
1 51
1 47
1 56
1 57
1 43
1 149
1 42
1 42
1 47
1 49
1 42
1 55
1 49
1 48
1 52
1 56
1 55
1 50
1 42
1 41
1 48
1 46
1 46
1 46
1 48
1 48
1 63
1 40
1 49
1 45
1 51
1 48
1 48
1 48
1 49
1 144
1 49
1 45
1 51
1 49
1 45
1 44
1 41
1 60
1 46
1 41
1 49
1 49
1 66
1 74
