1 227
1 234
1 222
1 250
1 284
1 325
1 248
1 279
1 287
1 277
1 245
1 286
1 360
1 426
1 448
1 250
1 411
1 269
1 471
1 404
1 269
1 537
1 555
1 254
1 291
1 437
1 438
1 276
1 1180
1 929
1 1460
1 242
1 630
1 591
1 578
1 608
1 381
1 453
1 529
1 631
1 526
1 914
1 219
1 773
1 797
1 584
1 253
1 236
1 367
1 518
1 460
1 569
1 456
1 351
1 245
1 226
1 760
1 414
1 428
1 470
1 362
1 230
1 217
1 601
1 349
1 228
1 453
1 363
1 254
1 325
1 241
1 555
1 585
1 1152
1 338
1 275
1 283
1 356
1 247
1 227
1 326
1 254
1 242
1 306
1 437
1 357
1 459
1 340
1 209
1 224
1 219
1 472
1 210
1 222
1 223
1 210
1 316
1 462
1 221
1 314
1 345
1 319
1 222
1 250
1 219
1 340
1 220
1 352
1 228
1 345
1 223
1 348
1 220
1 323
1 208
1 239
1 244
1 230
1 228
1 241
1 228
1 213
1 209
1 234
1 232
1 217
1 203
1 203
