1 92
1 84
1 99
1 77
1 195
1 103
1 83
1 76
1 89
1 92
1 102
1 89
1 75
1 80
1 74
1 73
1 84
1 85
1 81
1 76
1 79
1 100
1 100
1 118
1 102
1 125
1 290
1 123
1 115
1 116
1 208
1 90
1 93
1 91
1 113
1 107
1 135
1 104
1 92
1 140
1 104
1 105
1 115
1 125
1 155
1 94
1 122
1 276
1 137
1 137
1 98
1 95
1 288
1 108
1 96
1 95
1 101
1 96
1 111
1 113
1 115
1 131
1 97
1 113
1 92
1 121
1 102
1 108
1 85
1 99
1 165
1 96
1 256
1 98
1 111
1 85
1 166
1 109
1 95
1 112
1 91
1 149
1 104
1 143
1 95
1 98
1 85
1 92
1 81
1 640
1 335
1 333
1 662
1 252
1 266
1 318
1 268
1 320
1 272
1 304
1 262
1 552
1 444
1 285
1 438
1 300
1 513
1 394
1 483
1 1052
1 938
1 855
1 953
1 1359
1 529
1 658
1 1111
1 1303
1 955
1 771
1 547
1 474
1 657
1 433
1 664
1 284
1 669
1 1127
1 995
1 454
1 270
1 515
1 315
1 316
1 405
1 284
1 363
1 284
1 403
1 332
1 334
1 267
1 278
1 256
1 299
1 293
1 249
1 275
1 518
1 377
1 267
1 585
1 298
1 414
1 448
1 257
1 539
1 253
1 250
1 257
1 242
1 247
1 247
1 250
1 250
1 246
1 241
1 444
1 439
1 540
1 414
1 421
1 456
1 872
1 863
1 415
1 482
1 1307
1 720
1 700
1 868
1 600
1 658
1 454
1 904
1 435
1 550
1 560
1 530
1 446
1 568
1 449
1 472
1 508
1 589
1 422
1 418
1 412
1 488
1 427
1 482
1 497
1 642
1 457
1 420
1 390
1 409
1 392
1 527
1 394
1 205
1 156
1 356
1 152
1 159
1 353
1 188
1 167
1 190
1 316
1 151
1 150
1 165
1 152
1 179
1 163
1 176
1 158
1 189
1 213
1 146
1 316
1 165
1 291
1 189
1 199
1 203
1 347
1 343
1 199
1 173
1 167
1 207
1 251
1 230
1 175
1 255
1 259
1 300
1 176
1 197
1 234
1 190
1 163
1 297
1 344
1 178
1 171
1 189
1 187
1 190
1 253
1 174
1 290
1 162
1 161
1 166
1 300
1 203
1 185
1 195
1 193
1 233
1 157
1 302
1 170
1 194
1 251
1 221
1 201
1 269
1 184
1 170
1 167
1 165
1 164
1 152
1 198
1 302
1 171
1 170
1 144
1 151
1 143
1 346
1 147
1 144
1 155
1 292
1 146
1 141
1 144
1 157
1 301
1 149
1 145
1 137
1 135
1 132
