1 290
1 462
1 299
1 303
1 294
1 311
1 315
1 478
1 572
1 305
1 498
1 499
1 464
1 1226
1 1095
1 379
1 698
1 1260
1 1227
1 2116
1 324
1 322
1 2190
1 1198
1 493
1 559
1 594
1 254
1 490
1 421
1 686
1 523
1 262
1 358
1 266
1 251
1 248
1 870
1 533
1 424
1 285
1 594
1 463
1 426
1 384
1 296
1 297
1 463
1 938
1 252
1 591
1 531
1 526
1 389
1 389
1 350
1 286
1 253
1 244
1 262
1 677
1 234
1 370
1 587
1 429
1 289
1 287
1 473
1 733
1 837
1 844
1 255
1 264
1 422
1 431
1 470
1 438
1 390
1 400
1 309
1 264
1 338
1 376
1 247
1 253
1 274
1 337
1 423
1 436
1 254
1 273
1 371
1 323
1 272
1 284
1 503
1 388
1 271
1 387
1 577
1 409
1 277
1 276
1 246
1 241
1 406
1 289
1 249
1 246
1 232
1 378
1 265
1 247
1 236
1 247
