1 193
1 177
1 175
1 181
1 178
1 202
1 188
1 192
1 208
1 191
1 190
1 177
1 267
1 200
1 190
1 206
1 224
1 240
1 414
1 460
1 210
1 362
1 235
1 414
1 265
1 261
1 248
1 244
1 472
1 424
1 232
1 360
1 239
1 411
1 242
1 349
1 232
1 215
1 238
1 461
1 279
1 375
1 414
1 424
1 216
1 254
1 294
1 352
1 391
1 285
1 394
1 208
1 291
1 216
1 202
1 200
1 196
1 348
1 233
1 367
1 201
1 360
1 395
1 230
1 367
1 249
1 215
1 213
1 432
1 352
1 364
1 419
1 288
1 548
1 507
1 248
1 247
1 329
1 232
1 430
1 265
1 441
1 228
1 255
1 223
1 392
1 257
1 266
1 266
1 282
1 430
1 286
1 253
1 219
1 192
1 252
1 197
1 197
1 203
1 220
1 209
1 399
1 440
1 213
1 191
1 221
1 214
1 431
1 210
1 211
1 201
1 216
1 403
1 416
1 210
1 214
1 219
1 188
1 204
1 190
1 202
1 204
1 332
1 192
1 263
1 441
1 182
1 265
1 181
1 183
