1 102
1 100
1 99
1 96
1 95
1 93
1 93
1 93
1 85
1 99
1 199
1 106
1 91
1 82
1 83
1 102
1 128
1 105
1 99
1 97
1 213
1 222
1 98
1 96
1 98
1 97
1 103
1 111
1 98
1 104
1 89
1 99
1 114
1 88
1 109
1 97
1 86
1 112
1 94
1 94
1 115
1 149
1 119
1 113
1 108
1 88
1 105
1 106
1 94
1 105
1 97
1 88
1 91
1 93
1 100
1 95
1 113
1 322
1 100
1 97
1 94
1 93
1 128
1 100
1 104
1 82
1 108
1 100
1 105
1 101
1 86
1 155
1 101
1 83
1 234
1 118
1 127
1 109
1 98
1 105
1 257
1 110
1 113
1 105
1 178
1 227
1 105
1 104
1 109
1 164
1 186
1 95
1 115
1 115
1 103
1 136
1 187
1 184
1 95
1 95
1 95
1 103
1 109
1 117
1 96
1 90
1 85
1 90
1 112
1 148
1 109
1 82
1 92
1 87
1 93
1 97
1 85
1 89
1 86
1 87
1 93
1 85
1 85
1 94
1 89
1 84
1 89
1 89
1 88
1 81
