0 0 349
0 3 887
0 1 933
0 0 100
0 3 698
0 2 714
0 0 109
0 3 645
0 2 650
1 0 362
1 1 328
0 0 185
1 2 849
0 3 701
0 2 769
1 0 341
1 1 191
0 0 95
1 3 1017
0 1 854
0 2 857
0 0 292
1 0 158
1 1 157
0 3 820
0 1 864
1 3 786
0 0 237
1 1 141
1 0 154
0 2 764
2 0 123
0 1 1415
0 0 133
1 2 1830
2 2 1057
1 0 146
1 1 161
0 3 796
2 1 2401
0 1 1933
2 0 140
1 2 1989
1 0 137
1 1 123
0 0 106
2 2 941
0 2 731
2 1 1817
2 0 117
1 2 2146
2 2 2368
0 1 3654
1 0 1710
1 1 1559
3 0 580
0 0 104
1 3 2135
2 1 3183
0 2 855
2 0 104
1 1 115
1 0 113
0 1 1435
2 2 801
0 0 95
2 1 1552
0 3 637
0 2 652
2 0 90
1 2 1444
1 0 111
1 1 121
0 0 111
2 2 906
0 3 2203
4 0 1018
2 1 3081
2 0 89
1 2 3376
2 3 762
0 1 3365
1 0 112
1 1 110
0 0 90
2 1 1740
0 3 638
1 2 1732
1 1 114
1 0 125
2 0 106
0 1 1753
2 2 758
0 0 90
1 2 1649
2 1 1649
0 3 753
0 2 781
2 0 151
1 1 133
1 0 143
2 3 938
0 0 92
0 2 645
2 1 1923
1 2 1943
1 1 111
1 0 113
0 1 1302
0 0 127
2 0 117
1 3 918
0 1 813
2 3 1054
1 1 101
1 0 112
0 2 1521
2 2 1534
0 0 115
1 3 783
2 0 130
0 3 762
0 2 860
1 1 138
1 0 154
2 1 788
2 2 868
0 0 229
2 0 118
1 3 1031
0 2 774
2 3 1136
1 1 113
1 0 113
0 1 1856
2 1 1792
0 0 147
1 2 1064
2 0 110
0 3 831
1 1 105
1 0 113
0 2 980
2 2 903
0 0 105
2 1 1433
1 2 1440
2 0 111
0 3 740
0 2 864
1 1 126
1 0 130
2 1 983
2 2 1085
1 3 877
0 0 255
2 0 132
0 3 770
0 2 805
2 3 795
2 1 842
1 1 119
1 0 137
2 0 119
0 0 121
1 2 1272
1 0 147
1 1 173
2 3 796
0 3 771
2 2 793
0 1 1282
2 0 120
1 2 1127
1 0 143
1 1 272
0 0 140
2 3 884
2 2 1071
1 2 820
0 3 660
1 1 120
1 0 126
0 2 938
2 0 135
1 2 994
1 1 138
1 0 279
0 0 147
2 3 1119
2 2 1157
0 1 675
1 3 917
0 2 935
0 0 101
2 0 105
1 0 117
1 1 113
0 3 878
2 2 772
2 1 4998
1 2 4592
0 1 5350
2 0 251
1 0 161
1 1 138
2 3 781
0 0 97
0 2 647
1 2 1761
2 1 1767
1 0 115
1 1 130
0 1 1466
0 0 376
1 3 1026
2 0 103
0 3 1011
0 1 1316
2 2 764
1 1 113
1 0 141
2 1 1112
2 0 234
0 0 143
1 3 1023
0 3 645
2 3 957
1 1 106
1 0 111
2 2 1541
0 2 1533
1 2 758
1 0 293
1 1 311
2 0 306
0 0 178
2 1 820
0 3 636
1 3 805
2 2 1528
0 2 1379
1 1 276
1 0 295
2 0 114
0 0 108
2 3 744
1 2 1452
0 3 639
0 2 659
2 1 1308
1 0 152
1 1 138
0 0 132
2 0 136
1 2 918
1 0 119
1 1 127
0 3 764
2 1 1271
0 2 1394
2 2 1400
1 2 1097
2 0 241
1 0 157
1 1 136
0 0 111
2 3 909
2 2 1070
1 2 1047
1 1 117
1 0 125
0 2 940
0 1 1179
2 0 94
0 0 106
1 3 1274
0 3 744
2 3 1159
2 2 1224
0 2 1224
1 1 125
1 0 128
2 0 99
0 0 104
1 3 976
0 3 636
2 3 1314
2 2 1516
1 0 118
1 1 129
0 2 1440
1 3 649
2 0 114
0 0 105
1 0 103
1 1 106
2 2 1292
0 2 1171
2 1 1551
2 0 88
0 1 1778
1 2 1542
0 0 112
2 2 683
2 3 784
1 0 124
1 1 128
0 3 729
0 1 961
1 3 948
2 0 119
0 0 115
2 1 1143
2 3 1145
1 0 133
1 1 153
0 3 766
0 2 797
1 2 775
2 0 122
1 0 125
1 1 116
0 0 106
2 3 896
1 2 796
2 2 1110
0 3 648
0 2 1008
2 0 94
0 0 231
2 3 785
2 1 1021
0 3 637
0 1 1021
2 0 92
0 0 111
2 3 791
2 2 1012
0 3 638
0 2 875
2 0 107
2 1 647
2 2 649
2 0 95
2 1 648
2 3 649
2 0 89
2 3 741
2 2 743
2 0 89
2 1 642
2 2 645
2 0 99
2 1 653
2 2 651
2 0 89
2 1 649
2 2 644
2 0 91
2 2 644
2 1 645
