0 0 287
0 1 521
0 3 522
0 0 57
0 3 296
0 2 306
0 0 51
0 3 301
0 2 312
0 0 51
0 3 287
0 2 294
0 0 56
0 2 290
0 1 289
0 0 78
0 3 297
0 1 298
0 0 53
1 0 83
1 1 83
0 2 294
0 1 303
1 2 419
1 1 98
1 0 102
0 0 100
0 3 311
0 1 309
1 3 352
1 1 54
1 0 59
0 0 148
1 3 370
0 1 381
0 2 386
1 1 55
1 0 64
1 2 288
0 0 53
0 2 338
0 1 337
1 1 53
1 0 57
1 2 285
0 0 50
0 3 287
0 2 289
1 1 63
1 0 67
1 2 291
0 0 159
1 0 90
1 1 78
0 1 372
0 3 375
1 3 312
1 0 54
1 1 55
0 0 49
0 3 341
1 2 537
0 1 529
1 0 54
1 1 54
1 2 290
0 0 50
2 0 54
0 3 291
0 2 299
2 1 379
1 0 58
2 2 450
1 1 59
1 2 288
0 0 51
2 0 54
1 0 59
1 1 58
0 2 545
0 1 563
2 2 542
2 1 642
1 2 523
2 0 56
0 0 56
1 1 133
1 0 134
2 2 631
0 2 634
2 1 796
0 1 817
1 2 633
2 0 47
1 0 100
0 0 116
1 1 108
2 1 344
0 3 318
1 3 326
2 2 474
0 2 478
2 0 110
1 1 76
1 0 83
0 0 61
1 3 409
2 2 563
2 1 572
0 2 454
0 1 457
3 0 102
1 1 110
1 0 115
2 0 109
3 3 314
0 0 85
1 3 471
3 1 621
0 3 352
0 2 365
2 1 633
2 3 659
1 1 295
1 0 306
3 0 196
2 0 68
0 0 65
4 0 79
3 3 618
0 3 498
1 2 1036
2 2 787
0 2 820
1 1 64
1 0 72
3 1 1210
4 3 724
2 1 1164
0 0 209
2 0 69
4 1 1252
3 0 59
0 3 489
2 3 314
0 2 538
1 2 981
3 3 547
2 1 757
3 2 582
1 0 135
4 0 111
1 1 138
0 0 69
4 3 313
2 0 90
3 0 89
0 3 444
1 3 692
4 2 713
0 1 536
3 1 405
2 3 697
3 2 770
1 1 77
2 2 788
1 0 99
4 0 87
0 0 104
3 0 78
4 2 439
1 2 637
2 0 56
0 3 623
1 0 68
1 1 68
3 3 634
4 1 751
0 2 705
3 2 699
4 0 74
2 2 618
4 2 439
0 0 79
3 0 60
3 3 287
2 1 1005
2 0 56
1 2 1040
0 2 669
3 2 663
1 0 74
1 1 70
4 1 1195
2 3 415
4 0 71
3 0 52
4 3 420
3 3 285
3 2 411
0 1 1453
2 1 1299
0 0 72
1 2 1199
4 1 1120
1 1 97
1 0 98
0 3 348
3 0 104
2 0 65
3 3 443
4 0 50
3 2 661
0 1 947
2 2 664
1 2 985
4 3 690
3 0 85
0 0 80
1 1 78
1 0 82
2 1 1060
2 0 58
1 3 300
4 1 1137
3 2 941
0 2 936
1 1 63
1 0 69
2 2 842
4 0 55
3 1 1194
3 0 55
0 1 1331
4 2 295
2 1 1291
4 3 500
0 0 59
2 0 58
3 2 492
0 3 290
2 3 294
4 0 48
1 2 1221
4 2 476
1 1 56
1 0 58
3 1 1254
5 0 64
3 0 55
5 1 300
3 3 292
0 1 1452
5 2 524
2 1 1482
3 2 524
4 1 1341
5 0 75
1 2 1006
4 0 82
1 1 97
0 0 106
1 0 158
2 0 77
3 0 70
0 3 451
3 1 305
5 1 831
5 2 917
3 3 432
5 0 56
4 2 1121
4 3 1227
1 3 978
5 3 286
2 3 981
3 0 57
0 2 1134
2 2 1189
3 3 416
3 1 434
5 2 812
1 1 130
1 0 151
4 0 120
0 0 71
2 0 63
0 3 406
3 0 61
5 0 55
4 3 744
1 3 816
3 1 302
4 2 861
0 2 1154
4 0 77
1 1 92
1 0 92
2 3 941
5 1 899
1 2 304
2 2 1300
0 0 56
4 2 540
5 2 1387
0 3 298
3 2 1543
5 0 46
2 0 201
1 1 87
3 0 75
1 0 91
5 3 418
3 1 303
2 3 660
1 3 543
4 3 1679
0 2 1386
1 0 68
1 1 68
5 2 1401
4 0 57
3 2 1214
2 2 1454
3 0 84
0 0 83
1 2 651
5 0 65
1 0 78
1 1 90
2 0 75
3 3 660
5 1 325
0 3 650
4 1 899
4 3 911
0 2 961
3 1 1028
4 0 64
5 2 967
2 2 909
5 0 56
1 2 1180
2 1 1185
4 2 492
0 0 99
3 0 114
1 1 83
1 0 90
2 0 80
3 3 301
5 2 647
5 1 656
0 2 520
2 3 478
5 0 52
4 1 1157
4 0 58
5 1 439
5 2 454
4 3 333
3 1 1334
5 0 55
0 1 1598
1 2 1497
5 1 294
5 2 296
2 1 1500
1 0 103
3 0 89
1 1 107
0 0 103
4 1 1064
5 0 74
2 0 68
1 2 586
0 3 669
3 3 663
4 0 51
5 1 476
1 0 62
1 1 60
0 2 927
2 1 623
3 2 946
4 1 429
4 2 571
5 2 1118
2 2 1103
1 3 670
0 0 95
3 0 311
4 0 290
5 0 258
2 0 129
1 0 67
1 1 67
3 1 747
4 1 736
0 3 846
4 2 820
3 3 869
0 2 905
2 3 682
5 3 914
4 0 61
5 2 963
2 2 979
1 3 790
3 0 93
0 0 101
4 2 600
4 3 604
3 3 532
5 0 74
2 0 61
1 0 74
1 1 79
5 1 508
4 0 60
0 2 1048
0 1 1126
3 1 1144
1 3 494
0 0 70
5 2 1002
2 1 1149
0 3 430
2 2 1140
5 0 138
3 0 138
1 0 108
1 1 113
2 0 81
4 3 934
3 3 322
5 2 400
4 1 1255
5 1 511
2 3 501
0 1 1133
5 0 196
4 0 58
5 2 448
5 1 548
0 0 65
3 1 1296
4 2 403
2 1 1429
1 2 1513
5 0 89
0 3 420
0 2 506
1 1 89
4 1 777
1 0 102
3 0 245
4 0 101
2 0 62
5 2 663
5 1 718
0 0 75
5 0 63
1 3 806
4 2 553
3 1 996
4 1 874
0 3 668
5 3 662
3 2 1171
1 1 92
1 0 102
4 0 102
3 0 73
2 1 1128
2 2 1198
3 3 427
2 0 61
0 2 1329
5 2 1339
2 3 306
4 1 1028
1 2 1051
4 3 1049
0 0 206
3 1 1135
5 0 208
2 2 776
1 0 93
1 1 98
5 2 483
4 0 64
5 3 803
0 3 822
3 0 99
2 0 71
0 1 889
1 2 780
3 3 323
4 2 608
4 3 618
3 1 447
5 0 72
2 3 683
2 2 708
0 0 95
5 1 339
4 0 61
0 3 420
3 0 70
2 0 50
3 1 299
4 2 567
2 3 434
5 2 1049
0 2 1035
5 0 54
5 1 297
4 3 1241
2 2 1197
3 2 1436
5 2 932
4 0 85
3 0 117
5 0 66
4 1 486
3 3 472
2 0 61
4 2 646
5 1 649
4 0 48
3 2 791
2 1 338
5 2 942
4 1 342
3 0 253
5 0 64
2 2 1090
3 3 466
5 1 294
2 0 49
4 3 1120
2 3 288
4 0 47
3 2 1128
5 2 1072
4 1 293
2 2 1067
5 0 62
3 0 68
5 3 290
3 1 306
2 0 48
4 3 973
2 3 288
2 1 291
5 2 738
3 2 686
4 0 68
3 0 57
5 0 50
2 0 55
4 1 556
3 1 737
4 3 841
5 1 660
3 2 992
2 3 665
3 0 53
4 0 57
5 2 1094
3 3 298
4 1 295
5 0 46
2 2 1203
5 1 289
2 0 57
3 2 1096
4 3 1093
5 2 879
2 3 295
2 1 294
5 0 66
3 0 270
4 0 79
5 2 488
2 0 58
5 1 606
3 3 468
5 0 56
3 1 727
2 2 369
4 1 556
4 2 732
5 2 361
4 0 66
2 3 909
3 0 71
5 1 780
5 0 50
2 0 50
5 1 294
3 1 678
4 1 683
4 3 832
3 2 848
2 1 476
3 0 63
5 2 861
2 2 1056
3 3 582
4 0 97
5 0 102
3 1 654
2 0 58
3 0 61
5 1 562
4 1 628
2 3 547
4 3 660
2 1 574
5 2 655
3 3 284
5 0 53
3 2 723
2 0 70
5 3 295
4 0 81
4 1 304
3 0 50
5 2 620
2 3 751
4 2 742
2 2 794
3 1 472
4 0 54
5 0 56
3 2 766
4 1 300
2 0 60
5 3 288
3 0 55
2 1 633
3 1 624
4 3 1024
5 2 1085
2 2 1006
3 2 992
4 0 57
2 0 67
3 0 65
5 0 54
4 2 306
5 3 377
2 1 632
3 1 629
4 3 926
2 2 1053
3 2 1080
2 0 59
5 2 1130
4 0 73
3 0 66
4 2 300
5 0 165
2 2 780
5 1 398
3 2 773
2 1 912
4 1 930
3 1 912
5 2 627
2 0 65
4 0 70
3 0 62
5 0 68
3 3 288
4 2 491
2 1 547
3 1 539
5 1 478
2 2 789
4 3 807
5 2 733
3 0 64
5 0 58
4 0 55
3 1 379
5 2 387
3 3 536
5 3 539
4 1 343
4 3 366
5 0 61
4 0 48
5 2 295
4 1 289
5 1 449
4 2 454
5 0 48
5 1 290
4 0 52
5 2 314
4 1 291
4 3 317
5 0 60
4 0 44
5 2 600
5 1 469
4 3 455
4 2 470
5 0 54
5 3 287
5 2 293
5 0 43
5 2 289
5 1 286
5 0 47
5 2 287
5 3 284
