0 0 366
0 3 987
0 1 1015
0 0 132
0 3 748
0 2 835
0 0 142
0 3 680
0 2 713
0 0 98
0 3 647
0 2 656
1 0 342
1 1 343
0 0 148
0 2 660
1 2 1244
0 1 1445
1 1 284
1 0 448
0 0 149
1 3 1016
0 3 783
0 1 791
1 0 363
1 1 323
0 0 182
1 3 943
0 2 767
0 1 775
0 0 133
1 0 153
1 1 132
0 3 813
0 1 1016
1 2 896
1 0 122
1 1 134
0 0 172
0 2 698
1 2 1308
0 1 1195
1 0 444
1 1 455
2 0 222
0 0 229
0 2 1192
2 2 1313
1 2 1805
0 1 2390
1 1 225
1 0 199
2 1 2683
0 0 139
2 0 121
1 3 999
0 3 800
2 1 671
0 2 2277
3 0 121
2 2 2111
2 0 143
3 3 1722
4 0 117
3 1 2113
2 2 1892
4 3 1591
2 1 2893
4 1 1971
2 0 119
2 2 647
2 1 655
4 0 112
2 0 120
4 2 795
2 1 659
4 3 1315
2 2 1209
2 0 116
4 0 115
2 3 1006
2 1 1115
4 1 897
4 2 952
4 0 288
2 0 175
4 2 893
2 2 733
5 0 139
4 1 1596
2 1 1679
4 0 319
2 0 122
5 1 1355
5 2 1495
5 0 118
4 3 1529
4 1 1658
2 3 1430
2 1 1484
5 2 1290
5 1 1330
5 0 145
4 0 124
5 3 1245
2 0 151
4 1 1289
5 2 1853
2 3 780
4 3 2042
5 0 129
2 2 1958
4 0 110
5 1 1275
5 2 1690
2 0 213
5 0 180
4 2 1239
2 1 699
5 3 683
4 3 2052
2 2 1930
5 2 1790
2 0 150
4 0 146
5 0 125
2 1 1855
4 1 1859
5 2 681
2 3 2099
4 2 2178
4 0 111
5 1 1737
2 0 302
4 3 1047
5 0 139
4 2 1544
2 1 895
5 1 1009
2 2 1693
4 0 115
5 2 1592
2 0 320
5 0 167
2 1 936
4 2 1476
5 1 1101
4 3 2140
2 2 2025
5 2 1792
2 0 291
5 0 154
4 0 118
2 1 1015
5 2 1376
4 3 1242
2 3 2045
5 1 2001
4 2 1787
5 0 144
2 0 129
4 0 128
5 1 2301
5 2 2421
5 0 135
2 3 1161
4 1 912
5 3 747
2 2 2122
4 3 1959
5 2 1533
4 0 268
5 0 104
4 1 756
5 2 754
5 1 1374
4 2 1383
5 0 100
4 0 118
5 1 658
4 1 657
5 2 1350
4 3 1354
5 0 107
4 0 105
5 2 768
5 1 903
5 0 89
4 1 768
5 2 653
4 2 1257
4 0 106
5 1 1288
5 0 93
4 1 800
4 2 957
4 0 91
5 3 649
5 2 805
4 2 773
4 3 918
5 0 90
4 0 110
5 3 765
5 2 890
4 1 646
4 3 776
5 0 99
5 2 755
5 1 781
4 0 96
5 0 108
4 1 794
5 2 656
4 2 1302
5 1 1154
4 0 87
5 0 93
4 1 770
5 2 646
4 2 1262
5 1 1262
4 0 92
5 0 86
4 1 666
5 1 642
4 3 1187
5 2 1158
5 0 86
4 0 86
5 3 792
5 2 1071
4 2 648
4 3 922
5 0 107
4 0 86
5 1 817
5 2 820
5 0 88
4 2 1343
4 3 1351
5 1 958
5 2 961
5 0 88
4 0 89
5 2 650
4 1 646
5 1 1092
5 0 81
4 2 1251
4 0 84
5 1 712
4 1 677
5 2 1047
5 0 90
4 3 1322
5 1 644
5 2 766
4 0 212
5 0 100
4 1 745
5 1 647
4 3 1300
5 2 1209
5 0 134
4 0 89
5 3 638
5 2 885
4 1 643
4 3 850
5 0 82
4 0 117
5 3 768
4 1 645
5 2 1106
4 3 991
5 0 90
4 0 94
5 2 666
5 3 666
4 1 766
4 2 766
4 0 87
5 0 85
4 1 731
5 1 728
4 3 1292
5 2 1291
5 0 97
4 0 107
5 1 731
5 2 974
4 1 654
5 0 117
4 3 1158
5 3 657
5 2 921
4 0 116
5 0 107
4 1 736
4 2 968
5 2 714
4 0 118
5 1 899
5 0 102
4 1 809
4 3 1100
5 1 662
5 2 909
5 0 238
4 0 112
5 1 1377
5 2 1372
4 3 1255
4 2 1259
5 0 102
4 0 141
5 3 864
5 2 869
4 1 683
4 2 720
5 0 112
4 0 91
5 1 1249
5 2 1273
4 2 1246
4 3 1271
5 0 117
4 0 109
5 3 636
5 2 796
4 1 655
4 3 881
4 0 94
4 2 640
4 1 642
4 0 95
4 1 644
4 3 651
4 0 86
4 2 640
4 3 647
