0 0 335
0 3 673
0 1 679
0 0 85
1 0 150
1 1 134
0 3 457
0 2 477
1 2 625
0 0 109
1 0 236
1 1 240
0 3 563
0 2 580
1 3 574
1 1 105
1 0 107
0 0 114
1 3 443
0 3 452
0 2 480
1 1 159
1 0 202
0 0 122
0 2 530
1 2 876
1 1 103
1 0 104
0 1 1137
0 0 121
2 0 91
0 3 585
2 2 569
1 2 1054
1 0 79
1 1 79
0 1 1176
2 1 1407
2 0 263
0 0 103
1 2 1234
1 1 96
1 0 97
2 2 1066
1 3 560
0 2 1029
2 1 1277
0 1 1117
2 0 169
0 0 120
1 0 112
1 1 91
2 2 685
0 3 622
2 1 1423
0 1 1389
1 2 1209
2 0 347
1 1 113
1 0 108
2 2 827
0 0 78
0 2 434
2 1 1412
1 2 1278
2 0 130
1 0 82
1 1 87
2 2 679
0 1 1512
0 0 77
0 2 431
2 1 1483
1 2 1428
2 0 272
3 0 112
1 1 101
1 0 103
2 3 611
3 3 447
0 1 1638
0 0 74
0 3 428
0 2 436
2 1 1664
3 1 1547
1 2 1492
1 1 250
1 0 253
0 0 120
2 0 78
3 0 85
0 3 633
2 2 601
3 3 510
1 2 1393
1 1 85
1 0 85
0 1 1503
2 1 1481
1 3 430
3 1 1447
2 0 542
4 0 131
0 0 110
2 3 1072
4 3 973
1 0 114
1 1 101
0 3 750
3 0 80
1 3 449
3 2 675
3 3 683
2 1 2285
4 1 1852
0 1 1599
1 1 977
1 0 1392
3 0 794
2 0 547
4 0 504
0 0 85
3 1 1069
1 3 1849
0 3 726
3 2 2026
2 3 1828
4 2 1927
1 1 290
1 0 299
3 0 81
2 2 2163
1 2 621
0 2 1863
3 3 434
4 3 3198
1 1 1820
1 0 1838
2 0 688
3 2 3171
0 0 89
5 1 1264
4 0 68
3 0 74
1 2 3266
4 2 571
2 1 3047
1 1 103
3 3 448
1 0 115
2 2 2462
5 2 1952
2 0 65
0 1 1731
1 3 618
0 2 1839
4 1 1336
3 2 1148
0 0 349
4 0 90
2 3 860
1 0 92
1 1 92
0 2 935
3 0 69
4 2 818
2 1 1521
3 2 643
3 3 651
2 0 71
0 1 2147
0 0 185
4 1 2163
3 0 78
4 0 62
1 2 1818
1 0 81
1 1 82
2 2 1232
0 3 1079
3 3 974
2 1 1451
2 0 59
0 2 1632
4 1 1338
3 2 1602
1 2 1148
4 3 1848
1 1 325
1 0 497
0 0 252
2 1 1377
3 0 62
2 2 1656
4 0 180
2 0 67
2 3 428
0 2 1471
1 2 2000
3 2 1274
4 3 1159
1 0 68
1 1 64
3 1 1802
0 1 2572
3 0 85
0 0 107
4 1 2349
2 1 2258
0 3 426
1 2 1655
3 2 895
0 2 1169
4 0 212
3 1 1320
2 0 106
1 0 223
1 1 110
3 0 66
0 0 78
3 3 694
0 3 589
4 2 1410
2 3 1330
1 3 1333
4 3 1532
2 2 1592
3 2 1510
0 2 1561
1 0 369
1 1 363
4 0 336
2 0 212
3 0 228
4 2 999
0 0 69
2 3 652
1 2 1420
4 1 1575
2 2 929
1 0 75
1 1 74
4 0 69
3 3 1011
0 3 868
0 2 902
3 1 1369
4 2 760
2 0 79
1 2 955
4 3 1113
0 0 297
1 1 280
1 0 281
3 0 75
2 2 957
2 3 1053
4 0 71
0 1 1135
0 3 1181
1 3 1362
3 3 1168
3 1 1171
2 0 90
4 3 674
4 2 779
2 1 1013
2 2 1216
0 0 276
1 1 294
1 0 312
3 0 264
2 0 206
4 0 83
0 3 708
3 1 780
1 3 1146
2 1 848
0 2 1362
3 2 1283
4 3 1221
2 3 1265
4 2 1243
1 1 261
3 0 246
1 0 262
0 0 75
2 0 79
4 0 66
3 2 1136
3 1 1811
0 2 1397
3 0 62
1 2 2112
2 2 1332
4 3 1337
1 1 77
1 0 77
3 3 559
1 3 431
4 1 1946
0 1 2311
2 1 2077
0 0 269
2 0 97
3 1 1512
1 1 125
4 0 169
1 0 145
0 3 771
2 2 588
2 3 977
3 0 94
4 2 861
3 3 463
0 1 1642
2 0 202
2 2 558
0 0 75
4 1 1764
1 2 1804
4 0 82
1 1 70
1 0 72
0 2 802
3 1 1905
4 3 690
3 0 67
3 3 429
3 2 438
2 1 2417
4 1 1696
2 0 67
1 2 1890
0 1 2269
1 1 235
1 0 243
0 0 101
3 0 107
2 3 881
4 0 64
4 2 437
0 3 829
3 3 831
2 1 2027
2 0 60
4 1 1834
0 1 2062
4 0 72
3 1 2301
1 2 2458
2 2 560
1 1 82
1 0 93
4 2 698
0 0 71
3 0 69
0 2 437
0 3 708
2 1 2015
4 1 1666
3 3 831
2 0 270
4 0 77
1 2 1691
3 1 1495
0 0 221
1 0 94
1 1 97
0 3 541
3 0 61
2 3 1351
2 2 1634
3 3 644
3 1 650
4 2 1459
4 3 1494
1 3 1270
0 2 1412
2 0 464
3 0 239
4 0 255
0 0 240
2 3 768
0 3 534
4 1 944
3 1 952
2 2 1663
4 3 1527
0 2 1512
3 2 1774
2 0 89
3 0 223
4 0 80
0 0 123
2 3 815
2 2 842
3 1 857
4 2 696
0 2 734
3 3 906
4 1 753
0 3 799
4 0 93
2 0 76
4 2 552
3 0 84
0 0 84
2 2 762
3 3 433
4 1 1103
0 2 653
4 0 59
4 3 431
2 1 1621
2 0 61
3 1 1599
0 1 1744
2 3 433
2 2 440
4 1 1191
0 0 89
3 0 74
0 3 546
2 0 87
4 0 73
3 1 737
0 2 940
2 1 629
3 2 1087
2 3 785
4 2 905
3 0 79
0 0 87
4 3 1051
2 0 65
4 0 65
0 3 956
3 3 952
2 3 758
0 2 1420
3 2 1523
4 2 853
2 2 1502
0 0 92
3 0 93
4 3 1552
0 1 441
3 3 438
2 0 70
4 0 67
3 2 964
0 2 1090
2 3 687
2 1 685
0 0 86
4 2 735
3 0 71
0 3 565
2 0 74
4 1 1180
4 0 71
2 3 458
0 1 1225
3 2 987
3 1 1235
2 2 1163
3 0 83
0 0 79
4 1 1062
4 3 1232
0 3 536
2 0 73
3 1 677
4 0 70
2 1 695
4 1 636
3 2 1463
3 0 65
0 2 1739
2 2 1526
3 3 435
2 0 65
0 0 74
4 3 1630
2 1 535
2 3 550
0 3 424
3 2 1167
4 0 80
0 2 1097
2 0 68
3 0 82
4 1 788
2 3 559
0 0 72
4 3 1208
3 3 487
3 1 561
2 2 876
0 3 625
0 1 656
4 0 226
3 0 106
2 0 70
0 0 73
0 3 429
4 1 1335
3 1 1282
4 3 1501
2 1 1205
3 2 1481
3 0 74
2 2 1594
0 2 1480
4 0 81
2 0 88
3 3 542
4 2 448
2 2 445
3 1 971
4 1 1212
2 1 1174
3 0 93
4 0 83
2 0 87
3 3 549
4 1 959
2 1 835
3 2 1179
4 3 1175
2 2 1168
2 0 207
3 0 83
4 0 59
2 1 1145
2 2 1172
3 1 1101
3 2 1119
4 1 957
4 3 988
3 0 266
3 1 628
3 2 648
4 0 102
3 0 64
4 2 444
3 2 443
4 1 691
4 0 64
3 1 874
3 0 60
4 3 631
4 1 769
3 2 630
3 1 689
3 0 57
4 0 63
3 1 546
3 3 553
4 2 438
4 3 438
3 0 58
4 0 61
3 3 437
4 2 435
3 1 774
4 1 776
4 0 67
4 2 432
4 3 432
4 0 61
4 3 432
4 1 428
4 0 69
4 1 426
4 2 433
4 0 58
4 1 424
4 3 430
4 0 65
4 2 433
4 3 436
