0 0 306
0 1 815
0 3 813
0 0 92
0 3 625
0 2 649
0 0 756
1 0 748
1 1 758
0 3 1143
0 2 1172
1 2 1126
1 1 159
1 0 167
0 0 114
1 3 654
0 3 633
0 2 674
1 0 154
1 1 154
0 0 93
1 3 635
0 1 668
0 2 876
1 1 219
1 0 202
0 0 111
0 3 570
1 2 1092
1 1 111
1 0 104
0 1 1240
1 2 746
0 0 118
1 1 93
1 0 110
0 2 668
0 1 1095
1 2 1101
0 0 110
1 0 96
1 1 105
2 0 103
0 3 722
1 3 718
0 1 989
2 2 612
2 1 842
1 1 413
1 0 414
2 0 415
0 0 148
2 2 1267
0 2 1152
1 2 1632
2 1 1912
1 0 124
1 1 143
2 0 79
0 1 2044
0 0 84
2 2 938
0 2 838
1 2 1772
2 1 1705
1 0 99
1 1 104
2 0 90
0 1 1740
0 0 89
2 2 866
0 3 2010
1 2 2692
2 1 2654
0 2 2233
1 1 239
1 0 244
2 0 636
2 2 1194
0 0 97
0 3 566
1 2 2053
2 1 2012
1 1 84
1 0 190
2 0 81
0 1 1638
2 3 575
0 0 90
1 2 1564
2 1 1484
1 0 115
1 1 136
0 3 690
0 1 892
1 3 694
2 0 96
0 0 89
2 1 687
1 0 112
1 1 99
2 2 930
2 0 116
0 3 672
0 2 843
1 3 1350
2 1 1167
2 3 1611
0 0 241
1 0 116
1 1 122
0 1 846
0 2 864
2 0 84
0 0 90
1 3 1015
0 1 650
2 3 942
1 1 97
1 0 100
2 2 1344
0 2 1214
0 0 86
1 2 681
1 1 222
1 0 235
2 0 97
0 3 788
0 2 1132
2 2 959
1 2 1270
2 1 1275
0 0 244
1 0 500
1 1 486
2 0 368
5 0 111
0 1 1423
0 2 1461
2 1 1427
0 0 95
5 2 1476
1 3 2189
0 3 1046
2 3 2404
0 2 1266
5 1 2629
5 0 101
2 0 96
0 0 90
5 1 854
2 1 701
5 2 1180
0 3 581
5 0 76
5 3 662
2 2 1724
2 0 77
0 2 1941
2 1 568
5 2 1599
0 0 92
2 2 1266
5 0 95
2 0 83
0 3 662
2 1 572
0 2 1198
5 2 1060
5 1 1151
2 3 1145
5 0 96
0 0 116
2 0 96
5 2 905
0 1 687
5 3 1144
2 3 597
0 3 1119
2 2 680
5 0 85
0 0 218
2 0 109
0 3 572
5 1 1174
2 3 957
5 2 1540
5 0 190
0 2 1758
2 2 1760
5 1 588
5 2 964
5 0 409
2 0 411
0 0 128
0 1 595
2 3 1451
5 1 1184
2 2 2029
5 2 1754
0 2 1756
5 0 148
0 0 134
0 3 686
2 0 92
5 1 710
0 1 792
5 2 837
5 0 90
2 1 823
0 0 92
5 1 713
2 2 1428
0 1 576
2 0 93
5 2 1438
2 1 653
2 3 674
5 0 92
0 2 1276
0 0 137
2 0 97
5 2 1040
5 3 1120
0 1 926
0 3 983
2 2 712
2 1 923
5 0 83
2 0 112
0 0 94
0 3 630
5 1 1117
2 3 1019
5 2 1475
5 0 92
2 2 1750
0 2 1735
5 1 572
5 2 951
5 0 118
2 0 400
0 0 124
2 1 722
5 1 580
0 3 605
2 2 1809
0 2 1698
5 2 1689
2 0 113
5 0 99
2 1 666
0 0 110
5 2 761
2 3 1143
0 3 568
5 1 1146
0 2 677
5 0 92
2 0 97
0 0 85
5 3 850
2 1 672
5 2 1175
0 3 640
5 0 85
2 2 1616
0 2 1514
2 0 96
5 3 574
2 3 683
0 0 82
5 2 1450
0 1 572
2 2 1378
5 0 96
0 2 1191
0 0 202
2 0 85
5 1 999
0 3 667
2 3 778
5 2 1586
5 0 74
0 2 1831
2 2 1745
5 1 671
5 2 1016
0 0 151
5 0 114
2 0 97
0 3 687
5 1 1109
2 3 982
0 2 1690
5 2 1708
2 2 1510
5 0 110
5 2 731
5 1 738
0 0 115
2 0 130
5 0 118
5 3 581
0 1 1110
2 1 950
0 2 1477
0 0 94
5 2 1649
2 2 1651
2 0 113
0 3 724
0 1 731
2 2 725
2 3 757
5 0 106
0 0 114
5 1 756
5 2 1132
0 3 713
2 0 101
5 0 95
0 2 1118
2 1 588
5 2 695
2 3 1222
5 1 1217
0 0 113
5 0 96
2 0 97
0 3 831
5 1 1026
0 2 1442
2 3 895
5 2 1498
2 2 1370
5 0 302
0 0 149
5 2 738
5 1 775
0 3 571
0 1 614
2 0 124
5 0 139
2 1 661
0 0 93
5 2 751
2 3 1169
0 3 568
5 1 1176
0 2 672
5 0 103
2 0 88
5 1 842
5 2 863
5 0 81
2 3 857
5 3 569
2 2 1159
5 2 877
2 0 87
5 0 87
2 1 713
2 2 959
5 3 702
2 0 90
5 2 970
2 1 572
2 3 568
5 0 92
2 0 91
5 3 707
5 2 894
2 3 577
2 2 754
5 0 81
2 0 81
5 1 572
5 2 718
5 0 99
2 1 705
5 1 573
2 2 1167
2 0 84
5 2 1036
5 0 83
2 1 734
5 3 566
2 2 1189
2 0 79
5 2 1048
2 1 569
2 2 749
5 0 95
2 0 101
5 1 581
2 1 569
5 2 1143
2 2 1140
5 0 80
5 1 573
5 2 576
5 0 81
5 2 575
5 1 572
5 0 84
5 3 566
5 2 574
5 0 80
5 1 573
5 2 578
5 0 81
5 3 567
5 2 575
