1 0 244
0 0 459
1 1 245
0 3 833
1 2 1063
0 1 1310
1 1 113
1 0 199
0 0 97
1 3 540
0 3 510
0 2 542
1 1 208
1 0 212
0 0 85
1 3 611
0 3 498
0 2 519
1 1 110
1 0 137
0 0 163
1 2 798
1 0 96
1 1 103
0 3 601
0 2 539
1 2 515
0 0 81
1 0 92
1 1 99
0 2 592
0 1 885
1 2 920
0 0 166
1 1 107
1 0 120
2 0 121
0 3 699
1 3 672
0 1 848
2 2 527
2 1 769
1 1 359
1 0 372
2 0 109
0 0 103
2 2 908
0 2 1045
1 2 1424
1 1 78
1 0 79
2 1 1415
2 0 86
0 1 1866
3 0 222
0 0 105
2 2 690
3 3 1011
0 3 1350
1 2 2286
1 1 77
1 0 79
2 1 2425
2 0 70
3 1 2445
0 1 2985
2 2 1224
0 0 74
1 2 2289
1 0 82
1 1 82
0 2 596
2 1 2014
2 0 68
2 2 498
0 1 1513
0 0 70
1 2 1505
1 1 73
1 0 89
2 1 1493
0 2 607
2 0 165
4 0 86
2 3 599
4 3 511
0 1 1751
0 0 91
1 2 1805
2 1 1872
0 2 1128
0 3 1126
1 1 732
1 0 741
4 1 2391
1 3 1113
0 0 103
4 0 109
0 3 578
0 1 588
1 1 104
4 2 608
1 0 103
4 3 616
0 0 101
4 0 70
1 3 770
0 3 504
4 2 658
1 0 79
1 1 79
0 1 987
4 1 996
4 0 73
1 3 658
0 0 107
4 1 509
4 2 700
0 3 685
1 0 206
1 1 200
4 0 93
0 2 746
0 0 84
5 1 661
4 3 1511
1 2 1702
1 1 80
1 0 81
4 1 1727
5 2 1185
0 2 1094
4 0 73
0 1 1322
0 0 76
1 2 1403
4 3 800
1 1 88
1 0 91
0 2 701
4 1 1387
1 3 610
0 1 1093
0 0 79
4 0 218
1 1 148
1 0 154
0 3 852
0 2 1103
4 2 644
1 2 505
4 3 865
1 1 154
1 0 154
0 0 152
4 0 110
0 2 703
4 2 534
1 2 1128
1 1 72
1 0 78
4 1 1482
0 1 1943
4 0 233
0 0 112
1 2 1133
1 1 90
1 0 98
4 2 756
0 3 613
1 2 508
4 3 1207
0 2 1093
1 0 106
1 1 93
4 0 82
0 0 89
1 3 957
0 3 616
4 2 831
1 1 86
1 0 86
4 3 1175
0 2 1176
1 2 707
4 0 276
0 0 134
1 1 126
1 0 129
4 2 675
0 3 516
1 2 529
4 3 1113
0 2 1081
1 1 99
1 0 103
4 0 97
1 3 627
0 0 233
4 3 656
0 3 642
1 0 82
1 1 86
4 1 1080
0 1 1084
1 3 594
4 0 181
0 0 100
1 1 88
1 0 91
4 2 652
0 3 645
0 2 646
4 1 1045
4 0 167
0 0 84
1 2 1055
1 1 98
1 0 101
1 3 515
4 3 1169
0 2 1101
4 1 1255
0 1 1173
0 0 183
1 1 91
1 0 95
4 0 72
0 3 721
4 2 502
0 1 1467
1 2 1457
4 1 1243
1 1 83
1 0 85
4 0 76
0 0 82
4 2 507
0 2 507
1 2 1275
1 0 74
1 1 79
4 1 1448
0 1 1454
4 0 74
0 0 83
4 2 634
4 3 642
1 2 1070
0 3 497
1 0 79
1 1 77
4 0 70
0 1 1060
4 3 502
0 0 97
1 2 1098
4 1 978
1 1 95
1 0 111
0 3 495
0 2 517
1 3 663
4 0 88
0 0 90
4 1 573
4 2 595
1 0 180
1 1 187
0 3 595
0 2 597
4 0 68
4 1 645
0 0 86
1 3 1088
4 2 1020
0 3 499
0 2 533
4 0 96
1 1 87
1 0 95
4 1 619
0 0 81
4 3 711
1 3 639
0 3 628
0 2 705
4 0 192
1 1 83
1 0 95
4 2 726
0 0 82
4 3 761
1 2 874
0 2 551
4 0 73
1 0 104
1 1 102
0 1 879
0 0 76
4 3 787
0 3 496
4 2 1015
1 3 916
0 2 677
4 0 80
1 0 115
1 1 114
0 0 118
4 2 591
0 2 511
0 3 503
4 1 945
1 2 990
4 0 75
0 0 101
1 1 92
1 0 98
4 3 945
0 2 869
4 1 1330
0 1 1359
1 2 1349
0 0 116
4 0 65
0 3 505
4 3 501
0 1 912
4 1 896
0 0 72
4 0 72
0 3 498
4 1 497
0 2 876
4 3 1001
0 0 80
4 0 76
0 3 583
4 1 509
0 2 964
4 3 876
0 0 105
4 0 68
0 3 499
4 2 504
0 1 920
4 1 921
4 0 101
0 0 78
4 1 512
0 3 496
4 3 764
0 2 763
4 0 380
4 1 532
4 3 551
4 0 69
4 2 497
4 1 501
4 0 67
4 3 500
4 1 502
4 0 74
4 2 504
4 3 505
4 0 73
4 2 499
4 1 499
4 0 70
4 2 504
4 3 498
4 0 66
4 3 502
4 1 505
4 0 69
4 1 498
4 2 499
4 0 68
4 1 497
4 3 500
4 0 69
4 3 501
4 2 501
