0 0 326
0 3 649
0 1 653
0 0 72
0 3 355
0 2 379
1 0 89
1 1 109
0 0 87
1 2 386
0 3 361
0 2 377
1 1 92
1 0 95
2 0 87
1 3 517
0 0 85
2 1 517
2 2 560
0 3 369
0 2 535
1 1 99
1 0 107
2 0 74
1 3 460
0 0 86
2 1 656
2 2 764
1 1 193
1 0 218
2 0 118
0 2 715
0 1 753
0 0 82
2 2 575
0 3 362
1 2 1074
1 1 64
1 0 66
2 1 1333
0 1 1023
2 0 114
2 2 409
0 0 66
1 2 910
1 1 69
1 0 75
0 2 478
2 1 990
2 0 60
2 2 380
0 1 1107
1 2 1076
0 0 131
1 0 80
1 1 170
2 1 1045
0 3 520
2 0 222
1 3 623
3 0 252
0 1 1027
3 3 554
2 3 657
1 0 67
1 1 67
0 0 68
2 1 1321
0 2 495
3 1 1371
1 2 1121
2 0 226
3 0 198
1 1 86
1 0 82
2 2 497
0 1 1374
3 3 452
0 0 66
0 2 389
3 1 1350
2 1 1548
1 2 1458
2 0 66
0 1 1277
1 0 89
1 1 88
3 0 97
0 0 100
2 3 529
2 1 974
3 3 681
1 2 787
3 2 878
0 3 891
0 2 913
1 0 130
1 1 133
2 0 83
1 2 745
3 0 219
1 1 263
1 0 297
0 0 239
2 3 984
2 2 1193
0 3 502
3 2 839
3 1 1180
2 0 63
3 0 74
1 2 1351
0 1 1360
1 0 100
1 1 111
3 3 504
2 1 841
2 2 900
1 3 508
3 2 913
2 0 275
0 0 305
0 3 537
2 3 551
3 0 78
1 0 93
1 1 104
0 1 1012
2 1 1016
3 3 521
3 2 543
1 3 531
0 0 541
2 0 296
4 0 307
1 0 160
1 1 169
3 0 102
1 3 407
0 3 1036
3 3 655
2 1 973
4 1 976
0 2 1482
1 1 65
1 0 84
4 3 1390
1 2 464
2 2 1670
0 0 93
3 2 1695
2 0 76
1 1 262
4 0 107
1 0 280
4 2 399
3 0 67
0 1 1117
3 3 358
2 1 1078
0 2 1331
1 2 1013
2 2 1385
0 0 106
1 0 87
1 1 108
2 0 70
4 3 1423
0 1 643
3 2 1375
1 3 687
0 2 1444
2 1 1121
2 3 1174
5 0 688
4 0 476
0 0 100
3 0 96
5 2 1792
0 3 1164
1 0 96
1 1 95
4 1 1663
5 1 1920
2 0 83
5 0 69
4 2 2197
4 0 85
3 1 1284
1 2 1081
3 2 1521
1 1 73
1 0 77
0 2 2495
3 0 65
2 3 1197
5 1 1205
2 2 1342
4 2 870
4 1 913
5 2 1624
0 0 83
4 0 63
5 0 55
2 0 61
1 2 1559
5 3 532
1 0 63
1 1 62
2 3 368
3 1 1686
3 2 1783
3 0 55
4 1 1607
0 1 1693
3 3 383
1 2 974
4 3 1786
0 2 2262
1 1 75
1 0 82
0 0 55
2 2 2238
5 2 2543
1 2 691
4 0 78
0 3 997
1 0 79
1 1 71
3 2 2473
4 1 1023
2 0 234
5 0 74
1 3 980
0 2 2262
3 0 68
4 3 1945
3 3 872
3 1 1080
2 3 1786
5 1 1608
1 1 273
1 0 280
0 0 76
2 2 1894
5 2 2127
4 0 85
1 2 1094
0 3 1047
5 0 390
3 0 241
1 0 85
1 1 88
4 2 1009
2 0 60
5 3 1098
3 3 927
0 2 2011
4 3 1684
3 1 1221
1 2 1262
5 2 1828
2 1 1228
2 2 1538
1 1 135
1 0 145
0 0 145
2 0 226
4 0 192
0 3 789
3 0 65
5 0 63
1 3 1054
0 2 1194
1 1 81
1 0 71
2 1 1658
0 0 56
3 2 1385
4 2 1568
5 2 1222
4 1 1725
3 1 1638
4 0 54
0 3 364
3 0 50
2 3 2366
0 1 778
5 1 1923
5 0 61
3 1 645
1 3 1344
4 3 977
2 0 66
0 0 59
4 2 1354
3 2 1241
2 1 601
5 1 921
1 0 94
1 1 94
3 0 73
0 3 742
4 0 70
3 3 747
5 2 1807
1 2 977
4 2 365
3 1 968
2 2 1747
5 0 72
1 0 207
1 1 205
2 0 56
0 2 1887
3 0 65
4 3 1572
3 3 464
0 0 66
3 1 513
5 1 1540
1 3 1544
2 3 1651
5 2 1874
0 1 904
2 2 1999
3 0 255
4 0 436
5 0 71
3 3 797
1 0 68
1 1 67
2 0 75
4 2 1469
5 1 1127
0 2 2652
0 0 50
1 2 899
2 1 914
0 3 358
3 2 1991
4 3 2193
1 1 73
1 0 94
5 2 1902
5 0 53
2 2 1571
0 1 1153
3 0 175
2 0 187
4 0 73
5 1 708
3 3 601
0 0 63
5 2 929
2 3 636
1 2 1451
5 0 55
1 1 60
1 0 63
4 3 1034
5 3 448
0 2 938
5 2 842
3 1 1623
4 1 2030
2 1 2740
5 0 199
3 0 83
1 2 1964
0 1 2358
5 2 571
5 1 592
0 0 223
1 0 234
3 3 610
1 1 265
4 0 203
2 0 175
5 0 63
0 3 627
3 1 1210
4 2 760
2 2 780
5 1 645
5 2 681
5 0 67
3 0 52
5 1 554
5 2 564
3 3 549
5 0 66
2 1 1919
1 2 2303
0 1 2339
4 1 2209
2 0 71
1 1 295
1 0 297
4 0 68
3 1 1586
5 2 1000
5 1 1008
0 0 94
5 0 198
4 1 730
2 3 1364
3 0 50
1 3 1327
0 3 823
5 3 828
3 1 363
2 2 1712
1 0 67
1 1 69
4 3 1931
2 0 60
1 3 597
5 2 1708
0 2 1946
4 0 70
2 3 1594
3 2 2556
5 0 90
3 0 88
4 1 1374
2 2 2109
0 0 61
4 2 1421
4 0 169
2 0 66
3 1 887
4 2 564
5 2 1017
4 1 666
5 3 1102
3 3 1111
0 2 1048
4 0 62
0 3 1141
2 3 648
2 2 1020
3 0 174
5 0 182
4 2 676
0 0 58
3 1 486
5 1 630
4 3 1132
2 0 66
3 3 778
0 3 676
2 1 479
4 0 63
3 0 52
5 2 1394
5 0 56
0 2 1469
4 1 699
5 1 361
3 1 689
2 2 1558
0 0 57
2 0 50
0 3 362
2 3 356
5 2 1482
3 2 1845
4 3 1993
5 0 75
3 0 87
4 0 56
3 3 466
5 1 528
2 2 1614
0 2 1807
4 1 366
4 2 406
3 2 1170
5 2 1305
4 0 91
2 0 98
5 0 113
0 0 205
3 0 60
3 3 360
4 2 1141
2 3 1141
5 2 1062
4 1 1164
2 1 1165
5 1 1085
0 2 1052
0 1 1080
4 0 171
5 0 93
0 0 75
3 2 1141
2 0 65
4 1 559
3 0 51
2 3 361
5 3 778
0 3 792
3 1 359
4 3 1466
0 2 1687
5 2 1826
4 0 63
2 2 1747
3 2 1856
0 0 345
5 0 82
4 2 760
3 0 64
0 3 685
2 0 54
5 1 638
3 1 631
2 3 475
2 1 527
4 3 1576
0 2 1466
4 0 70
2 0 70
3 2 1445
5 2 1665
3 0 163
5 0 167
0 0 78
3 3 460
0 1 359
4 2 1076
2 3 1108
5 1 858
4 3 1459
2 2 1742
4 0 57
5 2 1623
0 2 1619
3 2 1796
4 2 582
5 0 215
0 0 103
2 0 107
4 1 640
4 0 52
3 0 59
0 3 478
5 1 626
3 3 379
5 2 1137
2 2 1038
5 0 50
4 3 990
2 1 1262
0 1 1448
2 0 65
4 1 1369
5 2 515
5 1 565
3 1 1464
0 0 102
5 0 96
4 0 56
2 1 773
2 3 794
0 3 559
3 0 61
5 1 655
2 0 50
4 1 681
3 1 542
2 3 356
0 2 1349
5 2 1532
5 0 51
0 0 56
4 3 1742
5 1 462
0 3 355
4 0 48
3 2 1915
2 2 1701
3 0 55
2 0 54
3 3 455
4 1 759
5 2 1518
5 0 54
0 2 1492
3 1 841
5 3 460
2 1 714
4 3 1491
0 0 196
3 0 62
0 1 462
2 2 1265
4 0 61
2 0 56
5 2 1333
0 3 744
3 3 662
5 0 216
0 0 60
4 1 887
2 1 886
3 2 1583
4 3 1451
0 3 705
5 3 865
2 2 1668
3 0 63
2 0 52
4 0 50
5 2 1641
4 2 360
3 1 823
0 2 1777
2 1 1077
5 0 58
4 1 918
3 2 1282
2 2 1377
4 0 63
3 0 65
2 0 54
5 3 509
5 2 1328
3 1 1009
4 1 1017
2 1 984
3 2 1291
2 2 1352
4 3 1480
5 0 101
3 0 68
5 1 549
3 1 534
4 0 60
4 1 363
5 2 1002
3 2 1024
5 0 53
3 0 51
5 1 458
3 1 359
4 3 1074
5 2 1041
3 2 901
4 0 57
5 0 62
3 0 57
4 2 367
5 2 360
4 1 621
5 3 765
3 1 734
4 0 58
3 3 769
4 3 358
4 1 388
5 0 75
3 0 60
5 1 486
5 2 492
3 1 477
3 3 478
4 0 73
5 0 55
4 2 540
4 3 583
5 1 525
5 2 551
5 0 55
4 0 48
5 2 361
4 1 358
5 1 620
4 2 622
5 0 94
4 0 92
4 2 377
5 3 383
5 2 708
4 3 715
5 0 55
4 0 53
5 1 372
4 1 363
5 2 680
4 3 671
5 0 52
5 3 432
5 2 434
4 0 53
4 1 357
4 2 361
4 0 47
4 1 357
4 3 358
4 0 50
4 3 357
4 2 360
