1 1 436
1 0 445
0 0 450
0 3 857
1 2 1394
0 1 1444
1 1 105
1 0 105
1 3 612
0 0 211
0 3 675
0 2 714
1 1 103
1 0 111
1 3 720
0 0 152
2 0 116
0 3 613
1 1 121
1 0 154
0 2 1025
2 1 922
2 2 1096
2 0 353
0 0 264
1 2 1184
1 0 130
1 1 118
0 3 797
2 1 1466
2 2 1541
0 2 1403
2 0 110
1 2 1400
1 0 546
1 1 579
2 2 1426
0 0 126
0 2 695
2 1 2129
2 0 107
1 2 2195
1 0 128
1 1 111
2 2 778
0 1 1999
1 3 589
0 0 186
2 1 1596
2 0 271
1 0 122
1 1 127
0 3 1032
2 2 842
0 1 1746
2 1 1673
1 2 2001
2 0 1593
0 0 1273
4 0 967
1 0 302
1 1 306
2 3 1548
0 2 1492
0 1 2888
4 1 2276
0 0 99
1 2 2269
1 0 109
1 1 111
2 1 3769
0 3 790
2 0 87
0 1 1694
1 2 1536
2 2 585
1 0 95
1 1 92
0 0 92
2 1 1448
0 2 716
2 0 90
2 3 581
1 2 1773
0 1 2159
1 0 458
1 1 474
5 0 263
0 0 101
2 1 2370
5 1 1440
5 2 1844
1 2 2524
0 2 1865
5 0 99
0 1 2111
1 0 104
1 1 258
0 0 89
0 3 568
5 1 1151
5 2 1256
1 3 1261
5 0 86
0 2 1195
5 3 667
5 2 786
1 0 244
1 1 253
0 0 91
1 3 792
0 3 787
0 1 800
5 0 105
5 2 702
1 1 101
1 0 216
5 1 856
0 0 100
5 0 103
1 3 876
0 1 709
5 2 584
0 3 994
5 3 1071
1 1 209
1 0 222
0 0 96
1 2 806
5 0 138
1 1 122
1 0 134
0 3 695
0 2 878
5 1 686
1 2 687
5 2 860
1 1 275
1 0 277
5 0 177
0 0 191
0 1 605
1 3 1126
0 2 1210
5 1 1197
5 2 1207
5 0 124
0 0 119
1 1 101
5 1 756
1 0 118
0 1 885
5 2 1310
0 2 1311
1 2 704
5 0 287
0 0 153
1 0 147
1 1 154
0 3 664
5 1 700
1 2 688
1 1 98
1 0 102
5 2 1229
0 2 1232
5 0 93
1 2 679
1 1 261
1 0 275
0 0 126
5 1 832
5 2 993
5 0 85
5 3 571
0 2 1180
1 2 1413
0 1 1285
1 1 115
1 0 118
5 2 1062
0 0 130
1 3 695
0 3 675
0 2 751
5 0 104
1 0 113
1 1 218
5 2 798
5 1 780
0 0 107
5 0 101
1 2 824
0 3 711
1 0 107
1 1 108
5 1 597
0 2 1252
1 2 671
5 2 1091
5 0 194
1 1 100
1 0 108
0 0 104
0 3 568
5 2 1083
5 1 1228
1 3 1134
0 2 983
5 0 97
5 2 583
5 1 583
1 0 203
1 1 212
0 0 112
5 0 118
1 3 680
0 1 835
5 2 842
0 3 1434
5 3 1440
1 1 92
1 0 97
1 2 930
0 0 111
5 0 187
1 1 105
1 0 120
1 3 586
0 2 1219
5 3 1285
0 3 1287
5 2 1312
1 0 122
1 1 118
0 0 236
5 0 98
1 2 974
1 1 99
1 0 100
5 1 739
0 1 1295
0 2 1385
5 2 1275
0 0 175
5 0 103
1 2 1019
1 0 114
1 1 111
0 3 784
5 2 739
5 1 739
5 0 85
0 1 1333
1 2 1008
5 1 596
5 2 605
1 1 203
1 0 197
5 0 126
0 0 102
5 1 598
1 2 1096
0 1 1147
5 2 1232
1 1 97
1 0 101
0 2 1221
5 0 245
0 0 109
1 3 879
5 2 755
0 1 616
1 0 103
5 3 1280
1 1 105
0 3 1184
1 3 676
5 0 250
0 0 112
1 0 98
1 1 92
0 3 673
5 1 883
0 2 1195
5 2 1393
1 3 739
5 0 107
0 0 267
1 1 120
1 0 114
5 1 829
5 2 1021
0 3 886
5 0 97
1 2 785
1 0 93
1 1 96
0 2 1260
5 2 878
5 1 1008
0 0 111
5 0 98
1 3 1256
0 3 660
5 1 843
1 0 92
1 1 90
0 2 1275
5 2 1297
5 0 123
1 2 691
1 1 158
1 0 177
0 0 167
5 1 730
5 2 963
1 2 608
0 3 578
5 0 97
0 2 1193
5 1 577
5 2 814
5 0 159
0 0 86
5 3 656
0 1 579
5 2 1097
0 2 1066
0 0 98
5 0 89
0 3 1100
0 2 1130
5 2 968
5 3 964
0 0 82
5 0 84
0 3 1008
0 2 1035
5 3 918
5 2 944
0 0 96
5 0 86
0 1 694
5 1 577
0 2 1106
5 2 976
0 0 83
5 0 98
0 3 725
0 1 760
5 1 609
5 2 657
5 0 85
0 0 86
5 3 948
5 2 960
0 3 1130
0 2 1148
5 0 84
0 0 86
5 1 757
5 2 965
0 3 574
5 0 81
0 2 1065
5 1 575
5 2 800
5 0 77
0 0 85
5 2 617
5 1 635
0 1 590
0 3 612
5 0 89
5 3 586
5 2 780
0 0 87
0 3 577
5 0 86
0 2 617
5 1 693
5 2 752
5 0 81
5 3 575
5 2 621
