0 0 243
0 1 294
0 3 292
0 0 18
0 3 76
0 2 85
0 0 17
0 3 75
0 2 78
0 0 16
0 3 72
0 2 74
0 0 19
0 1 77
0 2 79
0 0 41
0 3 83
0 1 80
1 1 22
1 0 35
1 2 78
0 0 24
0 2 80
0 1 81
1 0 26
1 1 24
1 3 94
0 0 24
0 1 79
0 3 79
1 1 20
1 0 25
1 3 76
0 0 19
0 2 75
0 1 75
1 1 18
1 0 18
1 2 75
0 0 33
1 0 33
1 1 42
0 2 82
0 1 87
1 2 154
1 0 19
1 1 25
1 2 75
0 0 18
0 3 75
0 2 76
1 1 18
1 0 18
1 3 74
0 0 36
0 1 93
0 3 76
1 0 18
1 1 19
1 2 74
0 0 18
0 1 74
0 3 75
2 0 21
2 1 76
2 2 75
1 0 19
1 1 19
1 2 74
0 0 18
2 0 18
0 3 77
0 2 80
1 1 20
1 0 21
2 1 88
2 2 122
1 2 87
1 0 17
1 1 18
2 0 21
0 0 20
1 2 123
2 2 124
2 1 139
0 2 128
0 1 175
1 1 19
1 0 19
1 2 74
2 0 18
2 1 75
2 2 75
0 0 17
0 1 73
0 2 75
1 1 18
1 0 19
1 3 74
2 0 16
2 2 75
2 1 74
0 0 16
0 3 73
0 2 76
1 1 15
1 0 18
1 3 73
2 0 16
2 3 73
2 1 74
0 0 16
0 2 75
0 1 75
1 1 16
1 0 17
1 3 73
2 0 18
2 2 74
2 1 74
0 0 23
0 3 75
0 2 78
1 1 24
1 0 25
1 2 78
2 0 18
2 1 76
2 3 74
1 1 17
1 0 17
1 2 73
0 0 17
0 3 73
0 2 74
2 0 16
2 3 73
2 2 73
1 1 16
1 0 16
1 3 73
3 0 19
3 3 74
3 1 77
0 0 26
0 3 74
0 2 74
2 0 91
2 1 75
2 2 74
1 1 16
1 0 17
1 2 73
3 0 17
3 3 74
3 1 74
0 0 17
0 3 75
0 1 75
2 0 17
2 1 74
2 3 78
1 0 22
1 1 25
4 0 23
3 0 21
4 3 87
3 3 74
1 2 138
4 1 140
3 2 92
4 0 16
0 0 21
4 2 107
0 3 74
2 0 18
4 3 148
3 0 21
0 2 137
1 1 23
1 0 23
2 1 103
3 2 117
2 2 205
3 1 154
1 2 148
4 0 16
4 2 73
4 1 74
3 0 15
3 3 72
3 2 73
1 1 17
1 0 18
2 0 20
0 0 27
1 2 150
2 2 127
0 2 127
2 1 178
0 1 171
4 0 18
4 1 73
4 2 73
3 0 17
3 2 75
3 3 74
1 1 16
1 0 23
1 3 75
2 0 20
4 0 20
2 3 75
4 3 76
2 1 140
0 0 19
4 1 146
0 3 72
0 1 96
3 0 17
3 3 73
3 2 75
4 0 19
4 1 81
4 3 79
1 1 22
1 0 27
1 2 89
2 0 14
2 3 75
2 2 75
0 0 18
0 1 74
0 2 74
3 0 18
3 3 73
4 0 17
3 2 82
4 2 77
4 3 82
1 1 13
1 0 15
1 2 72
2 0 15
2 3 74
2 2 73
4 0 13
3 0 15
4 2 76
4 1 84
3 2 73
3 1 87
0 0 14
0 3 72
0 1 74
1 1 15
1 0 17
1 3 77
5 0 16
4 0 15
5 1 92
5 2 123
4 3 124
4 2 128
2 0 13
3 0 15
2 3 75
2 2 91
3 1 75
3 2 94
0 0 14
0 3 73
0 2 78
1 1 16
1 0 20
1 3 156
5 0 18
4 0 27
4 3 138
5 1 139
5 2 141
4 2 148
3 0 16
3 2 74
3 3 80
2 0 13
2 2 73
2 1 75
4 0 14
4 2 74
4 3 73
1 1 16
1 0 19
5 0 16
1 2 77
5 3 75
5 2 73
0 0 19
0 3 73
0 2 75
3 0 15
3 1 73
3 3 76
2 0 15
4 0 16
2 3 75
4 3 73
2 1 125
4 1 127
5 0 15
5 2 73
5 1 76
1 0 15
1 1 13
1 3 74
3 0 15
3 1 73
3 3 72
0 0 18
4 0 16
0 3 75
0 2 75
4 1 74
4 2 74
5 0 12
2 0 12
5 3 72
2 1 72
5 2 120
2 2 127
1 0 15
1 1 16
1 2 75
3 0 16
4 0 13
3 1 77
3 2 81
4 1 80
4 3 81
5 0 13
0 0 20
5 1 78
5 2 112
0 3 75
0 2 111
2 0 13
2 3 72
2 2 73
1 1 14
1 0 22
4 0 14
3 0 14
4 2 74
3 2 73
1 2 171
4 1 179
3 1 159
5 0 12
5 1 75
5 2 76
4 0 16
0 0 16
4 2 76
0 2 77
4 1 117
2 0 18
0 1 236
2 2 170
3 0 27
1 0 29
1 1 28
3 3 80
2 1 245
5 0 19
3 1 190
1 2 175
5 1 79
5 2 82
4 0 16
4 3 73
4 2 74
3 0 15
3 1 74
3 3 73
2 0 23
0 0 25
1 1 24
5 0 25
1 0 31
0 3 74
2 3 103
2 1 104
0 2 105
5 1 98
1 2 105
5 2 107
4 0 15
4 1 73
4 3 73
3 0 20
3 2 73
3 3 80
5 0 19
5 2 74
5 1 74
1 1 16
1 0 17
2 0 21
4 0 16
1 3 90
2 2 74
4 2 95
2 1 128
4 1 135
0 0 27
0 2 79
0 3 80
3 0 16
5 0 19
3 1 116
3 3 119
5 2 80
5 3 105
4 0 18
4 1 75
4 2 78
1 1 16
1 0 16
1 3 73
2 0 18
2 3 73
2 2 74
0 0 14
0 2 73
0 1 73
5 0 19
3 0 17
5 1 82
5 2 81
3 3 82
4 0 23
3 1 93
4 3 78
4 1 91
1 0 16
1 1 19
1 3 72
2 0 15
2 3 73
2 2 74
5 0 15
4 0 17
3 0 17
5 2 120
5 1 121
4 3 123
4 2 125
3 3 74
3 1 75
0 0 18
0 3 74
0 1 74
1 0 15
1 1 18
1 2 74
4 0 15
5 0 15
4 2 113
4 3 117
2 0 25
5 1 214
3 0 19
5 2 222
3 1 77
2 3 94
2 2 154
3 2 150
0 0 20
0 3 72
0 2 74
4 0 16
1 1 16
1 0 17
4 1 76
5 0 17
4 2 121
1 3 136
5 2 74
5 1 134
3 0 14
3 1 72
3 3 75
2 0 15
2 1 75
2 2 75
4 0 14
4 3 73
4 1 73
5 0 15
5 2 76
5 3 73
1 1 16
1 0 18
1 2 76
0 0 20
0 3 73
0 2 75
3 0 15
3 3 72
3 1 73
2 0 15
4 0 16
2 3 76
4 1 74
2 2 134
4 3 135
5 0 16
5 3 72
5 2 76
1 1 20
1 0 18
1 2 74
3 0 16
3 1 73
3 2 73
0 0 15
4 0 16
0 3 74
0 1 96
4 3 74
4 1 99
5 0 16
2 0 17
5 2 75
2 1 75
5 1 128
2 3 127
3 0 18
4 0 17
3 3 74
4 1 74
3 2 124
4 3 126
5 0 15
0 0 15
5 1 75
5 2 96
0 3 73
0 2 99
2 0 15
2 3 73
2 2 74
4 0 15
4 1 73
4 2 75
3 0 16
3 3 72
3 2 73
5 0 19
5 1 77
5 2 73
4 0 17
4 1 73
4 3 77
2 0 17
2 1 75
2 3 74
3 0 18
3 1 75
3 2 78
5 0 21
5 1 75
5 2 75
4 0 16
4 3 73
4 1 75
3 0 15
3 1 73
3 2 74
2 0 19
5 0 17
2 3 74
2 2 90
5 3 73
5 2 96
4 0 15
4 1 75
4 2 73
3 0 15
3 2 73
3 3 73
5 0 19
5 1 79
5 2 76
2 0 21
4 0 20
2 1 130
2 2 130
4 1 132
4 3 132
3 0 20
5 0 20
3 3 75
3 1 78
5 2 76
5 1 77
4 0 17
4 3 74
4 2 76
2 0 16
2 1 74
2 3 74
5 0 16
5 1 73
3 0 18
5 2 85
4 0 21
3 2 86
4 2 75
3 1 127
4 1 127
2 0 15
2 3 73
2 2 74
5 0 20
4 0 19
3 0 18
3 3 73
3 1 78
5 2 137
5 1 141
4 2 142
4 3 142
5 0 15
4 0 16
5 1 75
5 2 96
2 0 20
4 1 89
4 3 128
2 1 93
3 0 16
2 2 138
3 3 73
3 2 99
4 0 24
5 0 21
4 1 75
5 2 76
4 2 134
5 1 133
3 0 17
3 1 73
3 2 74
2 0 16
2 1 75
2 2 76
4 0 14
4 1 75
4 3 80
5 0 18
5 3 72
5 2 82
3 0 15
3 1 73
3 2 73
2 0 19
2 1 74
2 2 78
4 0 17
4 2 74
4 3 78
5 0 19
5 3 74
5 2 80
3 0 14
3 2 73
3 1 73
5 0 14
2 0 15
5 3 92
2 1 76
5 2 133
2 2 119
3 0 17
3 1 76
3 2 74
5 0 16
5 2 74
5 1 73
3 0 14
3 3 72
3 1 73
5 0 16
5 1 74
5 2 74
3 0 14
3 1 73
3 3 73
5 0 15
5 3 75
5 2 78
5 0 16
5 1 75
5 2 75
5 0 15
5 2 74
5 1 75
5 0 16
5 2 75
5 1 75
5 0 17
5 3 73
5 2 74
5 0 15
5 2 74
5 1 74
5 0 16
5 3 73
5 2 74
