0 0 342
0 3 931
0 1 935
0 0 128
1 1 279
1 0 315
0 3 775
0 2 815
1 2 801
1 0 114
1 1 108
0 0 103
1 3 817
0 3 671
0 2 696
1 1 404
1 0 408
0 0 126
1 3 1011
0 3 804
0 2 819
1 0 275
1 1 278
0 0 101
0 2 659
1 2 1273
1 1 124
1 0 126
0 1 1551
0 0 111
0 3 642
1 2 1431
1 0 123
1 1 101
0 1 1487
1 2 940
2 0 393
0 0 234
1 0 223
1 1 236
1 3 818
2 2 1384
2 1 1620
0 1 1691
0 2 1721
1 1 225
2 0 233
1 0 214
0 0 118
2 2 759
0 3 644
2 1 1813
1 2 1877
2 0 362
1 1 179
1 0 156
3 0 158
0 1 2595
2 2 1631
3 3 1415
1 2 2753
2 1 3052
3 1 3032
1 0 322
1 1 322
2 0 131
2 2 662
3 0 91
3 3 637
1 2 1778
2 1 1626
1 0 125
1 1 124
2 0 104
3 1 1847
2 2 760
3 0 95
1 2 1603
2 1 1583
1 0 164
2 0 143
1 1 165
3 3 783
3 2 790
2 3 954
3 0 93
3 2 650
1 2 1820
2 1 1824
1 1 119
1 0 120
3 1 1252
3 0 300
2 0 158
4 0 130
1 3 949
3 3 1276
2 1 1946
4 1 2005
5 0 96
3 2 2704
2 2 3048
2 0 92
4 3 3373
5 1 1425
5 2 1580
2 1 664
5 0 113
4 0 110
2 3 1261
2 0 91
4 3 1457
5 2 1477
5 1 1677
4 2 1957
5 0 116
2 3 1208
2 2 1314
5 3 751
4 0 100
5 2 1069
2 0 122
4 2 802
4 1 1041
5 0 98
4 0 98
2 2 1026
2 1 1291
5 2 1141
2 0 87
5 1 1446
4 1 1305
5 0 103
4 2 1525
4 0 107
2 1 1057
2 3 1163
5 3 753
5 2 1074
4 1 713
2 0 101
4 3 1128
5 0 130
2 1 802
4 0 94
5 1 685
2 2 1516
2 0 91
4 1 840
5 2 1803
2 1 727
5 0 93
4 3 2008
5 1 646
2 2 1746
4 0 111
2 0 111
5 2 1422
5 0 219
2 1 774
4 3 1299
5 2 1089
4 2 1728
2 3 1780
5 1 1527
5 0 93
4 0 128
2 0 100
4 1 675
5 2 1246
2 2 1108
5 1 1750
5 0 94
4 2 1932
2 3 1948
4 0 94
5 2 1122
2 0 105
5 1 1692
4 3 1436
5 0 86
4 2 1759
2 3 1248
2 2 1371
5 3 640
4 0 101
5 2 1161
2 0 103
5 0 93
4 2 1148
4 3 1557
2 3 1475
2 2 1576
5 1 1235
4 0 96
5 2 1476
5 0 213
2 0 113
4 2 1185
2 1 659
5 1 1035
4 3 1758
5 2 1855
2 2 1717
4 0 103
5 0 223
2 0 110
4 1 1204
4 3 1349
2 1 1097
5 2 1319
5 1 1387
2 3 1268
5 0 98
4 0 110
2 0 98
5 2 1014
5 1 1295
4 1 1323
5 0 94
4 2 1395
4 0 94
2 2 1101
2 1 1156
5 3 789
2 0 105
4 1 893
2 3 679
5 2 1884
4 3 1878
2 2 1801
5 0 93
4 0 244
2 0 109
5 3 769
5 2 922
4 2 894
2 2 898
4 1 1289
5 0 230
4 0 112
2 1 1353
2 0 101
5 2 779
4 1 1160
2 1 1069
5 1 1787
4 2 1816
5 0 172
4 0 98
2 3 1950
2 0 96
5 2 1564
5 1 1580
4 2 1489
4 3 1536
2 1 763
5 0 105
4 0 97
5 1 763
2 2 1682
2 0 97
4 1 648
5 2 1723
2 3 648
5 0 82
4 3 1875
5 1 647
2 2 1742
5 2 1309
4 0 97
5 0 472
4 1 990
2 0 113
4 2 1140
5 3 969
4 0 94
5 2 1468
2 2 1115
4 1 656
2 3 1253
5 0 102
4 2 1430
4 0 222
2 0 111
4 1 773
5 1 1315
5 2 1477
5 0 88
2 3 1023
5 1 699
4 3 1959
2 2 1946
5 2 1344
5 0 119
4 0 202
2 0 99
2 1 649
5 1 1337
4 2 1350
5 2 1960
4 3 1973
2 2 1828
5 0 114
2 0 94
4 0 478
5 1 1404
5 2 1427
2 3 1604
2 2 1627
5 0 100
2 0 111
4 3 2039
4 2 2165
5 2 1378
2 1 762
5 1 1573
5 0 258
4 0 115
2 3 1628
5 2 786
4 1 664
2 0 94
5 1 1788
2 2 654
4 2 1684
5 0 100
4 0 111
2 3 1178
5 3 734
4 1 666
2 0 106
5 2 1318
4 3 1226
2 1 659
2 3 661
5 0 120
4 0 120
5 3 773
2 0 106
4 1 787
2 3 656
5 2 1555
4 3 1820
2 2 1475
5 0 118
4 0 100
5 3 759
2 0 101
5 2 1253
4 1 1103
2 1 1117
5 0 87
4 3 1773
2 2 1650
2 0 96
5 1 844
4 0 121
5 2 1227
5 0 98
2 3 1028
2 1 1202
4 1 1197
5 1 964
4 3 1292
5 2 1229
2 0 274
5 0 131
4 0 130
5 3 768
2 3 1189
4 1 678
2 2 1420
4 2 976
5 2 1310
4 0 114
2 0 107
5 0 125
4 1 1127
5 1 695
4 3 1454
2 1 969
2 2 1740
4 0 91
5 2 1872
2 0 101
5 0 97
5 1 653
4 1 1221
2 1 1108
4 3 1882
2 2 1889
5 2 1823
2 0 237
5 0 126
4 0 97
2 1 1147
5 1 1083
2 2 1429
4 1 1029
5 2 1325
4 2 1063
2 0 243
5 0 242
4 0 137
5 3 735
2 1 1357
4 1 1269
2 2 2029
5 2 2029
4 3 1917
5 0 227
4 0 132
5 1 1358
5 2 1357
4 2 1271
4 3 1275
5 0 101
4 0 100
5 2 672
5 3 654
4 2 795
4 1 800
4 0 88
4 3 648
4 2 647
4 0 92
4 1 643
4 3 652
4 0 102
4 2 646
4 1 647
4 0 83
4 1 646
4 3 650
4 0 97
4 2 644
4 3 647
