0 0 410
0 3 990
0 1 1002
0 0 193
0 3 775
0 2 806
0 0 112
0 3 717
0 2 723
0 0 120
1 0 135
1 1 143
0 3 894
0 2 918
1 2 733
1 0 1610
1 1 1610
0 0 1185
2 0 1137
1 3 2279
0 2 1793
0 1 2490
1 1 219
1 0 249
0 0 158
2 1 1894
3 0 122
1 3 1642
0 1 1723
0 3 1946
1 1 125
1 0 156
3 3 1395
0 0 149
1 2 1171
0 2 946
1 1 856
1 0 864
4 0 118
0 1 2396
0 0 133
0 3 711
1 2 2550
1 1 131
1 0 132
4 1 2341
0 1 1963
1 2 1382
1 0 116
1 1 117
0 0 778
5 0 117
0 2 1358
0 1 1367
1 3 1850
0 0 127
5 1 1287
0 1 846
0 2 846
1 0 144
1 1 149
0 0 102
1 2 749
0 3 820
0 2 835
1 1 119
1 0 125
0 0 105
1 2 788
1 1 109
1 0 114
0 3 769
0 1 1355
1 2 1241
1 0 125
1 1 122
0 0 97
0 3 715
1 2 1177
1 1 115
1 0 107
0 1 1304
1 2 1016
0 0 179
1 1 139
1 0 142
0 2 778
0 3 778
1 3 714
0 0 134
1 1 129
1 0 144
0 2 853
0 1 858
1 3 848
0 0 111
1 0 119
1 1 133
0 2 778
0 1 780
0 0 106
1 3 733
0 3 802
0 2 821
1 1 121
1 0 130
0 0 104
1 2 921
1 0 123
1 1 122
0 2 789
0 1 1383
0 0 107
1 2 1132
1 1 119
1 0 158
0 3 818
0 2 833
1 3 723
0 0 106
1 1 119
1 0 143
0 3 712
0 2 720
1 2 808
1 0 110
1 1 111
0 0 105
1 2 794
0 3 833
0 2 851
1 1 253
1 0 255
0 0 103
1 2 946
1 0 112
1 1 120
0 3 773
0 1 1377
1 2 1215
1 1 109
1 0 117
0 0 106
1 3 777
0 3 707
0 2 717
1 0 109
1 1 109
0 0 102
0 2 724
1 2 1292
0 1 1379
1 0 119
1 1 130
0 0 108
0 3 713
1 2 1330
0 1 1397
1 0 123
1 1 131
0 0 135
1 3 752
0 2 820
0 1 829
1 1 114
1 0 115
0 0 113
1 3 770
0 1 717
0 3 729
1 0 113
1 1 137
0 0 115
1 2 721
1 0 118
1 1 119
0 2 784
0 3 794
1 3 714
0 0 102
1 0 114
1 1 145
0 3 718
0 2 728
1 2 804
0 0 131
1 1 125
1 0 133
0 3 712
0 2 733
1 2 734
1 1 114
1 0 123
0 0 122
1 2 821
1 1 120
1 0 140
0 3 772
0 2 793
1 2 734
1 1 189
1 0 201
0 0 129
1 3 770
0 2 729
0 1 734
0 0 125
1 0 116
1 1 134
0 3 788
0 2 809
1 3 717
0 0 109
1 1 120
1 0 127
0 2 728
0 3 719
1 3 803
0 0 123
1 0 120
1 1 124
0 2 727
0 1 1228
0 0 93
1 2 1386
1 1 126
1 0 152
0 3 708
0 1 824
1 3 723
0 0 97
1 0 114
1 1 115
0 2 717
0 3 717
1 2 813
1 0 108
1 1 108
0 0 100
1 2 775
0 3 708
0 2 716
0 0 94
0 3 774
0 1 781
0 0 117
0 3 708
0 2 713
