0 0 367
0 1 992
0 3 993
0 0 209
0 3 782
0 2 825
0 0 105
0 3 717
0 2 731
0 0 110
0 3 726
0 2 737
0 0 116
0 1 799
0 2 798
1 1 151
1 0 149
0 0 120
0 3 799
1 2 1367
1 1 233
1 0 236
0 1 1490
1 3 884
0 0 162
1 1 237
1 0 246
0 1 863
0 2 847
0 0 232
1 3 964
0 3 847
0 1 856
1 1 141
1 0 123
0 0 103
1 2 1057
0 2 826
1 1 911
1 0 912
2 0 867
0 1 2212
0 0 118
2 2 936
1 2 2258
1 1 114
1 0 131
0 2 967
0 1 1423
0 0 165
1 2 1080
1 1 118
1 0 140
0 3 736
0 2 747
1 3 742
0 0 108
1 0 112
1 1 118
0 3 718
0 1 1004
3 0 214
1 2 1705
1 1 198
1 0 341
0 0 227
3 3 1037
0 3 898
1 2 1454
0 1 1466
4 0 350
1 0 148
1 1 183
0 0 115
1 2 861
4 3 1041
1 0 121
1 1 122
0 3 707
0 2 886
1 2 799
1 1 122
1 0 121
0 0 109
1 2 1121
0 2 717
1 0 112
1 1 122
0 1 1071
0 0 118
1 3 850
0 1 1668
0 2 1642
5 0 578
0 0 248
1 0 150
1 1 154
0 2 842
0 3 835
1 3 736
0 0 143
1 0 139
1 1 165
0 1 750
0 2 757
1 3 749
0 0 102
1 1 124
1 0 130
0 2 788
0 3 817
1 2 725
0 0 205
1 1 132
1 0 152
0 3 721
0 2 803
1 2 741
1 0 122
1 1 125
0 0 112
1 3 782
0 3 707
0 2 742
1 0 118
1 1 125
0 0 112
1 2 995
0 3 769
1 1 124
1 0 125
0 1 1378
1 2 1070
1 0 107
1 1 107
0 0 112
1 2 794
0 3 708
0 2 722
1 1 116
1 0 128
1 2 810
0 0 101
1 0 117
1 1 125
0 2 740
0 1 779
1 3 714
0 0 108
1 0 114
1 1 111
0 3 707
0 1 929
1 2 1011
0 0 188
1 1 123
1 0 133
0 2 777
0 1 1452
1 2 1394
0 0 268
1 0 146
1 1 149
0 3 819
0 1 837
1 3 725
0 0 146
1 0 142
1 1 158
0 3 711
0 2 734
1 3 732
0 0 129
1 1 136
1 0 125
0 3 717
0 2 729
1 2 814
1 0 122
1 1 128
0 0 108
1 3 853
0 3 715
0 2 724
1 1 121
1 0 138
0 0 120
1 2 735
1 1 129
1 0 143
0 3 780
0 2 793
1 2 731
1 1 209
1 0 210
0 0 125
0 2 722
1 2 1409
0 1 1350
1 0 259
1 1 271
0 0 157
1 2 861
0 2 740
0 3 722
1 0 130
1 1 144
1 3 786
0 0 109
0 3 720
0 2 725
1 1 229
1 0 239
1 3 824
0 0 220
0 1 841
0 2 825
1 0 127
1 1 130
0 0 125
1 3 793
0 3 708
0 1 742
1 0 118
1 1 119
0 0 133
1 2 751
1 1 138
1 0 145
0 3 786
0 2 823
1 3 728
0 0 114
1 1 125
1 0 129
0 2 725
0 3 711
1 2 824
1 0 153
0 0 136
1 1 167
0 3 714
1 2 1438
0 1 1424
0 0 107
0 3 792
0 2 798
