0 0 315
0 3 656
0 1 659
1 0 88
1 1 93
0 0 97
1 2 441
2 0 83
0 3 661
1 0 88
1 1 91
0 2 705
2 1 713
2 2 986
1 3 717
0 0 96
2 0 82
0 3 560
1 0 74
1 1 78
2 1 556
0 2 860
2 2 868
1 3 427
2 0 557
3 0 379
0 0 158
1 0 112
1 1 119
2 1 1264
3 3 1072
2 2 1315
0 2 1114
2 0 69
0 3 1141
3 1 1669
2 2 499
0 0 127
3 0 94
0 2 573
1 2 1829
1 0 80
1 1 86
3 3 604
2 1 1672
2 0 64
2 2 430
0 1 1815
0 0 104
0 3 429
3 1 2178
1 2 1813
1 1 81
1 0 84
2 1 1560
2 0 92
3 0 93
2 3 562
3 2 448
3 3 432
0 1 1598
1 2 1304
1 1 135
3 0 257
2 1 1628
1 0 283
4 0 1422
0 0 1449
5 0 95
1 3 2095
3 2 2412
3 1 2421
0 1 2333
5 1 934
3 0 100
1 1 98
1 0 96
4 3 1719
3 3 453
1 2 443
5 2 1621
5 0 61
3 2 1075
1 1 74
1 0 116
5 1 453
5 2 508
1 2 471
3 0 175
5 0 56
1 0 86
1 1 95
3 3 868
3 2 879
1 2 443
5 2 784
5 3 773
3 0 63
1 0 111
5 0 103
1 1 121
3 3 523
1 2 450
5 1 445
3 2 851
5 2 764
1 1 192
1 0 204
5 0 91
3 0 65
1 2 549
5 3 619
5 2 630
1 1 90
1 0 213
3 2 731
3 3 729
5 0 62
1 3 712
3 0 149
5 2 689
5 1 712
3 1 537
5 0 105
1 1 82
1 0 90
3 2 850
3 0 72
5 2 849
5 1 876
3 1 451
1 3 874
5 0 75
3 2 797
5 1 572
3 0 91
1 0 93
1 1 99
5 2 895
3 3 425
1 3 461
5 0 97
3 2 798
5 1 600
1 0 97
1 1 102
5 2 756
5 0 194
3 0 93
1 2 708
1 1 99
1 0 106
5 1 589
5 2 484
3 3 468
5 0 67
3 1 884
1 2 784
5 3 449
5 2 457
1 0 85
1 1 83
3 0 68
5 0 82
1 3 630
3 3 529
3 1 550
5 2 563
5 1 598
1 1 98
1 0 240
5 0 217
3 0 78
5 1 562
1 2 905
5 2 930
3 1 792
3 2 815
1 0 218
1 1 234
5 0 89
3 0 75
5 1 464
1 2 909
3 1 893
5 2 955
1 0 82
1 1 83
3 2 949
5 0 94
3 0 78
5 1 444
5 2 453
3 3 426
1 2 745
5 0 78
1 0 90
1 1 93
3 1 1004
5 3 428
5 2 440
1 2 632
3 0 104
1 1 108
1 0 116
3 1 525
3 3 544
5 0 81
1 3 518
5 2 455
5 3 466
1 0 97
1 1 100
3 0 94
1 2 582
5 0 86
3 3 569
3 2 680
1 1 96
1 0 99
5 1 443
5 2 546
1 2 612
5 0 97
3 0 104
3 3 591
1 0 91
1 1 91
5 2 631
3 1 665
5 1 675
5 0 77
3 0 78
1 3 719
5 2 590
5 1 804
3 3 562
3 1 593
5 0 72
1 0 81
1 1 89
5 2 536
3 0 76
5 1 825
1 3 833
5 0 77
3 1 453
3 3 508
5 2 553
5 3 626
1 0 133
1 1 136
3 0 121
3 2 546
5 0 76
1 2 981
3 1 980
5 1 460
5 2 473
1 0 109
1 1 113
3 0 114
5 0 159
3 3 491
3 1 532
5 2 527
1 3 800
5 1 952
3 0 81
5 0 81
1 0 93
1 1 102
3 3 440
5 2 449
5 1 457
3 1 612
1 2 671
5 0 63
3 0 69
1 1 76
1 0 83
5 1 579
5 2 867
5 0 66
3 2 909
3 1 927
1 2 801
3 0 71
1 1 122
1 0 103
5 1 618
3 3 578
1 2 457
5 2 941
3 2 921
5 0 72
1 0 97
1 1 103
5 1 459
5 2 608
3 0 96
1 2 618
5 0 72
1 1 73
1 0 101
3 3 749
3 2 765
1 3 629
5 3 922
5 2 947
3 0 89
1 1 119
1 0 121
5 0 116
3 1 577
5 3 435
1 3 458
3 2 888
5 2 953
3 0 70
1 0 100
1 1 96
3 1 609
3 2 466
5 0 77
1 3 459
3 0 72
1 0 69
1 1 75
5 2 783
5 3 783
3 2 713
3 3 711
1 2 444
5 0 63
1 0 83
1 1 89
3 0 77
5 2 471
3 3 445
3 1 445
5 1 918
1 3 917
5 0 69
3 0 71
5 1 519
1 1 73
1 0 77
5 2 766
3 1 660
5 0 66
3 2 836
1 2 616
3 0 79
5 2 681
1 0 76
1 1 80
5 3 748
3 3 752
3 1 810
1 2 646
5 0 91
3 0 63
5 1 614
5 2 782
3 3 426
5 0 61
3 2 759
5 1 435
5 2 577
3 0 153
5 0 62
3 1 522
5 1 443
3 2 866
5 2 788
3 0 70
5 0 68
3 1 441
5 3 424
3 2 778
5 2 917
3 0 70
3 1 437
3 2 436
5 0 68
3 0 69
5 1 445
5 2 651
3 1 437
5 0 58
3 2 753
3 0 67
5 2 619
5 3 614
3 1 432
3 3 542
3 0 59
3 3 425
3 1 432
