0 0 330
0 3 969
0 1 990
0 0 120
0 3 795
0 2 831
0 0 110
0 3 715
0 2 717
0 0 104
0 3 720
0 2 722
0 0 114
0 1 718
0 2 718
0 0 105
0 3 719
0 1 737
0 0 302
1 0 301
1 1 314
0 2 913
0 1 1306
0 0 169
1 2 2043
0 3 923
1 0 154
1 1 140
0 1 1400
1 3 966
0 0 145
1 1 148
1 0 146
0 2 800
0 1 801
0 0 149
1 3 940
0 1 741
0 2 742
0 0 188
1 0 141
1 1 139
0 3 711
0 2 756
1 2 914
1 1 126
1 0 131
0 0 101
2 0 113
1 2 1175
1 0 159
1 1 129
0 3 1088
2 2 978
0 1 2292
2 1 2349
1 2 1846
2 0 257
1 0 191
1 1 181
0 0 162
2 2 845
1 3 756
0 3 711
2 1 1635
0 1 1708
2 0 142
1 1 173
1 0 185
2 2 788
0 0 113
0 3 718
1 2 1532
0 2 805
2 1 1788
1 0 360
1 1 365
2 0 189
0 0 105
2 2 971
0 2 1077
3 0 121
1 2 2474
2 1 2866
1 0 349
1 1 359
2 0 114
3 3 2062
0 1 3787
2 2 1703
0 0 111
0 2 1214
3 1 4890
1 2 4596
2 1 4454
1 0 131
1 1 146
2 0 123
4 0 164
0 1 4113
2 3 1273
0 0 112
0 3 1559
4 3 2663
1 2 3974
0 2 2163
2 1 4402
1 1 130
1 0 147
4 1 4179
2 0 113
4 0 111
1 2 1565
1 0 130
1 1 128
2 1 1297
2 2 1802
5 0 739
2 0 521
4 2 2486
4 3 2962
2 1 2208
5 2 3077
1 3 4359
5 1 4111
2 3 3415
1 0 367
1 1 378
5 0 138
2 0 100
5 2 994
2 2 867
1 3 2066
5 1 1928
5 0 110
2 3 1528
1 0 323
1 1 328
5 2 1139
5 3 1153
2 0 116
1 3 1077
5 0 129
2 1 917
2 2 1035
2 0 251
1 1 127
1 0 139
5 2 971
5 1 1203
5 0 107
2 3 1207
2 1 1499
1 2 1393
5 3 708
5 2 750
1 1 130
1 0 143
2 0 113
5 0 102
1 2 1136
1 1 138
1 0 135
2 1 1149
5 1 980
2 2 1353
2 0 106
5 2 1456
1 3 1010
5 0 115
2 1 860
1 1 131
1 0 134
5 1 745
2 2 1455
5 2 1345
2 0 102
5 0 99
1 2 1009
1 0 134
1 1 119
5 2 854
2 3 1360
2 1 1471
5 1 1368
1 2 1177
5 0 115
1 1 131
1 0 166
2 0 107
1 2 746
5 2 1388
5 1 1389
1 1 147
1 0 151
5 0 127
2 2 1438
2 3 1451
1 2 736
1 0 132
1 1 146
5 2 1168
2 0 103
5 1 1475
5 0 116
5 3 710
1 3 1571
2 2 1290
2 3 1384
5 2 1243
1 1 124
1 0 133
2 0 112
5 0 108
1 2 868
1 1 134
1 0 136
2 3 1394
2 2 1400
1 2 746
5 2 1410
5 1 1447
1 0 139
1 1 150
5 0 100
2 0 97
2 1 725
1 3 1419
5 2 1435
5 1 1580
5 0 101
2 2 1510
2 0 125
1 0 125
1 1 138
5 2 1142
2 1 724
5 1 1961
5 0 97
2 3 2147
1 3 2143
5 2 728
5 1 1192
2 0 277
1 0 142
5 0 147
1 1 152
5 3 1117
2 1 1455
2 2 1484
5 2 1350
1 2 1325
2 0 348
1 1 163
1 0 145
5 0 106
2 2 1033
5 3 745
2 3 1559
5 2 961
1 3 1493
2 0 126
1 0 176
1 1 177
5 0 150
5 1 759
2 1 1389
2 2 1390
2 0 105
5 2 1337
1 2 1427
5 0 308
1 0 136
1 1 140
5 2 899
2 3 1303
2 1 1447
5 1 1318
1 2 1183
5 0 302
1 1 147
1 0 151
2 0 118
5 1 932
5 2 1293
1 2 1303
5 0 109
1 1 127
1 0 128
2 2 1387
2 1 1395
2 0 112
5 1 1058
1 2 949
1 0 110
1 1 111
5 2 1405
5 0 100
2 3 1362
2 2 1485
5 3 709
1 3 1170
5 2 942
2 0 119
1 1 254
1 0 260
5 0 94
2 2 1042
5 2 920
2 3 1650
1 3 1996
5 1 1867
2 0 119
5 0 110
1 1 114
1 0 125
2 2 1372
5 2 1367
2 3 1745
5 1 1886
5 0 94
1 3 1804
2 0 120
5 1 1128
1 0 135
1 1 136
5 2 1410
2 1 1075
5 0 102
2 2 1407
1 2 1063
2 0 103
1 1 122
1 0 114
5 1 1098
5 2 1407
5 0 95
2 2 1403
5 2 928
2 3 1971
1 3 1854
5 1 1606
5 0 147
2 0 137
1 1 112
1 0 126
5 2 833
2 1 1389
5 1 1507
2 3 1502
1 2 1274
5 0 220
1 0 141
1 1 148
2 0 118
5 3 828
1 2 752
5 2 1006
2 3 973
2 2 1103
5 0 99
2 0 118
5 3 716
5 2 722
2 3 724
2 1 728
5 0 99
2 0 123
5 3 835
5 2 1014
2 3 756
2 2 902
5 0 109
2 0 111
5 1 830
5 2 923
5 0 109
2 1 733
5 1 735
2 2 1292
2 0 110
5 2 1250
5 0 106
2 1 748
2 3 762
5 3 732
5 2 755
2 0 104
5 0 109
2 2 1320
2 3 1358
5 1 1261
5 2 1233
5 0 96
2 0 119
5 1 831
2 1 724
5 2 1191
5 0 98
2 2 1289
2 0 118
5 1 895
2 1 727
5 2 1456
5 0 96
2 2 1319
2 0 99
5 3 712
5 2 1293
2 1 822
2 2 1162
2 0 220
5 0 110
2 1 837
5 1 737
2 2 1428
5 2 1326
5 0 95
5 2 723
5 3 711
