0 0 317
0 3 723
0 1 737
0 0 92
0 3 518
0 2 528
0 0 81
0 3 506
0 2 507
0 0 88
0 3 513
0 2 527
0 0 313
0 2 712
0 1 743
0 0 84
0 3 498
0 1 503
0 0 95
0 2 502
0 1 516
0 0 82
0 3 555
0 1 567
0 0 117
0 1 517
0 2 521
1 0 98
1 1 100
0 0 85
1 2 583
0 2 662
1 0 182
1 1 187
0 1 925
0 0 81
1 3 639
0 3 502
0 2 509
1 1 97
1 0 90
0 0 93
1 3 660
0 3 602
0 1 612
1 1 95
1 0 113
0 0 170
1 2 709
1 1 80
1 0 88
0 3 592
0 1 949
1 2 866
1 1 102
1 0 119
0 0 107
1 2 591
0 3 583
0 2 596
1 0 81
1 1 84
0 0 79
1 3 586
0 2 579
0 1 584
1 0 87
1 1 93
2 0 78
0 0 83
2 2 767
1 2 1220
0 2 786
1 0 80
1 1 86
2 1 1379
2 0 73
2 2 505
0 1 1796
0 0 76
1 2 1390
2 1 1250
0 3 609
0 2 625
1 1 96
1 0 225
2 0 90
0 0 91
2 2 568
1 2 1228
0 2 570
1 0 80
1 1 80
2 1 1344
2 0 84
2 2 508
0 1 1522
0 0 84
1 2 1328
2 1 1193
0 3 584
0 2 603
1 1 219
1 0 238
2 0 124
0 0 87
2 2 635
0 3 496
1 2 1113
2 1 1004
0 2 714
1 0 157
1 1 153
2 0 150
0 0 93
2 1 644
1 3 965
3 0 958
0 2 1376
0 3 1386
2 3 2049
3 1 1476
3 3 1736
0 0 94
2 0 122
0 3 627
2 2 632
3 0 81
3 3 502
0 1 1288
2 1 1345
2 0 85
3 1 1269
0 0 107
2 3 617
2 1 775
0 3 507
0 2 517
3 0 86
2 0 82
0 0 86
3 3 614
2 3 524
3 2 938
0 1 526
3 0 73
2 2 1275
0 2 1447
3 1 516
0 0 84
2 0 81
3 2 926
3 0 75
0 3 712
0 1 946
3 3 623
2 1 944
2 2 1025
3 2 1575
4 0 207
2 0 225
0 0 102
2 3 650
3 0 102
0 2 728
3 3 499
3 2 626
4 1 1698
2 1 1662
0 1 1486
0 0 96
3 0 100
2 0 80
0 1 784
3 2 795
0 3 1017
3 3 1010
2 1 708
2 2 730
2 0 182
0 0 170
3 0 88
2 1 673
0 3 999
3 3 932
2 2 1497
2 0 80
0 2 1544
3 2 1551
2 3 650
2 1 654
0 0 254
3 0 126
0 3 643
2 0 96
3 1 685
2 3 511
0 2 1443
3 2 1451
3 0 99
2 2 1800
5 0 433
0 0 118
3 1 1290
5 1 1107
0 3 942
2 0 80
3 2 2312
3 0 82
2 3 640
3 3 498
0 2 2030
0 0 92
2 2 2195
5 2 3637
3 2 2117
0 3 806
5 0 604
0 2 2048
5 1 1236
3 0 81
5 2 1472
5 0 94
3 1 638
3 3 808
0 0 152
5 3 754
0 1 674
3 0 81
5 2 1120
0 2 1032
3 1 603
3 3 608
0 0 165
5 0 91
0 3 683
3 0 78
5 1 615
0 2 1114
3 1 617
5 2 1332
5 0 86
0 0 83
3 2 1318
3 0 84
3 1 504
5 3 1073
0 3 1063
0 2 1532
5 2 1538
3 2 1284
3 0 193
5 0 180
0 0 96
3 3 662
5 1 581
3 1 965
0 1 784
5 2 1119
0 2 1062
5 0 102
3 0 219
0 0 231
5 1 640
5 2 644
5 0 94
3 3 1090
3 1 1152
0 3 1006
0 1 1071
5 1 656
5 2 659
5 0 177
3 0 80
0 0 93
5 1 751
3 3 1002
0 3 843
5 2 1519
5 0 69
3 2 1671
0 2 1501
5 1 506
5 2 749
3 0 78
0 0 102
5 0 94
3 1 639
3 3 1221
0 2 981
5 2 987
0 3 1410
5 3 1463
3 0 80
5 0 114
3 3 604
0 0 113
3 1 690
5 1 523
5 2 526
0 3 699
0 1 717
5 0 163
3 0 87
5 1 587
5 2 740
3 1 654
3 3 673
0 0 92
5 0 89
0 3 669
5 1 515
3 0 73
3 1 506
0 2 1245
5 2 1282
5 0 79
3 2 1164
3 0 105
5 1 674
5 2 772
5 0 71
3 1 623
3 3 713
5 2 500
5 3 602
3 0 80
5 0 79
3 1 502
3 3 586
5 2 614
5 3 703
3 0 80
5 0 81
3 1 627
3 2 717
3 0 79
5 1 632
3 3 622
5 2 1019
5 0 72
3 2 1017
5 1 510
5 2 605
3 0 78
5 0 116
3 3 530
5 1 548
3 2 1013
5 2 1021
5 0 92
3 0 76
5 1 510
5 2 649
5 0 83
3 1 636
3 2 1031
5 3 515
3 0 80
5 2 901
3 1 536
3 2 677
5 0 98
3 0 100
3 3 516
5 1 510
3 2 1002
5 2 1002
5 0 79
3 0 85
5 1 519
5 2 520
5 0 85
3 3 504
3 1 525
5 1 658
5 2 666
5 0 74
3 0 79
5 1 505
3 1 509
5 2 929
3 2 929
5 0 89
3 0 93
5 1 521
5 2 529
3 3 498
3 1 525
5 0 79
5 1 523
3 0 79
5 2 573
5 0 74
3 3 768
3 2 906
5 3 904
5 2 981
3 0 78
5 0 89
3 1 626
5 3 501
3 2 933
3 0 71
5 2 921
3 1 523
3 2 610
5 0 89
3 0 81
5 3 495
3 1 505
5 2 984
3 2 983
3 0 91
5 0 88
3 1 616
3 2 744
3 0 70
5 1 512
5 2 663
5 0 89
3 3 495
3 1 519
5 1 643
5 2 646
5 0 81
3 0 84
5 2 510
3 1 505
3 3 989
5 3 989
5 0 70
5 1 500
5 2 501
5 0 74
5 1 499
5 2 502
5 0 70
5 1 501
5 2 501
5 0 71
5 3 494
5 2 501
5 0 72
5 1 503
5 2 502
5 0 71
5 3 500
5 2 503
