0 0 319
0 1 424
0 3 424
0 0 47
0 3 151
0 2 158
0 0 37
0 3 146
0 2 147
0 0 88
0 3 196
0 2 150
1 0 43
1 1 45
1 2 147
0 0 88
0 1 203
0 2 201
1 1 36
1 0 38
1 3 163
0 0 30
0 3 183
0 1 188
1 1 67
1 0 72
1 3 177
0 0 45
1 1 83
1 0 87
0 2 196
0 1 206
1 2 245
1 0 34
1 1 34
0 0 31
1 2 206
0 3 159
0 1 234
1 1 28
1 0 36
1 2 146
0 0 30
0 2 149
0 1 149
1 1 31
1 0 32
1 3 146
0 0 33
0 2 166
0 1 166
1 1 29
1 0 32
1 2 146
0 0 34
0 2 145
0 3 146
1 0 40
1 1 35
1 2 147
1 1 37
1 0 43
0 0 59
0 3 151
1 2 301
0 1 307
2 0 34
2 1 148
2 2 147
1 1 30
1 0 31
1 2 151
0 0 27
0 1 148
0 3 144
2 0 31
2 1 146
2 2 147
1 1 30
1 0 31
1 2 146
0 0 35
0 2 147
0 3 150
2 0 33
2 1 147
2 2 146
1 1 29
1 0 36
1 3 146
0 0 30
0 2 146
0 1 152
2 0 41
2 1 258
2 2 263
1 0 35
1 1 42
1 3 145
0 0 29
2 0 28
1 0 31
1 1 34
1 3 147
0 2 262
0 1 277
2 2 258
2 1 269
1 1 76
1 0 79
2 0 38
0 0 30
3 0 36
2 3 150
0 2 157
0 3 158
1 2 312
2 1 311
3 3 230
3 1 332
1 1 28
1 0 38
3 0 41
2 0 43
3 3 150
2 2 153
1 2 279
0 0 32
0 2 148
3 1 421
2 1 432
0 1 297
1 0 42
3 0 37
1 1 58
1 3 148
3 3 144
3 2 147
2 0 34
2 3 149
2 1 151
0 0 32
0 3 144
0 2 147
3 0 28
1 1 33
1 0 37
3 2 147
3 1 225
1 2 221
2 0 30
2 3 146
2 2 146
0 0 37
3 0 32
1 1 33
1 0 37
0 3 271
0 2 282
3 3 277
3 2 282
1 2 155
2 0 30
2 2 147
2 1 147
3 0 31
3 2 146
3 3 146
1 0 46
1 1 51
0 0 65
0 3 153
0 2 159
1 2 153
2 0 36
2 1 151
2 3 146
3 0 32
3 2 147
3 3 147
1 0 34
1 1 34
1 2 146
0 0 34
0 1 148
0 3 147
3 0 26
2 0 54
3 3 151
2 1 153
3 2 270
2 2 277
1 0 94
1 1 100
1 3 201
0 0 32
3 0 49
0 3 159
3 1 171
0 2 253
2 0 32
3 2 299
2 1 152
2 2 201
1 1 33
1 0 39
1 2 144
3 0 30
3 2 146
3 1 148
0 0 41
0 2 154
0 1 158
2 0 36
2 3 151
2 1 163
1 1 32
1 0 32
1 2 148
3 0 28
3 2 145
3 3 147
0 0 33
2 0 39
1 1 51
1 0 52
0 1 158
0 3 165
2 2 157
2 3 167
1 3 235
3 0 32
3 1 146
3 3 155
4 0 35
4 3 150
4 1 151
1 0 39
1 1 39
2 0 104
0 0 33
3 0 33
3 3 150
1 3 315
4 0 44
2 2 322
2 3 322
0 1 252
0 2 289
3 1 263
4 2 227
4 3 251
1 0 28
1 1 29
4 0 42
3 0 51
2 0 39
1 2 260
4 2 263
0 0 32
2 3 268
3 2 294
2 2 281
0 3 166
4 1 406
3 1 415
0 1 267
1 0 40
4 0 56
3 0 48
1 1 50
3 2 156
2 0 33
4 2 295
1 3 294
2 2 154
4 1 339
3 1 358
2 1 263
0 0 27
4 0 28
0 3 144
0 2 206
4 1 150
4 3 206
3 0 40
1 1 34
1 0 36
3 3 144
3 1 227
1 2 221
2 0 36
4 0 32
2 3 206
2 1 243
4 3 149
4 1 187
0 0 32
3 0 35
0 2 147
3 1 152
0 3 223
1 0 31
1 1 33
3 3 227
1 2 147
4 0 31
4 3 151
4 2 154
2 0 30
2 2 148
2 1 150
3 0 27
3 2 147
3 3 146
0 0 235
1 1 47
1 0 64
4 0 59
0 2 348
0 3 157
4 2 357
4 1 325
1 2 325
2 0 64
3 0 33
2 2 195
2 3 190
4 0 34
3 3 148
3 1 152
4 3 146
4 2 147
1 0 31
1 1 32
1 2 144
0 0 28
0 3 143
0 2 146
4 0 102
3 0 106
2 0 105
4 2 215
3 3 204
4 3 334
3 1 323
2 2 321
2 1 262
1 1 36
1 0 41
1 3 149
4 0 30
0 0 29
4 2 149
3 0 35
4 3 212
3 3 144
0 2 216
0 1 251
2 0 30
3 1 294
2 3 264
1 1 37
1 0 40
2 1 323
1 3 148
4 0 32
4 3 146
4 1 148
3 0 38
3 1 149
3 2 147
0 0 24
0 3 142
0 2 153
2 0 29
4 0 40
2 2 234
1 0 54
1 1 56
2 1 245
4 1 188
1 3 290
4 2 301
3 0 30
3 3 145
3 1 151
4 0 29
4 1 147
4 3 148
0 0 31
2 0 40
1 1 50
0 3 286
1 0 51
5 0 42
3 0 84
2 3 403
1 2 246
0 2 513
5 1 255
3 3 193
2 2 546
4 0 47
3 1 275
5 2 368
4 2 156
4 1 183
5 0 35
2 0 51
0 0 41
1 1 60
1 0 65
3 0 46
4 0 29
0 1 331
2 3 452
5 1 485
3 1 402
2 2 522
4 1 278
5 2 551
1 3 534
0 2 577
4 2 375
3 2 562
5 0 36
5 3 144
5 2 144
1 0 59
3 0 82
4 0 156
2 0 136
1 1 147
0 0 37
3 3 299
1 2 314
4 2 351
2 3 347
0 3 221
0 1 242
4 3 464
5 0 32
3 2 496
2 2 507
5 1 156
5 2 293
4 0 42
4 1 154
3 0 41
4 3 194
1 1 35
1 0 41
3 3 143
3 2 329
2 0 30
5 0 35
1 2 336
0 0 41
2 1 201
5 3 304
4 0 40
0 3 307
2 2 376
5 2 420
4 1 150
4 2 151
0 2 420
3 0 31
3 1 150
3 2 154
5 0 86
2 0 34
4 0 29
4 1 151
5 2 291
2 2 295
0 0 28
5 1 415
2 3 369
4 2 312
0 3 146
0 2 147
3 0 37
3 2 147
3 1 150
5 0 31
4 0 26
5 1 149
5 2 173
4 1 146
4 3 221
2 0 30
2 3 146
2 1 146
3 0 31
0 0 31
3 2 146
3 3 311
5 0 36
4 0 49
0 1 272
0 3 326
5 2 305
5 1 309
4 2 305
4 3 307
2 0 30
3 0 35
2 2 149
2 3 151
5 0 33
3 3 144
3 1 148
4 0 39
0 0 27
5 1 293
5 2 306
4 2 218
0 3 145
4 3 299
0 2 252
3 0 64
2 0 53
5 0 53
4 0 45
3 2 291
5 2 286
2 3 402
3 1 416
2 1 428
5 1 427
4 2 417
4 1 421
4 0 28
5 0 37
3 0 32
4 1 246
4 3 257
5 3 315
2 0 39
3 1 303
5 2 332
3 3 320
2 3 150
2 2 166
4 0 29
5 0 32
4 1 176
3 0 29
4 3 244
5 1 150
3 3 149
5 2 309
3 2 289
2 0 26
4 0 26
2 1 175
2 2 178
5 0 30
4 1 179
4 3 200
5 1 149
3 0 30
5 2 195
3 1 148
3 2 171
4 0 28
2 0 29
4 3 148
5 0 28
4 1 204
2 1 203
2 3 212
5 2 146
5 1 259
3 0 32
3 2 144
3 1 146
4 0 25
4 1 146
4 2 145
5 0 27
5 2 145
5 1 146
2 0 27
3 0 28
2 3 145
3 1 146
2 2 222
3 2 225
4 0 29
4 1 152
4 3 151
5 0 36
5 2 148
5 3 150
3 0 30
2 0 31
4 0 34
3 2 433
3 1 435
5 0 41
2 1 508
5 3 151
4 1 314
2 2 553
4 3 398
5 2 296
4 0 89
3 0 47
3 3 146
4 2 158
2 0 30
2 2 149
5 0 32
4 1 408
3 1 365
2 1 288
5 1 149
5 2 153
4 0 29
3 0 29
4 3 147
4 1 213
3 3 146
3 1 213
5 0 31
2 0 33
5 1 184
5 2 258
2 1 147
4 0 30
2 2 279
4 2 148
4 3 199
5 0 30
5 1 146
5 2 145
4 0 30
2 0 31
4 2 147
2 2 147
4 1 243
2 1 244
5 0 29
5 1 143
5 2 146
4 0 29
4 2 147
4 3 147
5 0 29
4 0 26
5 3 145
5 2 193
4 1 146
4 3 192
5 0 27
4 0 34
5 2 149
4 1 147
5 1 240
4 2 244
5 0 40
4 0 36
5 1 155
4 1 151
5 2 281
4 3 285
4 0 36
5 0 29
4 3 251
4 2 256
5 1 266
5 2 263
5 0 28
5 1 147
5 2 146
5 0 30
5 2 144
5 1 144
5 0 28
5 1 144
5 2 145
5 0 27
5 2 144
5 3 146
5 0 28
5 2 146
5 3 145
5 0 34
5 3 143
5 2 145
5 0 32
5 1 145
5 2 144
5 0 30
5 1 145
5 2 144
5 0 25
5 2 144
5 3 145
5 0 25
5 1 144
5 2 144
5 0 28
5 1 143
5 2 144
5 0 25
5 1 146
5 2 146
5 0 27
5 2 144
5 3 144
5 0 31
5 2 145
5 1 147
5 0 30
5 3 143
5 2 144
