1 210
1 218
1 205
1 206
1 207
1 397
1 250
1 351
1 277
1 254
1 233
1 251
1 381
1 381
1 271
1 239
1 233
1 221
1 234
1 229
1 215
1 361
1 229
1 235
1 225
1 263
1 590
1 241
1 252
1 419
1 409
1 227
1 217
1 409
1 420
1 210
1 385
1 224
1 218
1 648
1 240
1 226
1 234
1 270
1 503
1 291
1 261
1 262
1 609
1 226
1 271
1 262
1 226
1 404
1 389
1 537
1 412
1 230
1 211
1 230
1 562
1 255
1 250
1 234
1 208
1 246
1 379
1 288
1 266
1 411
1 387
1 249
1 208
1 213
1 250
1 250
1 234
1 231
1 241
1 252
1 203
1 462
1 197
1 200
1 197
1 199
1 199
1 200
1 202
