1 227
1 219
1 249
1 352
1 309
1 345
1 254
1 244
1 281
1 238
1 253
1 432
1 258
1 237
1 275
1 261
1 440
1 237
1 435
1 269
1 229
1 231
1 250
1 410
1 271
1 246
1 446
1 324
1 465
1 492
1 247
1 255
1 404
1 236
1 259
1 459
1 249
1 250
1 401
1 248
1 730
1 422
1 487
1 277
1 268
1 275
1 240
1 236
1 275
1 276
1 250
1 238
1 422
1 566
1 307
1 602
1 241
1 264
1 437
1 238
1 411
1 290
1 286
1 264
1 486
1 522
1 368
1 225
1 256
1 245
1 259
1 394
1 252
1 242
1 251
1 239
1 396
1 271
1 246
1 239
1 217
1 218
1 216
1 222
1 246
1 209
1 219
1 210
1 229
