1 142
1 289
1 135
1 166
1 135
1 158
1 137
1 150
1 132
1 134
1 132
1 136
1 206
1 261
1 150
1 137
1 143
1 356
1 155
1 177
1 156
1 175
1 293
1 157
1 145
1 149
1 144
1 358
1 179
1 149
1 174
1 207
1 337
1 166
1 180
1 299
1 143
1 147
1 208
1 320
1 258
1 171
1 139
1 156
1 142
1 211
1 154
1 166
1 161
1 160
1 160
1 144
1 158
1 244
1 220
1 157
1 233
1 158
1 163
1 159
1 170
1 265
1 153
1 162
1 138
1 182
1 301
1 172
1 147
1 145
1 299
1 195
1 169
1 202
1 168
1 146
1 145
1 153
1 157
1 135
1 135
1 129
1 130
1 133
1 134
1 135
1 129
1 129
1 149
