1 197
1 214
1 185
1 194
1 179
1 184
1 186
1 189
1 253
1 201
1 248
1 330
1 384
1 203
1 223
1 358
1 195
1 208
1 384
1 417
1 375
1 409
1 197
1 201
1 238
1 195
1 213
1 217
1 212
1 224
1 219
1 207
1 333
1 221
1 226
1 205
1 349
1 248
1 254
1 227
1 332
1 203
1 267
1 471
1 311
1 381
1 219
1 221
1 216
1 216
1 202
1 221
1 201
1 256
1 252
1 224
1 188
1 188
1 208
1 216
1 192
1 189
1 212
1 401
1 179
1 207
1 190
1 179
1 184
1 240
1 189
1 207
1 198
1 196
1 257
1 192
1 205
1 196
1 220
1 167
1 163
1 161
1 175
1 172
1 173
1 166
1 180
1 170
1 173
