0 0 695
0 1 1028
0 2 1030
0 0 72
0 2 366
0 3 375
1 2 419
1 1 430
1 3 428
0 0 84
0 3 369
0 2 375
1 3 1262
1 1 1288
1 2 488
0 0 112
0 3 396
0 2 421
1 3 615
1 2 632
1 0 658
0 0 88
0 3 457
0 2 477
1 1 413
1 3 434
1 0 439
0 0 99
0 1 458
0 3 488
1 3 440
1 0 456
1 2 556
0 0 336
2 1 337
1 3 395
1 2 411
0 2 957
2 0 963
0 1 1069
0 0 68
2 2 1383
1 1 1408
0 2 473
2 3 377
2 0 442
0 1 889
0 0 75
2 2 919
1 2 533
1 0 690
0 2 579
1 1 935
0 1 982
2 3 563
0 0 72
1 2 708
2 0 895
2 2 1009
1 1 935
0 3 569
1 0 1011
0 2 1028
1 3 520
1 1 776
0 0 75
2 3 736
1 0 1035
2 2 859
2 0 975
0 1 476
0 2 540
0 0 88
1 2 581
1 3 728
2 3 595
1 1 921
2 0 711
0 2 648
2 2 953
0 1 855
0 0 93
3 0 4
1 2 614
2 1 66
1 0 945
1 1 955
0 1 1103
0 2 1161
2 2 747
1 3 496
1 2 503
0 0 76
2 0 1097
0 1 489
2 3 358
1 0 1117
2 2 493
0 2 916
2 0 906
0 0 69
1 0 377
2 1 69
0 3 733
1 2 730
2 0 368
0 1 1013
1 1 1008
2 2 923
0 0 184
1 2 476
1 3 545
2 3 419
1 1 858
0 2 790
2 0 674
0 1 854
2 2 932
0 0 84
1 3 357
1 2 369
0 2 373
2 1 61
1 1 910
0 1 933
2 0 363
0 0 80
2 2 611
2 1 68
1 2 555
0 2 1028
1 0 1062
0 1 1133
1 1 1132
2 0 809
0 0 93
2 2 963
1 3 360
1 2 377
0 2 443
2 1 70
4 0 1
2 0 616
0 1 1174
1 1 1189
0 0 75
2 2 998
0 3 553
0 2 721
2 3 548
2 2 658
1 2 376
1 1 476
2 0 946
0 0 80
1 0 754
0 1 377
2 1 79
0 2 737
1 2 469
0 0 67
1 1 794
2 2 708
1 0 992
2 0 914
0 3 371
2 1 89
0 2 736
1 3 364
1 2 383
2 0 496
1 1 667
2 2 930
0 0 108
2 1 78
1 2 369
0 1 787
0 2 819
2 2 882
2 0 897
1 1 876
1 0 898
5 0 2
0 0 121
2 1 137
0 3 405
1 3 368
2 0 699
1 0 622
0 1 1040
2 2 1074
1 1 953
2 1 88
2 2 414
2 0 418
0 0 82
0 2 432
1 3 374
1 2 387
2 3 364
2 0 379
0 1 898
1 1 902
0 0 76
2 2 1144
0 2 384
0 1 612
1 3 359
2 1 59
1 2 366
1 1 633
2 0 360
0 0 64
2 2 727
0 2 359
2 1 63
1 3 371
1 2 397
0 1 750
2 0 381
1 1 791
0 0 63
2 2 685
0 3 530
0 2 531
2 0 374
1 2 369
2 3 621
2 2 629
0 0 55
1 3 614
1 1 725
0 2 457
2 1 63
0 1 679
2 0 363
1 3 357
1 2 360
0 0 58
2 2 734
1 1 753
0 2 358
2 1 66
0 1 640
2 3 354
2 0 413
1 2 359
1 1 379
0 0 55
1 0 489
0 1 480
0 2 672
2 3 506
2 0 599
2 2 701
1 2 359
1 3 418
1 1 529
0 0 88
2 1 60
0 3 361
0 2 621
2 2 663
1 2 360
1 1 524
2 0 874
0 0 60
1 0 764
1 2 360
2 3 538
0 1 730
0 2 753
2 0 686
1 3 544
2 2 861
1 1 784
0 0 85
2 1 88
0 2 475
0 1 491
1 2 380
0 0 69
2 0 832
2 2 831
1 0 815
1 1 822
0 2 905
1 2 375
2 0 565
0 1 1095
2 3 690
1 3 693
0 0 69
2 2 917
1 1 904
0 3 372
0 2 374
2 1 110
0 0 84
1 2 408
1 1 636
2 0 655
1 3 742
2 3 740
0 1 598
0 2 857
0 0 76
2 2 372
2 3 699
1 3 707
1 2 716
0 3 704
1 0 1057
2 0 1074
0 2 1051
2 1 84
0 0 89
1 3 362
1 2 675
1 1 705
0 3 672
2 2 710
2 0 719
0 2 719
2 1 231
0 0 70
1 2 378
2 2 979
2 0 1007
2 1 70
1 1 986
1 0 994
0 1 998
0 2 1009
2 0 524
1 3 357
1 2 377
2 2 785
1 1 657
2 1 74
2 0 371
2 2 426
1 3 358
1 2 372
1 1 437
2 1 69
2 2 371
2 0 551
1 3 516
1 2 530
1 0 545
2 1 70
2 0 369
2 2 369
2 3 355
2 2 365
2 0 366
2 1 59
2 2 365
2 0 365
2 3 368
2 0 393
2 2 378
