0 0 317
0 2 852
0 1 865
0 0 109
1 3 675
1 1 935
1 2 1098
0 2 702
0 3 1008
0 0 112
1 3 701
1 1 739
0 2 614
1 2 1023
0 3 895
0 0 268
2 1 138
1 3 796
1 2 1113
2 2 602
1 0 1245
0 3 1006
0 2 1638
2 0 1774
1 3 959
1 1 1024
0 0 117
2 3 839
0 3 649
2 2 831
1 0 1778
2 0 1850
0 2 1651
1 3 742
1 2 802
1 0 1231
0 0 281
2 3 826
0 3 740
2 0 1103
1 3 569
1 2 593
2 2 1646
0 1 1628
1 1 1972
2 3 1229
2 2 1285
2 0 1299
1 2 885
1 1 886
3 2 265
1 0 1001
2 3 685
3 0 1160
2 2 1035
1 2 994
1 1 1022
3 1 2322
2 0 2402
3 2 98
1 0 2346
3 0 958
2 1 93
1 3 692
3 1 2425
1 1 1950
3 2 91
2 2 2130
1 0 2538
3 0 659
5 0 1133
5 1 2455
2 0 3468
1 3 569
1 1 595
1 2 598
3 1 1888
3 2 97
2 3 840
2 2 927
3 0 855
1 1 651
1 2 713
2 0 1618
3 1 1666
3 2 86
1 0 1487
2 1 239
2 2 719
1 3 568
3 0 1122
1 2 881
3 1 1796
3 2 83
2 0 1860
1 0 1740
3 0 786
2 3 689
2 2 726
3 1 1572
3 2 94
1 1 717
1 2 800
2 0 1659
3 0 669
2 1 88
1 0 1740
3 1 1521
2 2 992
3 2 93
1 3 716
2 0 1393
1 1 893
1 2 1197
2 1 97
3 0 1057
3 1 1205
2 2 583
3 2 147
2 0 1507
1 3 795
2 1 125
1 1 1066
3 1 1273
2 2 694
1 2 1371
3 0 1373
3 2 99
2 0 1072
3 0 904
2 3 710
1 2 709
2 2 1140
3 1 1532
1 1 1133
3 2 82
2 0 1817
3 0 572
1 0 1720
3 1 1189
2 1 95
1 3 698
1 2 969
3 0 847
1 1 1411
2 0 1167
3 1 1107
2 2 1536
3 3 1425
2 1 114
3 2 107
1 2 811
2 2 1290
1 1 1292
3 0 706
2 0 1573
1 0 1606
2 1 224
3 1 1844
1 2 588
3 2 205
2 2 1339
1 1 1211
3 0 672
2 0 1842
1 0 1723
2 1 173
3 1 1578
3 2 94
1 3 747
1 2 946
2 0 1246
2 2 1297
1 1 1219
3 0 1003
2 1 96
3 1 1210
3 2 197
2 2 903
1 1 695
2 0 1447
3 0 1220
1 2 1116
2 3 769
2 2 787
3 1 1935
1 0 1844
3 2 192
3 0 686
1 3 569
2 0 1780
1 1 597
2 1 90
3 1 1658
1 0 1561
2 2 780
3 0 744
2 0 1405
3 3 1080
2 1 107
3 1 1300
1 3 711
1 2 795
2 0 699
1 1 1389
3 2 96
2 2 1089
3 0 761
3 1 1126
3 2 101
2 3 1083
2 2 1162
2 0 1312
1 3 924
1 1 994
1 2 1001
3 1 855
3 0 955
2 1 116
3 2 115
1 3 566
2 2 1123
3 0 1107
2 0 1359
1 1 1023
3 1 1252
1 2 1016
2 1 207
3 2 202
2 3 735
3 0 708
2 0 1212
1 1 702
1 3 749
3 1 1220
1 2 816
3 2 92
3 0 864
3 1 1065
3 2 104
1 2 860
2 3 1131
2 2 1304
2 0 1279
1 3 1151
1 1 1192
3 0 890
3 1 924
3 2 306
2 1 117
3 0 1259
2 2 1149
1 2 972
1 1 1041
3 1 1834
2 0 1715
3 2 212
1 0 1707
3 0 1111
2 2 1122
2 3 1142
1 2 902
3 1 1408
2 0 1246
1 3 1223
1 1 1201
3 2 123
2 1 102
3 0 852
3 1 1081
3 2 89
1 2 886
2 2 1138
1 1 1143
3 0 782
2 0 1694
1 0 1856
3 1 1808
3 2 104
2 3 1085
2 2 1161
2 0 1216
1 2 1051
1 3 1088
1 1 1145
3 1 998
3 0 1030
3 2 228
2 1 231
2 3 789
1 1 609
3 0 1184
1 2 960
3 1 1798
2 0 1769
3 2 218
1 0 1761
3 1 887
3 0 1086
1 3 923
1 1 1014
3 2 95
1 2 1229
2 3 832
2 2 922
2 0 944
3 0 889
3 1 1106
3 2 134
2 1 123
1 3 674
1 1 1054
1 2 1192
2 2 1067
3 0 1207
3 1 1261
2 0 1231
3 2 431
2 1 115
2 2 731
3 0 1293
1 3 594
1 2 885
3 1 1902
2 0 1870
3 2 96
2 1 87
1 0 1934
3 0 745
2 2 597
3 1 1486
2 0 1253
1 3 713
1 1 756
3 2 120
2 1 112
1 2 903
2 2 716
3 0 860
3 1 1471
2 0 1545
1 1 612
3 2 104
1 2 780
2 1 101
3 0 772
2 2 596
1 0 1741
3 1 1724
2 0 1574
3 2 117
1 3 707
2 1 94
1 1 804
1 2 987
2 2 762
3 0 937
3 1 1291
2 0 1271
3 2 112
1 3 913
1 1 985
1 2 1148
2 3 818
2 2 887
3 0 1166
3 1 1196
2 0 1233
3 3 1068
1 3 695
2 1 106
3 0 1449
3 1 1579
1 2 1208
2 2 692
1 0 1542
2 0 1201
2 3 569
2 0 596
2 2 582
