0 0 360
0 2 722
0 1 729
0 0 89
0 2 447
0 3 470
0 0 85
0 2 447
0 3 451
1 1 779
1 3 806
1 2 798
0 0 254
0 2 594
0 3 787
1 3 539
1 1 598
1 2 602
0 0 260
0 2 696
0 3 699
1 3 482
1 0 511
1 2 494
0 0 370
2 1 212
0 3 929
2 0 772
0 1 1316
1 3 434
1 0 478
2 2 1285
0 0 87
2 3 601
1 1 1440
2 0 861
0 2 684
2 2 1170
0 1 1164
0 0 102
1 3 466
1 2 478
1 0 683
0 1 756
0 2 1063
2 3 710
2 2 773
0 0 80
2 0 1214
1 3 453
1 2 470
0 2 670
0 1 738
1 1 1004
0 0 152
2 3 449
2 2 505
0 3 509
1 2 435
1 1 453
2 0 1356
0 2 1331
1 0 883
3 0 3
0 0 101
1 2 598
2 3 437
1 0 1259
1 1 1279
2 2 1267
2 0 1269
0 1 1294
0 2 1307
4 0 3
0 0 355
1 3 693
2 1 77
1 1 1040
1 0 1084
0 2 1194
0 1 1207
2 0 942
2 2 982
0 0 112
1 2 444
1 3 590
0 2 719
2 3 663
2 0 698
0 1 1225
1 1 1229
2 2 1283
0 0 111
0 1 487
0 2 500
2 1 78
1 2 457
0 0 84
1 0 870
2 0 849
1 1 1005
0 3 436
2 2 1096
5 0 3
0 1 1164
1 2 724
1 3 913
1 0 926
2 2 495
2 3 745
2 0 783
0 0 104
0 2 572
0 1 563
2 1 88
1 2 451
0 0 80
1 0 1042
1 1 1062
2 0 1073
2 2 1134
0 2 798
2 1 81
1 2 441
1 3 445
0 1 1193
2 0 454
0 0 76
1 1 1413
0 2 434
2 2 1344
2 1 77
0 1 841
0 0 85
2 0 731
1 3 617
1 2 630
0 2 543
2 2 1350
1 1 1347
0 1 1158
2 3 628
0 0 302
2 0 707
2 2 758
1 1 439
0 3 890
2 1 74
0 2 1071
1 2 678
1 0 932
2 2 436
2 0 808
0 0 83
2 1 88
1 3 460
1 2 462
0 2 691
1 1 973
2 0 799
0 1 1200
2 2 1096
0 0 82
2 1 83
0 3 783
1 2 788
2 2 940
0 2 1137
1 1 937
2 0 1258
1 0 1230
2 1 101
0 0 86
1 2 571
2 0 1314
2 2 1320
1 0 1333
1 1 1354
0 2 1159
0 1 1191
2 1 83
0 0 84
2 0 586
1 3 551
1 2 925
0 3 921
2 2 1207
1 1 1316
0 1 1328
2 3 429
2 0 451
2 2 550
0 0 95
1 2 465
2 1 73
1 0 981
1 1 996
0 1 1195
0 2 1204
0 0 81
1 3 449
2 2 1356
2 0 1360
2 1 74
1 0 1199
1 1 1198
0 2 1169
0 1 1178
0 0 86
2 0 1027
2 2 1051
1 2 469
0 2 728
1 3 729
2 0 657
2 3 743
0 1 1163
0 0 77
1 1 1276
2 2 1227
0 2 437
0 3 441
2 1 87
1 3 587
0 0 98
1 2 598
2 0 683
0 2 661
1 1 1165
2 2 1139
0 1 1019
2 1 83
0 0 93
1 2 440
2 0 834
2 3 835
0 2 735
1 3 718
0 1 852
1 1 851
0 0 114
2 3 519
0 2 810
1 2 438
2 0 816
1 3 522
0 1 1011
2 2 1196
0 0 85
1 1 1031
0 3 432
0 2 435
2 1 96
2 0 609
0 0 88
1 3 433
1 2 445
2 2 1017
0 2 456
1 1 1144
2 3 427
2 0 432
0 1 1134
0 0 74
2 2 923
1 2 437
0 2 919
2 1 71
0 1 1106
1 0 1099
0 0 80
1 1 1173
2 0 914
1 3 424
1 2 439
0 2 706
2 2 1197
0 1 1195
1 1 1240
2 3 534
0 0 80
2 0 596
2 2 779
0 3 442
0 2 498
2 1 85
1 2 560
1 1 573
1 0 679
0 0 73
2 3 425
0 1 606
1 3 427
1 2 440
2 0 893
0 2 834
1 1 640
0 0 88
0 3 487
2 3 430
2 2 665
1 2 481
0 2 898
1 1 787
2 0 1170
1 0 1044
0 0 101
2 1 146
1 3 478
0 2 631
1 1 748
0 3 980
1 2 981
2 0 701
2 2 718
2 1 78
0 0 227
1 2 445
1 3 426
2 0 903
0 2 905
2 2 1193
2 1 67
0 1 1333
1 1 1229
2 0 434
2 2 556
2 1 78
1 3 579
1 2 586
1 0 701
2 2 431
2 0 554
2 1 79
1 3 426
1 2 442
2 0 438
1 1 719
2 2 728
2 1 81
1 2 438
2 0 827
2 2 850
1 0 829
1 1 848
2 0 626
1 2 618
2 3 988
2 2 1005
1 3 986
1 1 1009
2 1 105
2 0 470
1 3 429
1 2 446
2 2 859
1 1 846
2 3 428
2 2 437
2 0 448
1 3 428
1 2 442
1 0 446
