0 0 405
0 1 976
0 2 975
0 0 107
0 2 783
0 3 791
0 0 107
0 2 952
1 1 750
1 3 726
0 3 1327
1 2 1259
0 0 148
0 2 1013
0 3 2053
1 3 2064
1 1 2138
1 2 2503
2 0 2079
2 2 1342
1 3 721
1 2 738
1 0 739
1 3 735
1 0 754
1 1 730
1 3 714
1 2 721
1 0 727
1 3 823
1 2 837
1 1 846
3 2 261
1 1 875
1 0 1325
1 2 1427
3 0 1505
3 1 1554
3 2 114
1 1 883
1 2 1447
1 0 1503
3 0 1330
3 1 1463
3 2 130
1 3 868
1 1 900
3 0 744
1 0 1582
3 1 1392
3 2 101
3 1 2812
1 3 2609
1 1 2610
3 0 3305
4 0 1264
3 2 105
1 2 3738
3 1 883
4 1 2695
3 0 1890
3 2 112
1 1 738
1 0 872
1 2 1495
3 1 953
3 0 1430
3 2 114
1 3 816
1 0 979
1 2 1453
3 1 928
3 0 1134
3 2 169
1 1 736
3 1 1288
3 0 1316
3 2 111
1 0 1330
1 2 1480
3 1 974
1 3 710
1 1 731
3 0 1432
3 2 111
1 2 1503
3 1 715
3 0 901
3 2 109
1 3 774
1 1 786
3 1 731
1 2 1450
3 0 1406
3 3 1051
3 0 1056
3 1 1079
1 1 1069
1 2 1094
1 0 1098
3 2 100
1 3 773
1 1 804
3 1 737
1 2 1436
3 0 1374
3 2 122
3 0 1209
3 1 1236
1 1 737
3 2 101
1 0 1383
1 2 1382
1 1 738
3 1 1347
3 0 1352
3 2 219
1 0 1382
1 2 1499
3 1 987
1 3 832
3 0 1469
1 1 861
3 2 103
1 2 1457
3 1 719
3 0 1018
3 1 1543
1 1 1548
3 3 1546
1 0 1545
3 0 1568
1 2 1568
3 2 120
1 3 780
1 1 799
1 0 940
3 0 724
3 1 873
3 2 119
1 3 790
1 1 801
3 1 740
1 2 1423
3 0 1361
3 2 108
3 1 814
1 3 708
1 1 732
3 0 1198
3 2 96
1 2 1515
3 1 725
3 0 947
3 2 131
1 3 710
3 1 747
1 1 738
3 0 1427
1 2 1431
3 2 243
3 1 869
3 0 1029
3 2 110
1 3 774
1 1 793
3 1 726
1 2 1398
3 0 1152
3 2 102
3 1 798
1 3 706
1 1 733
3 0 1304
3 2 123
1 2 1387
3 1 833
3 0 953
3 2 103
1 1 793
1 0 1383
1 2 1417
3 1 1327
3 0 1350
3 2 132
1 3 815
1 1 843
3 1 731
1 2 1479
3 0 1373
3 2 111
3 1 1098
3 0 1112
1 1 800
3 2 113
1 0 1379
1 2 1399
3 1 1021
3 0 1331
1 3 861
1 1 886
3 2 115
1 2 1500
3 1 730
3 0 1043
3 2 112
1 1 741
3 0 1310
3 1 1333
1 2 1379
1 0 1412
3 2 259
3 1 850
1 3 815
1 1 823
3 0 1389
1 2 1495
3 2 118
3 1 739
3 0 855
3 2 125
1 3 777
1 1 810
3 1 732
1 2 1403
3 0 1240
3 2 118
1 3 711
3 0 1242
3 1 1246
3 2 104
1 0 1337
1 2 1335
3 0 993
3 1 992
3 2 127
1 3 709
3 1 747
1 1 744
3 0 1442
1 2 1444
3 3 966
3 0 992
3 1 1014
1 1 937
1 2 962
1 0 968
1 3 709
1 1 720
1 2 726
1 3 707
1 1 720
1 2 725
1 3 835
1 0 850
1 2 851
