0 0 293
0 2 662
0 1 666
0 0 78
0 2 449
0 3 455
0 0 78
0 2 442
0 3 449
0 0 64
0 2 443
0 3 441
0 0 78
0 3 435
0 2 439
0 0 189
1 3 573
1 2 804
1 1 834
0 1 932
0 3 927
0 0 190
1 3 548
1 2 580
0 2 556
1 1 801
0 1 818
0 0 105
1 3 469
1 2 487
2 1 119
0 1 593
1 0 774
2 2 597
0 2 1250
0 0 131
1 3 479
2 0 1420
1 1 994
0 1 1091
2 3 576
1 0 1408
0 2 1368
2 2 887
0 0 76
2 0 1166
0 3 726
1 3 534
1 2 712
0 2 1059
2 2 567
2 3 625
1 0 1171
0 0 85
2 0 1060
3 2 97
0 1 1024
1 3 621
0 2 1197
0 0 110
1 2 1022
3 0 985
2 3 538
1 1 1172
3 1 1458
2 2 1245
3 2 70
0 1 1269
2 0 1593
0 2 1622
1 1 702
0 0 82
3 0 1154
1 2 1151
2 3 433
3 1 1738
0 1 869
1 0 1813
2 2 764
3 2 211
1 1 444
0 2 1808
3 0 898
1 2 885
0 0 76
2 0 1965
0 1 433
3 1 1792
2 1 73
3 2 91
1 0 1814
2 2 628
3 0 551
1 3 432
1 1 502
0 2 1728
0 0 79
0 3 563
0 1 575
2 0 1818
3 1 1664
1 0 1409
3 2 93
0 0 97
2 3 642
3 0 679
2 2 1254
1 3 429
1 2 462
0 1 2005
3 1 2367
2 0 2628
1 1 1767
0 2 2352
3 2 91
4 1 785
0 0 659
2 1 78
3 0 1472
5 2 552
4 0 2376
0 1 1680
5 0 1312
3 1 2494
2 2 1166
3 2 65
0 2 2698
0 0 72
3 0 699
2 0 2180
5 1 2422
0 1 702
3 1 2006
2 3 971
5 2 979
2 2 1167
5 0 1032
3 2 70
0 2 2057
3 0 434
0 0 76
2 0 1884
5 1 2081
0 1 511
2 1 83
3 1 1899
5 2 599
5 3 631
2 2 539
3 2 86
0 2 1756
3 0 561
0 0 79
0 3 443
2 0 1830
5 1 2009
2 1 76
3 1 1813
3 2 91
2 2 696
0 2 2044
5 2 434
3 0 879
5 3 1028
0 0 80
2 0 1898
2 1 72
3 1 1965
0 1 667
3 2 80
5 1 2038
2 2 703
3 0 458
0 2 1866
5 2 546
5 0 565
0 0 85
2 0 1881
3 1 1777
0 3 547
2 3 598
3 0 470
2 2 849
5 1 1920
3 3 846
0 2 1908
5 2 431
5 3 447
2 0 1988
3 1 1836
0 0 80
5 1 1485
0 1 546
2 1 199
3 2 88
2 2 718
3 0 638
0 2 1354
0 0 100
5 2 580
2 0 1438
3 1 1305
5 0 817
5 3 1076
2 1 254
3 2 240
0 3 1069
0 1 1151
2 2 909
3 0 1192
0 0 86
5 2 564
2 0 1415
5 3 883
2 1 82
3 1 1685
3 2 96
0 1 771
2 2 635
3 0 479
5 1 1905
0 2 1877
2 0 1775
0 0 149
3 1 1665
2 1 249
3 2 88
5 2 821
5 3 1023
0 1 1064
2 2 797
3 0 604
5 1 1918
0 2 1998
2 0 1763
0 0 89
2 1 203
3 1 2045
3 2 92
5 2 446
0 1 1013
5 3 710
2 2 893
3 0 710
0 2 1805
2 0 1808
0 0 69
3 1 1824
5 1 2109
0 3 746
2 3 560
2 2 795
3 0 675
3 3 778
5 2 434
5 3 500
0 2 1810
2 0 1727
3 1 1567
0 0 196
5 1 1392
2 1 80
3 2 81
0 1 1007
3 0 582
5 2 434
0 2 1463
2 2 1010
0 0 68
5 0 899
2 0 1701
2 1 97
0 1 748
3 1 1832
3 2 209
2 2 648
5 1 2109
3 0 580
0 2 1931
5 2 438
5 3 474
0 0 87
2 0 1944
0 1 444
3 1 1938
3 2 103
2 3 446
2 2 475
3 0 470
5 1 1869
0 2 1862
0 0 80
5 2 522
5 0 545
2 0 1789
3 1 1671
0 3 567
3 2 99
2 1 78
3 0 701
5 1 1914
2 2 444
0 2 1970
5 2 432
5 3 457
3 1 1800
0 0 83
3 2 98
2 0 1924
0 1 586
3 0 593
2 1 68
5 1 1802
2 3 430
0 2 1701
3 1 1928
0 0 126
5 2 557
3 2 83
2 0 1806
5 0 887
3 0 586
0 1 773
2 3 426
2 2 450
5 1 1918
0 2 1722
3 1 1791
0 0 99
3 2 79
5 2 660
5 3 784
0 1 597
3 0 562
2 0 1975
5 1 1716
0 2 1711
2 1 102
3 1 1686
0 0 124
3 2 220
2 2 877
5 2 451
5 0 598
0 3 974
3 0 902
2 0 1607
3 1 1735
2 3 431
2 2 459
3 2 74
0 2 2063
5 1 1929
3 0 775
0 0 86
5 2 532
5 3 708
0 1 473
2 0 1704
3 1 1612
3 2 198
2 1 83
5 1 1631
3 0 566
2 2 456
0 2 1691
0 0 79
5 0 555
5 2 546
0 3 593
2 0 1738
3 1 1889
3 2 82
2 3 546
2 2 589
3 0 479
5 1 1805
0 2 2008
5 2 647
5 3 675
0 0 83
2 0 1867
3 1 1960
0 3 557
3 2 84
5 1 1740
2 1 91
3 0 547
2 3 436
0 2 1714
5 2 435
5 0 453
3 1 1559
0 0 247
3 2 87
2 0 1752
0 1 618
3 0 473
5 1 1781
2 3 607
2 2 653
0 2 1741
5 2 612
5 0 656
3 1 1673
3 2 59
3 0 451
2 0 1669
5 1 1472
3 1 1177
2 1 86
5 3 542
5 2 549
3 2 151
2 2 529
3 0 493
5 1 1281
2 0 1287
3 1 1182
2 1 241
3 2 86
2 2 583
5 2 426
5 3 936
3 0 945
2 0 1376
2 1 71
3 1 1339
5 1 1613
3 2 82
2 2 568
3 0 428
2 0 1168
5 3 569
5 0 587
2 1 67
3 1 1184
3 2 70
2 2 438
3 0 538
5 1 1465
2 0 1203
3 1 1103
2 1 209
3 2 95
5 2 544
3 0 468
2 2 991
5 0 985
2 0 1351
5 1 1362
3 1 1276
2 1 258
3 2 81
2 2 600
5 2 470
5 3 882
3 0 840
2 0 1433
5 1 1305
3 1 1235
3 2 93
2 3 828
3 0 697
2 2 902
5 2 483
5 0 531
2 0 1474
3 1 1375
5 1 1151
2 1 76
3 0 588
5 2 470
3 3 950
3 1 1133
5 0 1107
2 2 1039
5 1 1170
2 0 1125
5 3 451
2 2 451
5 2 833
2 3 831
5 1 865
2 0 866
5 2 429
5 3 437
5 1 463
5 2 426
5 1 440
5 3 441
5 0 439
5 3 441
5 1 440
5 3 439
5 2 424
5 1 446
5 0 442
5 2 429
5 1 440
5 3 437
5 0 437
5 2 427
5 1 451
5 2 440
5 3 452
5 2 427
5 1 433
5 3 435
5 2 426
5 1 448
5 3 450
