0 0 346
0 1 760
0 2 768
0 0 93
0 2 521
0 3 527
0 0 83
0 2 507
0 3 507
2 0 3
0 0 113
1 1 998
1 3 1060
0 2 523
1 2 1077
0 3 897
0 0 227
1 3 619
1 1 623
1 2 788
0 2 705
0 3 749
1 3 626
1 0 623
0 0 210
1 2 691
0 1 668
0 3 740
1 3 505
1 0 547
1 1 528
0 0 209
0 1 842
0 2 853
0 0 121
1 3 651
1 2 663
0 1 530
1 0 986
0 2 790
0 0 95
1 3 511
1 2 522
0 2 520
1 1 860
3 0 2
0 1 1156
0 0 89
0 2 913
1 1 546
0 3 920
1 0 859
1 2 847
0 0 97
1 2 615
1 0 959
1 1 1077
0 2 1011
0 1 1243
0 0 92
1 3 555
1 0 787
1 1 992
0 2 744
0 1 845
0 0 219
0 2 625
1 3 497
1 2 517
0 1 1081
1 1 981
0 0 127
0 1 734
0 2 743
4 0 4
0 0 94
1 0 688
1 2 705
1 1 774
0 1 730
1 3 557
1 0 570
0 3 1024
1 2 833
0 0 86
1 2 507
0 1 897
0 2 929
0 0 87
1 1 937
1 0 997
0 2 637
5 0 1
1 3 625
1 2 631
0 1 994
0 0 86
1 1 1220
0 2 508
0 1 660
0 0 106
1 3 623
1 2 639
0 2 529
1 1 984
0 1 857
0 0 97
1 1 523
0 2 868
0 3 869
1 0 864
1 2 876
0 0 106
1 3 502
1 2 517
1 1 758
0 2 519
0 1 760
0 0 93
1 1 519
0 3 930
0 2 943
1 2 932
1 0 939
1 2 558
0 0 223
1 0 724
1 1 831
0 2 897
0 1 1190
1 3 500
1 2 525
0 0 93
1 1 940
0 3 506
0 1 683
0 0 93
1 2 544
1 0 709
1 1 715
0 2 895
0 1 927
1 3 501
0 0 92
1 0 944
1 1 973
0 2 571
0 1 595
0 0 91
1 3 667
1 2 676
0 2 508
1 1 953
0 1 772
0 0 91
0 2 509
1 3 498
1 1 511
0 3 893
1 2 1117
0 0 104
0 2 517
1 3 496
1 2 511
0 1 913
1 1 919
0 0 89
0 2 508
0 1 531
1 3 498
1 2 505
1 1 538
0 0 98
0 2 503
0 1 574
1 3 504
1 2 527
0 0 86
1 1 591
0 2 725
0 3 739
1 2 512
0 0 83
1 1 577
1 0 585
0 2 678
0 1 767
1 3 497
1 2 502
0 0 89
1 1 669
0 2 503
0 1 571
1 2 651
0 0 86
1 0 694
1 1 697
0 2 562
0 1 799
1 3 496
1 2 503
1 1 749
0 0 97
0 3 737
0 2 748
1 2 511
1 0 555
0 0 83
1 1 561
0 2 640
0 1 776
1 3 497
1 2 509
1 1 650
0 0 87
0 2 502
0 3 504
1 3 504
1 1 505
1 2 509
0 0 98
0 2 523
0 3 522
1 3 501
1 0 515
1 2 508
0 0 89
0 2 523
0 1 525
1 3 495
1 1 503
1 2 503
1 0 506
1 2 508
1 1 512
1 3 498
1 2 503
1 1 504
1 3 499
1 2 513
1 1 524
1 3 498
1 2 511
1 0 512
