0 0 329
0 2 766
0 1 780
0 0 84
0 2 541
0 3 546
0 0 84
0 2 535
0 3 568
1 3 529
1 1 532
1 2 641
0 0 102
0 2 891
0 3 1014
1 3 572
1 1 601
1 2 704
0 0 153
0 2 708
0 3 794
1 3 546
1 2 803
1 0 811
0 0 109
0 3 554
0 1 560
1 3 588
1 0 617
1 1 693
0 0 148
0 1 690
0 2 797
1 3 628
1 2 678
0 0 85
1 0 917
2 0 2
0 1 604
0 2 704
0 0 123
1 3 549
1 2 618
1 1 898
0 2 640
0 1 879
0 0 112
3 0 24
1 1 768
1 2 1321
1 0 1342
0 2 1273
0 3 1360
0 0 97
1 2 709
1 1 793
1 0 826
1 3 501
0 1 1022
0 2 1049
0 0 90
1 1 1068
1 0 1128
0 1 607
0 2 725
0 0 100
1 3 614
1 2 630
1 1 887
0 2 525
0 1 781
0 0 97
1 2 522
1 1 1001
1 0 1007
0 1 996
0 2 1006
0 0 89
1 3 500
1 0 543
0 1 531
1 2 1007
0 3 1003
0 0 84
4 0 2
1 2 531
1 0 1143
1 1 1162
0 1 1041
0 2 1024
5 0 1
0 0 122
1 3 513
1 2 562
0 2 600
1 1 1053
0 1 1063
0 0 89
0 2 631
0 1 729
1 3 497
1 2 510
0 0 82
1 1 645
0 2 654
0 1 705
0 0 96
1 1 629
1 2 687
1 0 695
0 2 636
0 3 849
1 3 614
1 1 666
1 2 866
0 0 109
0 1 816
0 2 845
1 2 515
0 0 93
1 1 775
1 0 950
0 3 736
1 1 526
0 2 1072
1 2 621
1 0 796
0 0 87
1 3 643
1 2 656
0 2 521
1 1 995
0 1 861
0 0 167
1 0 526
0 3 1072
0 1 1084
1 2 1039
1 1 1054
0 0 98
1 3 606
1 0 783
1 1 793
0 2 703
0 1 715
0 0 105
1 3 619
1 2 642
0 2 515
1 1 1025
0 1 891
0 0 83
0 2 600
1 3 498
1 2 516
0 1 978
1 1 939
0 0 130
0 2 673
0 3 693
1 3 581
1 1 616
1 2 617
0 0 83
0 2 599
0 1 645
1 3 528
1 2 546
0 0 80
1 1 619
0 2 659
0 1 761
0 0 95
1 3 546
1 2 562
1 1 753
0 2 514
0 1 777
0 0 94
1 1 643
1 0 961
1 2 956
0 2 905
0 3 990
1 3 502
1 1 526
1 2 617
0 0 83
0 2 705
0 1 716
1 2 524
0 0 94
1 0 702
1 1 705
0 2 684
1 3 507
1 2 528
0 1 1093
1 1 1005
0 0 84
0 2 635
0 1 693
0 0 97
1 1 573
1 0 712
1 2 712
0 2 711
0 3 879
1 3 644
1 1 679
1 2 834
0 0 89
0 2 654
0 1 838
1 3 506
1 2 535
0 0 132
1 1 770
0 2 566
0 3 572
1 3 547
0 0 93
1 2 679
1 0 724
0 3 623
0 2 669
1 3 612
0 0 106
1 2 648
1 1 765
0 2 636
0 1 747
1 0 531
1 1 541
1 2 529
1 3 498
1 2 520
1 1 521
1 3 525
1 2 549
1 1 550
1 3 499
1 0 519
1 2 519
