0 0 349
0 2 713
0 1 720
0 0 91
0 2 453
0 3 465
0 0 103
0 3 482
0 2 470
0 0 75
0 2 435
0 3 435
0 0 136
1 3 684
1 1 677
1 2 767
0 2 534
0 3 807
0 0 154
1 3 570
1 1 631
1 2 710
0 3 700
0 1 698
1 3 539
1 0 565
1 2 566
0 0 146
0 1 572
0 2 692
1 3 478
1 1 487
1 0 625
0 0 120
0 1 585
0 2 512
2 1 83
1 3 555
1 2 580
2 2 583
0 0 85
0 1 501
1 0 1138
2 0 1100
2 3 505
2 2 582
0 2 1441
0 0 105
2 0 1120
1 3 662
1 1 704
0 2 638
1 2 971
0 3 828
2 3 763
2 2 846
0 0 82
2 0 947
1 2 606
1 1 1086
1 0 1254
2 3 562
0 2 1279
0 1 1306
0 0 83
1 2 448
2 2 1260
2 0 1328
3 2 90
1 1 1212
1 0 1290
0 1 1249
0 2 1414
3 0 719
0 0 84
1 3 871
2 3 874
3 1 1567
1 1 1165
3 2 71
2 2 1268
0 1 1089
1 0 1586
3 0 572
0 2 1599
0 0 77
2 0 2290
3 1 1371
1 3 430
1 2 465
3 2 87
0 1 955
2 1 77
0 2 1075
1 1 1201
0 0 101
3 0 956
4 2 637
2 2 1626
3 1 1974
0 1 1344
3 2 75
4 1 1507
2 0 1993
1 1 764
0 3 1840
4 0 1932
1 2 1536
2 2 683
2 3 1006
0 0 105
3 0 1587
4 2 995
1 0 2282
4 1 1123
0 1 456
3 1 2089
3 2 79
1 3 541
1 2 604
3 0 522
4 0 2203
2 0 2566
4 2 441
0 2 2485
4 1 647
2 1 104
0 0 76
1 0 2371
3 1 2413
2 2 1192
3 2 90
0 1 1243
4 0 2432
1 1 723
1 2 2280
0 2 3434
3 0 2825
0 0 88
4 2 2124
4 1 2287
5 0 1372
5 2 954
2 0 4432
3 1 3693
0 1 950
3 2 84
1 0 3920
2 3 600
4 0 3581
2 2 706
3 0 751
1 1 544
1 3 660
0 2 2200
4 2 621
1 2 1044
0 0 101
4 1 923
3 1 1780
0 1 740
3 2 127
2 0 2536
4 0 2121
1 1 1068
1 3 1082
2 1 81
0 2 2468
4 2 1018
3 0 1797
1 2 1860
0 0 198
2 2 563
3 1 2253
4 1 1806
3 2 80
4 0 2244
1 1 433
0 3 1432
4 2 433
0 2 1988
2 0 2536
3 0 1608
1 2 1464
2 1 82
4 1 1246
0 0 72
2 2 872
3 1 2579
4 0 2096
3 2 65
1 0 2722
0 1 659
1 1 439
4 2 690
3 0 1088
2 0 2091
1 3 700
2 1 70
4 1 1194
1 2 1121
0 2 1979
2 2 431
3 1 1929
0 0 207
4 0 1770
3 2 208
4 2 432
1 1 437
0 3 1625
2 0 2190
3 0 1724
1 2 1596
4 1 1675
2 3 610
2 2 614
0 2 2667
3 1 2190
4 0 2435
1 0 2439
0 0 69
3 0 807
3 3 846
4 2 559
2 0 2196
4 1 776
0 1 955
1 1 923
1 2 952
2 1 68
3 1 2055
2 2 429
3 2 84
1 0 2258
0 2 2328
4 0 2529
0 0 92
3 0 998
2 0 1986
1 3 944
1 1 995
4 2 837
2 1 87
0 1 945
3 1 1619
3 2 70
2 2 505
1 2 1642
4 0 1485
0 3 1707
4 1 1681
2 0 1668
2 1 107
3 0 1712
0 0 87
4 2 680
3 1 1905
3 2 66
4 1 1383
1 1 1276
1 2 1299
2 2 1235
3 0 736
0 1 1232
4 0 2186
1 0 2446
4 2 432
4 1 436
0 2 2355
2 0 2430
3 1 1902
0 0 279
2 1 270
3 2 77
1 3 715
3 0 435
1 1 1058
2 2 1170
0 1 1181
4 0 2411
1 0 1999
0 2 2085
0 0 70
2 0 2423
3 1 2425
4 1 708
4 2 732
2 1 196
3 2 77
1 3 591
0 1 1151
1 2 886
3 0 729
1 1 1183
2 2 1137
4 0 1928
0 2 1850
0 0 76
2 0 2005
4 2 882
3 1 2205
1 1 791
4 1 1288
1 3 971
2 3 951
2 2 992
0 3 1478
1 2 1358
3 3 688
4 0 2022
0 2 1783
3 0 885
2 0 1859
0 0 73
3 1 1989
2 1 93
4 2 1084
4 1 1103
1 3 909
1 2 927
1 1 1179
4 0 1580
3 2 84
0 1 1335
2 2 1294
4 2 765
0 2 1816
3 0 1096
0 0 65
2 0 1731
1 3 523
1 1 672
2 1 66
4 1 1334
1 2 908
3 1 1781
3 2 80
0 1 1102
4 0 2364
2 2 1205
1 1 516
0 2 2019
3 0 1271
0 0 95
1 3 973
4 2 914
2 0 2234
1 2 1235
4 1 1378
0 1 665
3 1 2177
2 3 705
2 2 717
3 2 94
4 0 2106
1 1 546
4 2 434
0 2 2201
0 0 77
3 0 1185
1 2 1368
4 1 1287
0 3 809
2 0 2725
3 1 2178
3 2 211
1 0 2573
2 1 73
4 0 2419
0 2 2082
2 2 856
3 0 1097
1 1 982
1 3 1004
0 0 78
4 2 893
1 2 1298
4 1 1147
0 1 431
3 1 1807
2 0 1842
3 2 74
4 0 1820
2 1 85
1 1 523
2 3 787
3 0 1130
4 2 692
1 2 1180
4 1 1022
0 2 2355
0 0 70
3 1 1925
3 2 68
0 1 544
3 0 436
2 0 2367
1 0 2456
4 0 2331
0 2 2156
1 1 1030
0 0 95
3 1 2057
1 2 1200
4 1 1075
2 2 950
1 3 1465
3 2 81
4 2 1375
2 3 1186
0 1 823
3 0 466
4 0 2100
1 1 443
4 2 427
2 0 2448
1 2 819
0 2 2082
0 0 80
4 1 872
3 1 2155
2 1 75
3 2 77
0 3 847
2 2 445
3 0 549
4 0 2328
1 0 2548
0 2 2012
1 1 583
2 0 1880
3 1 2254
4 2 1166
0 0 101
4 1 1176
1 2 1186
1 3 1199
3 2 86
2 3 666
3 0 586
4 0 1943
2 2 1052
0 1 1134
1 1 606
1 3 755
2 0 1765
1 2 924
4 2 870
0 2 1871
4 1 970
0 0 79
3 1 1965
3 2 216
2 1 94
0 3 859
1 3 675
4 0 2421
2 2 689
1 2 1224
4 2 435
3 0 1710
0 2 2254
4 1 966
1 0 2161
3 1 2531
0 0 81
3 2 77
2 0 2498
4 0 2260
2 2 929
1 1 924
0 3 1638
3 0 1615
2 3 1128
1 3 1209
0 2 1916
4 2 1013
1 2 1357
3 1 1951
4 1 1334
2 0 1793
3 2 88
0 0 86
4 0 1931
3 0 851
2 1 93
0 1 1091
1 1 959
4 2 843
1 2 1145
4 1 967
2 3 710
3 1 2118
3 2 65
0 2 2103
3 0 437
1 0 2169
4 0 2343
2 0 2140
1 1 565
3 1 1486
1 3 708
1 2 765
3 2 205
4 2 936
4 1 1102
4 0 1169
2 2 476
2 3 736
3 0 1152
1 1 556
3 1 1441
2 0 1360
1 3 1063
4 2 905
3 2 81
1 2 1240
4 0 1148
4 1 1158
2 1 207
3 0 906
2 2 580
3 1 1097
3 2 80
4 2 757
1 3 759
4 1 1200
1 2 1201
2 0 1726
3 0 889
4 0 1689
2 1 77
1 0 1787
2 2 538
4 2 435
4 1 452
3 1 1799
3 2 64
3 0 434
2 0 1479
4 0 1345
2 1 69
2 2 590
4 2 432
4 1 450
3 1 1366
3 2 70
2 0 1357
3 0 439
4 0 1224
2 1 68
2 2 577
4 2 427
4 1 448
3 1 1334
3 2 66
2 0 1317
3 0 437
4 0 1354
2 1 69
2 2 447
4 2 425
4 1 442
3 1 1336
3 2 68
2 0 1336
3 0 430
2 1 63
4 0 1342
2 2 443
4 1 435
4 2 427
3 1 1201
3 2 67
2 0 1342
3 0 432
4 0 1352
2 2 447
4 1 439
2 3 650
3 1 1191
4 2 800
2 0 1341
3 3 437
3 0 440
4 0 1314
2 1 67
3 1 1031
4 2 539
4 1 562
2 2 438
4 0 1026
2 0 836
4 1 576
2 2 444
4 2 862
4 0 916
2 3 754
2 0 798
4 2 429
4 1 441
4 0 444
