0 0 299
0 1 529
0 2 531
1 3 299
1 1 307
1 2 324
0 0 97
0 3 318
0 2 317
1 3 296
1 1 312
1 2 310
0 0 197
1 3 304
0 3 552
0 2 576
1 0 559
1 2 568
0 0 60
1 3 375
1 1 321
0 3 311
1 0 656
0 2 572
0 0 63
1 3 300
1 2 449
1 0 463
0 3 412
0 2 420
1 2 430
1 3 368
1 1 380
0 0 65
0 1 290
0 3 291
1 1 297
1 0 367
1 2 302
0 0 54
0 1 316
0 2 361
1 2 311
1 0 385
1 1 387
0 0 285
2 1 106
1 3 400
0 1 910
1 1 856
0 2 944
1 0 890
0 0 63
2 0 944
2 2 950
2 3 432
1 2 315
0 2 737
2 0 562
0 1 877
1 3 507
2 2 813
1 1 716
0 0 239
0 3 503
0 2 515
2 3 333
1 2 314
2 2 598
1 1 570
2 0 629
1 0 590
0 0 68
0 1 340
1 2 299
1 3 421
0 2 599
2 2 319
2 3 412
1 0 686
0 0 56
2 0 760
0 1 333
0 2 521
1 2 422
2 3 284
1 1 667
1 0 700
2 2 502
2 0 514
3 2 249
0 0 84
2 1 58
1 3 290
3 0 723
1 2 562
0 1 721
0 2 772
1 1 750
3 1 785
2 2 645
3 2 65
2 0 942
0 0 82
3 0 597
1 2 370
3 1 923
2 3 533
1 3 534
3 2 55
0 1 741
2 2 797
2 0 804
1 1 779
0 2 934
3 0 294
0 0 107
3 1 657
2 1 53
3 2 60
0 3 419
0 1 520
1 2 694
0 0 55
1 1 858
3 0 751
2 2 869
1 0 907
2 0 1031
3 1 1012
3 2 56
1 2 372
1 3 414
0 1 830
2 3 576
3 0 537
1 1 842
0 2 1025
2 2 769
0 0 55
2 0 956
3 1 960
3 2 63
0 1 403
2 1 64
1 1 645
1 2 661
4 2 290
2 2 368
3 0 790
0 2 1134
4 1 492
0 0 58
0 1 290
1 0 1353
3 1 1254
3 2 53
1 1 485
1 2 739
3 0 736
2 0 1731
4 0 1751
2 1 49
0 2 1380
0 0 60
4 1 295
4 2 298
2 2 434
1 0 1359
0 1 496
3 1 1530
3 2 59
1 3 286
1 1 355
1 2 371
3 0 502
0 2 1206
4 0 1341
2 0 1450
0 0 91
2 1 58
4 2 291
1 1 539
3 1 1267
2 2 532
3 2 53
1 2 854
4 1 880
0 3 985
3 0 529
0 2 1210
1 0 1539
4 0 1522
2 0 1561
0 0 85
3 1 1234
4 1 322
3 2 64
3 0 322
1 3 640
4 2 760
0 1 947
1 1 955
2 3 874
2 2 904
4 0 1313
1 0 1378
0 2 1529
3 1 1274
0 0 60
4 2 316
3 2 68
4 1 445
1 3 286
1 1 299
2 0 1934
4 0 1055
2 1 53
0 3 977
0 2 1066
3 0 1014
1 2 1007
2 2 308
3 1 1091
4 2 284
4 1 761
0 0 285
3 3 736
3 0 781
1 3 357
4 0 1175
1 2 494
2 0 1320
2 1 55
5 2 661
4 1 305
4 2 395
0 1 1171
3 1 1389
1 1 1020
5 0 1022
2 2 786
3 2 51
0 2 1760
0 0 58
5 1 1586
1 3 320
4 0 1312
2 0 1226
2 1 60
1 1 668
5 2 588
4 2 431
1 2 1033
3 0 1061
0 1 975
0 3 1068
5 0 959
3 1 1309
4 1 737
2 2 725
5 1 1108
3 2 63
0 0 70
2 0 1248
4 0 1331
1 1 534
1 3 583
2 1 69
5 2 697
0 1 615
3 0 989
4 2 387
2 2 497
1 2 1056
5 3 1062
4 1 709
3 1 1437
5 1 1363
3 2 60
1 3 423
1 1 451
0 2 1635
1 2 616
4 0 1419
2 0 1498
0 0 83
2 1 72
5 2 377
3 0 815
4 2 486
0 1 640
5 3 888
2 2 754
4 1 865
1 1 537
1 2 621
3 1 1630
3 2 59
5 1 1706
0 2 1631
3 0 289
2 0 1532
0 0 55
4 0 1688
1 0 1861
4 1 321
0 1 726
2 3 775
1 2 299
2 2 982
4 2 845
5 0 821
5 2 855
3 1 1642
1 1 638
0 2 1348
1 3 688
3 2 65
0 0 56
2 0 1447
4 0 1610
2 1 64
3 0 707
5 1 1756
0 3 872
4 2 343
1 1 497
2 2 487
5 2 362
3 1 1356
1 2 923
4 1 921
0 2 1642
3 3 423
5 3 950
3 0 591
0 0 51
1 0 1862
0 1 313
2 0 1854
4 0 1860
2 1 65
5 1 1744
3 1 1313
1 3 415
1 2 480
1 1 529
4 2 580
2 2 695
4 1 674
3 2 64
0 2 1332
5 2 309
5 0 346
0 0 64
5 3 596
4 0 1210
2 0 1286
3 0 849
0 1 820
1 1 835
1 2 906
2 2 550
4 1 715
4 2 744
2 3 743
5 3 540
5 2 611
3 1 1614
3 2 49
0 2 1534
0 0 54
3 0 291
1 0 1738
0 1 473
4 0 1702
2 0 1808
1 2 348
1 1 366
1 3 366
5 1 1745
4 1 356
4 2 372
2 1 61
3 1 1484
0 2 1336
3 2 67
0 0 70
2 2 604
1 3 593
1 1 596
4 0 1214
5 2 496
1 2 863
4 2 290
5 3 958
2 0 1433
0 3 1167
2 1 54
5 1 1298
1 3 484
4 1 1103
3 0 1597
2 3 586
0 2 1722
4 0 1329
1 2 798
5 2 392
5 3 570
0 0 55
4 2 303
4 1 405
1 0 1344
0 1 442
3 1 2569
3 2 50
2 0 1688
5 1 1468
3 0 398
1 3 292
4 0 1236
1 1 316
1 2 564
0 2 1411
0 0 67
2 2 466
4 1 624
2 3 857
4 2 860
0 1 518
5 3 612
3 1 1510
5 2 666
1 1 465
1 2 493
3 2 46
3 0 287
2 0 1360
4 0 1700
2 1 52
5 1 1695
4 2 288
4 1 294
2 2 287
0 2 1712
0 0 50
1 0 1683
1 2 302
3 1 1717
0 1 691
3 2 55
1 3 574
5 2 578
4 0 1305
3 0 298
5 0 727
1 1 727
4 2 289
4 1 292
2 0 1709
0 2 1521
5 1 1298
1 2 439
0 0 70
1 1 580
1 3 621
2 2 591
2 3 745
5 2 535
3 1 1650
0 3 620
4 0 1373
5 3 624
3 2 56
1 3 406
4 2 388
1 2 836
0 2 1377
2 0 1824
3 0 909
4 1 871
5 1 1717
2 1 66
0 0 71
1 0 1546
3 1 1428
4 0 1607
3 2 62
5 2 510
0 1 866
2 2 868
4 2 375
3 0 510
5 0 757
4 1 493
5 1 1207
0 2 1474
0 0 54
3 1 1358
5 2 287
3 2 57
4 0 1379
2 0 2313
5 3 845
0 3 910
4 2 384
2 2 294
2 3 383
3 0 892
0 2 1259
4 1 648
5 1 1441
3 1 1258
0 0 54
3 2 64
4 0 1388
0 3 573
5 0 413
5 2 441
3 0 701
4 2 328
2 0 1652
4 1 435
0 2 1257
2 1 50
3 1 1257
3 2 55
2 3 293
0 0 51
5 1 1429
4 0 1362
3 0 467
0 1 397
5 2 388
5 3 523
4 2 392
4 1 460
3 1 1236
2 0 1547
3 2 64
5 1 1254
3 0 299
0 2 1562
4 0 1262
2 2 442
2 3 455
4 1 298
3 1 1068
5 0 293
3 2 49
4 2 512
5 2 493
2 0 1057
3 0 287
2 1 45
4 0 1045
5 1 1065
2 2 373
3 1 1012
3 2 50
4 2 492
4 1 543
5 2 425
5 3 628
3 0 525
2 0 1126
2 1 46
4 0 1250
5 1 1061
2 2 297
3 1 1016
3 2 225
4 2 458
4 1 529
3 0 543
5 2 289
5 0 294
2 0 1072
2 1 51
4 0 1082
2 2 301
3 1 1153
4 2 292
4 1 299
3 2 57
3 0 299
5 1 1306
2 0 1024
2 1 56
5 2 385
5 3 390
4 0 1106
2 2 292
3 1 1114
4 2 287
4 1 290
3 2 47
3 0 289
2 0 1049
5 1 1336
2 1 57
4 0 1005
2 2 449
3 1 1047
3 2 59
4 1 504
5 0 302
4 2 653
5 2 503
3 0 357
2 0 1104
2 1 46
4 0 1177
2 2 313
5 1 1115
3 1 1078
4 1 489
3 2 58
4 2 550
5 0 477
5 2 557
3 0 309
2 0 1218
4 0 1196
2 2 289
2 3 296
5 1 1235
3 1 1132
4 2 345
4 1 351
3 2 49
5 2 340
2 0 1076
5 3 549
3 0 492
4 0 1022
2 1 68
5 1 1071
3 1 1058
2 2 296
4 1 322
4 2 326
3 2 53
3 0 431
5 2 290
5 3 435
2 0 936
4 0 1046
2 2 475
3 1 1183
2 3 601
4 1 482
5 1 1255
4 2 608
3 0 296
3 3 297
2 0 1134
4 0 1157
5 0 298
5 3 299
3 1 904
4 2 303
4 1 307
5 1 745
4 0 533
4 1 301
5 0 290
4 0 538
4 2 537
5 2 535
5 1 541
4 1 388
4 2 392
4 0 398
5 2 387
5 3 388
5 1 393
4 1 379
4 0 416
4 2 408
5 0 289
5 2 328
5 1 327
4 0 287
4 1 292
4 2 293
5 2 286
5 0 287
5 1 286
5 1 287
5 3 287
5 2 288
5 1 287
5 2 288
5 3 290
5 2 285
5 3 287
5 1 290
5 3 287
5 0 287
5 1 289
5 3 287
5 2 287
5 1 287
5 0 295
5 2 284
5 1 289
5 2 288
5 0 288
5 3 291
5 1 288
5 2 296
5 3 299
5 1 289
5 2 289
5 3 292
5 1 296
5 3 285
5 2 286
