0 0 500
0 1 1136
0 2 1134
0 0 121
0 2 840
0 3 842
0 0 105
0 2 736
0 3 740
0 0 113
0 3 739
0 2 749
0 0 125
0 3 775
0 2 776
0 0 109
0 1 740
0 3 754
0 0 957
1 3 1488
0 2 1532
1 2 1516
0 1 2280
1 1 2463
0 0 195
0 2 1253
0 1 1482
0 0 137
1 3 847
1 2 887
0 2 896
1 1 1673
0 1 1331
0 0 136
2 1 151
1 3 1671
0 3 2195
0 2 2357
1 2 2286
1 0 2914
0 0 212
2 0 2150
0 1 1063
1 3 718
0 2 1581
1 1 945
0 0 247
1 0 1604
0 1 896
0 2 1171
0 0 322
1 3 720
0 1 901
1 2 763
0 2 1606
1 0 1705
3 2 199
0 0 383
3 0 1379
0 1 1361
0 2 2038
3 1 2075
3 2 154
0 0 152
3 1 760
0 1 741
3 0 1438
0 3 1430
3 2 120
0 0 113
3 0 857
3 1 1019
3 2 117
0 1 804
3 0 729
0 2 1391
0 0 114
3 1 1480
3 2 110
0 1 836
3 0 723
0 2 1449
0 0 98
3 1 1331
3 2 111
0 1 846
3 0 724
0 2 1443
0 0 128
3 1 3186
3 2 141
4 2 2452
0 1 2486
4 1 2684
3 0 943
0 2 3704
4 0 3717
0 0 117
3 1 2346
3 2 125
4 2 1282
4 1 2363
0 3 2395
4 0 2630
0 2 2638
3 0 1986
3 1 2167
3 2 113
0 0 128
4 2 1113
4 1 1591
0 1 737
3 0 1305
4 0 2115
3 1 2395
4 2 830
3 2 114
4 1 918
0 2 2442
0 0 215
3 0 1439
4 0 2267
0 3 1508
3 1 2285
4 2 712
4 1 896
0 2 2406
3 2 107
3 0 857
0 0 121
4 0 1983
0 1 877
3 1 2039
4 2 719
4 1 941
3 3 741
3 0 749
0 2 2391
0 0 113
4 0 2403
3 1 2113
0 1 976
4 2 715
4 0 917
0 3 1430
3 2 113
4 1 1731
0 0 170
4 2 880
3 1 1636
3 0 1662
0 1 905
3 2 102
4 1 1645
3 0 949
4 0 2319
0 2 2340
0 0 121
4 1 862
4 2 864
3 1 2294
0 1 990
3 2 115
3 0 725
4 0 2388
0 2 2430
0 0 132
4 1 858
4 2 838
3 1 2296
0 1 870
3 2 105
3 0 729
4 0 2300
0 2 2440
0 0 113
4 2 834
3 1 2413
4 1 1238
3 2 107
0 3 1543
4 0 2303
3 0 1390
0 2 2397
4 2 723
4 1 710
3 1 2126
0 0 126
3 0 838
4 0 2038
3 3 1707
0 1 1588
4 1 712
4 2 713
3 1 2409
0 2 2307
0 0 112
4 0 2045
3 2 133
0 1 1029
4 2 714
0 2 2063
3 0 1554
4 1 1556
0 0 118
4 0 2217
3 1 2219
0 1 718
3 2 103
4 2 713
0 2 2072
4 1 1429
0 0 98
3 0 1529
4 0 2170
3 1 2174
0 3 765
3 2 117
4 2 936
0 2 2273
4 1 1634
3 0 1619
4 0 2112
3 1 2114
0 0 108
3 2 252
0 1 993
4 2 815
4 1 1482
3 0 1483
0 2 2232
0 0 116
4 0 2314
3 1 2306
3 2 337
0 1 1170
4 2 924
4 1 1796
3 0 1575
0 2 2385
0 0 104
4 0 2693
3 1 2483
3 2 234
0 1 1073
4 2 819
4 1 1500
3 0 1482
0 2 2364
0 0 111
4 0 2384
3 1 2393
3 2 256
4 2 821
0 3 1637
0 2 2185
4 1 1876
3 0 1811
4 0 2044
3 1 1979
3 2 255
0 0 144
4 2 929
0 1 754
4 1 1626
3 0 1526
4 0 2243
3 1 2194
0 2 2326
3 2 116
0 0 110
4 2 806
4 1 2098
4 0 2135
3 0 2136
3 1 2148
0 3 2098
0 2 2136
3 2 125
4 2 845
0 0 107
4 1 1948
4 0 1995
3 0 1859
3 1 1888
3 2 113
4 2 835
0 3 2119
0 2 2240
4 1 1901
3 0 1868
0 0 125
4 0 1983
3 1 1994
3 2 362
0 1 1079
4 2 930
4 1 1591
3 0 1588
0 2 2303
4 0 2187
3 1 2122
3 2 121
4 2 716
4 1 1384
4 0 1391
3 1 1389
3 0 1386
3 2 132
4 2 863
4 1 1581
4 0 1587
3 0 1431
3 1 1438
3 2 117
4 2 830
4 0 1436
4 1 1458
3 0 1459
3 1 1434
3 2 109
4 2 713
4 1 1436
4 0 1442
3 0 1431
3 1 1442
3 2 112
4 2 713
4 1 1430
4 0 1445
3 0 1428
3 1 1442
3 2 110
4 2 713
4 0 1438
3 1 1435
4 1 1455
3 0 1456
3 2 118
4 2 860
3 0 1608
4 0 1610
3 1 1606
4 1 1617
3 2 112
4 2 712
3 0 1430
3 1 1449
4 0 1456
4 1 1430
3 2 108
4 2 714
3 0 1468
4 1 1473
3 1 1477
4 0 1461
3 3 739
4 2 721
3 0 1461
3 1 1463
4 0 1462
4 1 1462
4 0 775
4 2 757
4 1 769
4 1 726
4 0 726
4 2 758
4 1 738
4 0 739
4 2 780
4 0 740
4 2 715
4 1 737
4 2 718
4 0 729
4 1 738
