0 0 322
0 2 430
0 1 430
0 0 40
0 2 155
0 3 163
0 0 30
0 2 146
0 3 147
0 0 75
0 3 189
0 2 191
0 0 32
0 2 147
0 3 147
0 0 93
0 3 154
0 1 155
1 1 180
1 2 181
1 3 189
0 0 48
0 2 149
0 1 156
1 3 148
1 2 148
1 1 152
0 0 32
0 1 149
0 2 152
1 3 145
1 2 155
1 0 157
0 0 34
0 2 147
0 1 149
1 3 165
1 0 171
1 1 169
0 0 90
1 3 159
0 3 230
0 2 232
1 2 283
1 0 292
2 1 32
2 0 149
2 2 148
0 0 33
1 3 159
1 2 155
1 1 180
0 2 163
0 1 241
2 3 182
2 2 254
2 0 266
1 2 152
1 1 219
1 0 233
0 0 35
0 1 147
0 2 147
1 2 215
2 3 145
1 1 335
1 0 338
2 2 278
2 0 283
0 0 35
0 1 153
0 2 162
1 3 153
1 0 272
1 1 267
2 2 274
2 0 268
2 3 281
0 0 29
0 2 152
0 1 163
1 3 149
1 2 158
1 1 183
2 3 185
2 0 194
2 2 192
0 0 34
1 0 147
1 2 210
1 1 222
0 3 214
0 1 226
2 1 35
2 0 158
2 2 158
1 3 145
1 0 149
1 2 147
0 0 28
2 3 146
0 2 239
0 1 241
2 2 242
2 0 242
1 1 148
1 0 149
1 2 145
2 1 34
0 0 40
2 2 268
2 0 270
0 2 273
0 1 276
1 1 149
1 3 149
1 2 146
2 3 145
0 0 32
2 0 160
2 2 161
0 2 165
0 1 164
1 3 144
1 1 146
1 2 149
3 2 29
2 1 28
3 0 147
3 1 188
2 2 149
2 0 182
0 0 32
1 2 148
0 1 268
0 2 270
1 0 272
1 1 267
3 2 29
3 0 144
3 1 146
2 1 29
2 0 147
2 2 145
1 3 144
1 1 149
1 2 154
0 0 31
3 2 34
0 2 213
0 3 214
3 0 220
3 1 223
2 1 28
2 2 212
1 2 149
2 0 233
1 1 216
1 0 259
3 2 29
3 0 150
0 0 28
3 1 158
0 1 146
0 2 158
1 2 154
2 3 146
3 2 33
1 1 275
1 0 289
3 0 147
2 2 287
2 0 297
3 1 339
0 0 30
0 2 145
0 3 145
3 2 58
2 1 39
1 3 174
1 1 215
1 2 243
3 0 251
2 2 189
3 1 286
2 0 260
0 0 27
3 2 28
0 1 194
0 2 218
1 1 173
2 1 33
3 0 318
1 2 292
2 2 157
1 0 427
3 1 396
2 0 304
3 2 29
3 0 146
0 0 33
3 1 300
1 3 239
1 1 304
1 0 311
2 1 34
0 3 157
0 1 228
2 0 159
2 2 245
3 2 29
3 1 149
3 0 153
1 3 144
1 1 147
1 2 157
0 0 30
2 1 27
0 1 192
0 2 196
2 2 235
2 0 234
3 2 27
3 0 144
3 1 146
1 3 142
1 1 146
1 2 147
2 1 67
0 0 29
3 2 30
3 0 148
2 2 303
0 1 276
2 0 388
0 2 380
3 1 338
1 3 145
1 1 146
1 2 148
3 0 149
2 3 146
0 0 31
3 1 343
3 3 368
2 0 371
2 2 374
0 2 422
0 1 450
1 3 290
1 2 319
1 1 386
4 0 157
4 2 171
4 1 192
3 2 31
3 0 188
3 1 187
2 1 30
2 0 148
2 2 147
0 0 33
1 1 201
0 2 290
1 3 293
4 0 246
4 2 249
0 3 357
1 2 370
3 2 36
3 1 148
4 1 483
3 0 240
2 1 71
4 2 146
2 2 192
4 1 177
1 1 162
1 2 181
2 0 380
0 0 34
4 0 368
3 2 74
0 1 189
1 0 391
3 0 195
5 2 146
5 0 156
4 2 151
4 1 154
3 1 483
5 1 441
0 2 917
4 0 580
3 2 52
1 2 191
2 3 425
1 3 318
2 2 512
0 0 38
3 0 268
1 1 432
2 0 625
4 1 226
5 0 428
4 2 304
5 2 448
0 1 292
5 1 524
3 1 582
4 0 547
0 2 499
2 1 31
3 2 40
2 2 263
1 1 220
5 2 261
4 2 263
2 0 433
5 3 509
0 0 31
1 2 564
3 0 604
4 1 599
5 1 652
0 1 149
4 0 691
1 0 748
3 1 754
2 1 33
0 2 647
4 2 391
5 2 421
4 1 472
3 3 294
1 1 297
2 3 386
4 0 645
5 3 625
5 1 651
1 3 478
3 0 506
1 2 534
0 0 44
3 1 655
2 0 661
4 2 162
4 1 330
0 3 314
5 0 219
5 2 218
3 2 45
4 0 552
1 1 220
2 3 144
0 2 586
3 0 292
1 2 450
2 2 372
4 2 151
4 1 152
5 1 898
0 0 33
5 2 145
5 3 150
3 1 906
1 0 909
0 1 205
3 2 32
2 0 957
4 0 637
1 3 144
1 1 156
2 1 38
4 2 148
3 0 347
1 2 421
2 2 213
4 1 348
5 1 810
0 2 807
3 1 661
4 0 550
2 0 508
3 2 35
5 2 262
5 0 270
0 0 30
5 3 422
3 1 387
4 2 296
1 3 303
1 1 352
0 1 350
3 0 571
4 0 443
0 2 435
4 1 476
2 3 214
1 2 466
2 2 228
2 0 309
3 2 30
5 2 251
5 3 308
4 2 252
5 1 395
4 1 434
3 0 418
4 0 459
1 3 143
3 1 457
1 2 233
0 0 33
1 0 302
0 1 218
2 1 45
2 2 170
3 2 36
0 2 408
4 2 275
5 2 275
4 1 377
5 3 378
3 0 311
2 0 626
4 0 695
5 1 716
3 1 624
1 1 160
1 3 166
1 2 192
4 0 218
4 2 227
0 0 42
3 2 37
4 1 300
2 2 152
5 2 327
2 3 266
5 3 455
5 1 513
3 0 425
0 3 532
0 2 551
4 2 152
1 1 157
2 0 718
1 2 464
5 2 279
4 1 478
3 1 989
2 1 35
3 2 48
0 0 37
5 3 428
1 0 660
2 3 151
0 1 152
4 0 710
3 0 190
1 1 151
4 2 241
4 1 250
5 1 863
1 3 244
1 2 249
0 2 735
3 1 776
4 0 547
2 0 831
5 2 208
5 0 214
3 2 32
4 2 160
3 0 361
0 0 51
5 1 622
4 1 450
2 2 346
2 3 374
1 1 223
1 3 266
3 1 684
4 0 634
5 2 182
0 3 416
1 2 427
3 2 29
4 2 187
2 0 812
5 3 464
0 2 672
5 1 596
4 1 459
3 0 383
2 1 36
4 0 574
2 2 171
0 0 67
1 3 339
3 1 778
1 2 383
5 0 291
3 2 31
5 2 410
4 2 243
0 3 522
4 1 370
2 0 795
3 0 331
0 2 730
1 0 893
2 1 30
5 1 827
2 2 184
3 1 717
5 2 144
5 3 153
0 0 32
4 0 882
3 2 100
0 1 209
4 2 145
2 0 577
3 0 343
4 1 286
5 1 631
0 2 595
3 1 606
4 0 542
2 1 32
5 2 146
5 0 265
3 2 29
2 2 268
4 2 148
5 1 396
4 1 249
3 0 244
2 0 468
4 0 428
3 1 401
5 1 182
5 2 184
5 3 184
4 2 182
4 0 186
4 1 189
2 1 46
3 2 35
2 2 150
3 0 154
2 0 285
3 1 288
5 0 173
4 1 176
5 2 247
5 1 264
4 2 223
4 0 266
3 2 28
3 1 146
3 0 147
2 1 28
2 2 182
2 0 267
5 2 286
4 2 286
4 1 290
5 3 293
4 0 336
5 1 338
3 2 27
3 0 149
3 1 158
4 1 173
2 1 28
4 2 242
5 0 198
4 0 306
5 2 218
2 2 198
5 1 360
2 0 282
3 2 32
4 2 202
5 2 174
3 1 357
3 0 376
4 0 383
4 1 388
5 1 301
5 3 301
2 3 146
2 0 148
2 2 148
3 2 28
4 2 172
4 1 264
4 0 296
5 0 148
5 2 151
3 0 236
3 1 333
5 1 298
2 1 34
4 2 181
4 1 188
2 2 192
3 2 34
4 0 321
3 0 158
5 2 148
5 0 163
2 0 412
3 1 393
5 1 387
4 2 145
4 0 148
4 1 148
3 2 32
2 2 149
5 2 271
5 3 280
2 3 267
3 0 277
5 1 394
2 0 432
3 1 444
4 1 203
4 2 204
4 0 244
5 2 146
3 2 28
5 1 168
5 3 176
3 1 172
3 0 177
4 1 148
4 0 149
4 2 150
5 3 147
5 0 149
5 1 149
3 2 28
3 1 149
3 0 170
4 2 172
4 0 170
4 1 183
5 2 144
5 1 145
5 0 145
3 3 150
4 2 144
3 0 267
3 1 274
4 1 268
4 0 279
5 2 144
5 1 145
5 3 146
4 2 144
4 1 145
4 0 146
5 2 143
5 1 145
5 0 144
4 2 142
4 0 149
4 1 143
5 0 147
5 2 174
5 1 179
4 1 150
4 2 176
4 0 180
5 3 264
5 2 268
5 1 287
4 2 246
4 1 249
4 0 259
4 2 280
5 2 280
4 0 286
4 1 287
5 1 285
5 3 285
4 2 221
4 1 226
4 0 233
5 2 226
5 3 227
5 1 234
4 2 151
4 1 192
4 0 211
5 0 149
5 3 196
5 1 205
5 2 143
5 3 144
5 1 145
5 0 149
5 2 143
5 1 145
5 2 145
5 3 147
5 0 148
5 2 143
5 1 147
5 3 147
5 2 144
5 3 145
5 1 146
5 3 145
5 2 145
5 1 145
