0 0 335
0 1 912
0 2 923
0 0 106
0 2 714
0 3 712
0 0 105
0 3 656
0 2 660
0 0 99
0 2 827
1 3 663
1 1 677
0 3 1168
1 2 1161
0 0 193
0 2 865
1 3 715
1 1 765
0 3 1295
1 2 1170
0 0 108
1 3 640
0 1 1080
1 0 701
0 3 1272
1 2 1238
2 1 219
0 0 122
2 2 1456
2 0 1512
1 3 1693
2 3 1564
0 1 2439
0 2 2482
1 1 2176
0 0 148
2 0 2247
1 0 2723
2 2 2385
0 1 1231
0 2 1243
0 0 235
1 2 949
3 2 772
1 3 3697
2 3 3961
2 2 4079
0 1 4073
3 0 3755
1 0 5502
0 2 5735
2 0 5787
0 0 110
3 1 5632
0 3 831
3 2 120
2 2 889
2 3 890
3 0 665
0 2 1957
2 0 2010
3 1 1741
0 0 127
3 2 134
0 1 1098
3 0 983
0 2 1709
2 3 640
2 2 662
0 0 98
3 1 1998
3 2 99
0 1 877
2 0 2000
3 0 652
0 2 1683
2 1 113
0 0 107
3 1 1641
3 2 126
3 0 655
2 2 1385
0 1 1377
2 0 1920
0 2 1988
3 1 1862
0 0 109
3 2 114
2 3 870
3 0 663
2 2 1386
0 1 1292
2 0 2069
0 2 1970
3 1 1732
0 0 227
3 2 112
2 1 112
0 1 1256
0 3 1473
3 1 1305
3 0 1372
2 2 1032
2 0 1279
3 2 114
0 0 263
3 0 828
2 3 816
2 2 1184
3 1 1604
0 1 1086
3 2 96
2 0 2098
0 2 1940
3 0 664
0 0 423
2 1 94
3 1 1661
3 2 109
0 1 1366
2 2 1067
3 0 658
0 2 2091
0 0 106
2 0 2023
2 1 96
3 1 1937
0 1 977
3 2 104
2 2 1046
3 0 732
0 2 1964
0 0 92
2 0 1981
2 1 95
3 1 1943
0 1 902
3 0 667
2 2 1404
0 2 2024
3 3 1145
0 0 108
2 0 1942
0 3 774
3 1 1948
2 3 640
2 2 653
3 2 91
0 2 1762
2 0 1540
3 0 670
0 0 155
3 1 1236
2 1 113
3 2 122
0 1 1083
3 0 670
2 2 931
0 2 1876
0 0 101
2 0 1949
3 1 1937
2 1 137
3 2 117
0 3 868
2 2 695
3 0 768
0 2 1875
2 0 1929
3 1 1889
2 1 302
3 2 209
0 0 203
3 0 707
2 2 1435
0 1 1327
2 0 2012
3 1 1955
0 2 1962
2 1 260
3 2 127
0 0 143
2 2 1366
2 0 1395
0 1 1246
3 1 1274
3 0 1314
0 3 1467
2 1 119
3 0 878
0 0 105
2 0 1692
2 2 1746
3 1 1897
3 3 1902
0 2 1707
0 1 1705
2 3 656
0 0 270
3 2 258
2 2 1433
3 0 780
2 0 1713
0 1 1061
2 1 100
3 1 1753
0 2 1753
3 2 223
0 0 223
2 2 1105
3 0 766
0 1 1001
2 0 1906
2 1 94
3 1 1982
0 2 1984
2 2 780
0 0 112
3 2 98
2 0 1813
0 3 1396
3 0 1398
2 3 1384
0 2 2741
2 2 1401
3 1 2733
3 2 111
2 0 2257
0 0 237
3 0 785
0 1 783
3 1 2226
2 1 938
3 2 92
2 2 1420
0 2 2328
0 0 104
3 0 792
0 1 673
2 0 2452
2 1 122
3 1 2062
2 3 637
3 2 90
0 2 1903
0 0 91
3 0 660
0 1 655
2 0 1896
3 1 1681
0 2 1721
3 2 102
0 0 115
2 3 843
2 2 891
3 0 1193
0 3 1064
2 0 1973
3 1 1943
0 2 1683
3 2 102
2 1 98
0 0 109
3 0 809
2 2 1087
3 1 1563
0 1 1178
3 2 224
2 0 1871
3 0 816
0 2 2077
0 0 94
2 3 635
2 2 966
3 1 1977
0 1 968
3 2 95
2 0 1914
3 0 652
0 2 1838
0 0 316
2 1 174
3 1 1819
0 1 969
3 2 104
2 2 1136
0 2 1752
3 0 653
0 0 106
2 0 2014
0 3 668
2 3 639
2 2 670
3 1 1953
3 2 100
0 2 1924
3 0 664
2 0 1835
3 1 1287
0 0 111
3 2 115
2 1 107
0 1 783
3 0 672
2 3 640
0 2 1660
0 0 94
3 1 1889
2 0 1995
3 2 107
0 3 1025
3 0 1033
0 2 1797
2 3 636
2 2 661
3 1 1598
3 2 97
0 0 89
2 0 1578
3 0 1196
2 1 95
0 3 1196
3 1 1649
2 2 732
0 2 1756
3 2 99
3 0 652
0 0 95
2 0 1714
2 1 105
0 1 985
3 1 1767
3 2 104
2 2 884
3 0 656
0 2 1949
2 0 1741
2 1 92
3 1 1588
3 2 102
2 2 662
3 0 659
2 0 1145
2 1 96
3 1 1284
3 2 99
2 2 787
3 0 653
2 0 1297
2 1 89
3 1 1163
3 2 105
2 2 819
3 0 657
2 0 1327
2 1 93
3 1 1168
3 2 100
2 2 809
3 0 654
2 0 1306
3 1 1167
2 3 809
2 2 1071
3 0 660
2 0 1350
3 3 904
3 1 1062
2 1 94
2 0 738
2 2 737
2 2 652
2 3 637
2 0 656
