0 0 301
0 2 731
0 1 735
0 0 89
0 2 523
0 3 531
0 0 78
0 3 516
0 2 518
0 0 84
0 2 509
0 3 508
0 0 116
0 2 614
0 3 598
0 0 115
1 3 531
1 2 708
1 1 716
0 3 973
0 1 978
0 0 134
1 3 696
1 2 744
1 1 854
0 2 553
0 1 691
0 0 138
1 3 718
1 2 766
1 0 886
0 1 700
0 2 842
0 0 90
1 3 586
1 0 1016
1 1 1021
0 2 1030
0 1 1053
0 0 93
1 3 573
0 2 856
0 3 860
1 0 853
1 2 860
0 0 91
0 2 519
1 3 497
1 2 517
0 1 804
1 1 973
0 0 127
0 2 845
0 1 871
2 1 162
0 0 93
1 2 911
3 2 109
3 0 522
1 1 1555
1 0 1996
2 2 2206
0 1 1941
1 2 515
0 2 2307
1 1 697
2 0 2789
0 0 196
3 1 2724
2 3 634
3 2 88
0 1 1166
2 2 1068
3 0 519
1 0 2165
1 3 1825
1 1 1832
2 0 3278
0 2 4052
3 1 3518
0 0 141
3 2 90
1 0 3022
0 1 544
3 1 675
0 3 1062
3 0 1099
1 3 503
1 1 500
3 2 81
0 0 80
1 2 1221
0 1 499
3 0 917
3 1 963
3 2 185
0 2 1048
0 0 93
3 0 1066
1 2 965
1 1 1005
0 1 915
3 1 1589
3 2 84
1 0 1616
0 2 1664
0 0 97
1 3 631
3 0 1061
0 1 502
1 2 912
3 1 1686
3 2 90
1 0 1638
0 2 1565
0 0 95
3 0 733
0 1 802
3 1 1488
1 2 517
3 2 80
1 1 800
0 2 1549
3 0 507
0 0 76
1 0 1689
0 3 711
3 1 1524
1 3 612
1 1 617
3 2 90
0 2 1154
1 2 918
3 1 753
3 0 974
0 0 92
3 2 87
1 3 495
0 1 973
0 2 1071
1 1 847
3 1 1173
0 0 89
3 0 1280
1 2 1178
3 2 79
0 2 1167
1 1 516
0 3 1484
3 1 1246
3 0 1339
1 0 1099
0 0 85
1 2 1496
1 3 496
3 0 1170
3 1 1187
0 2 936
1 2 804
3 3 1390
0 1 1429
1 1 1334
0 0 211
3 2 104
0 1 721
3 1 699
1 1 510
0 3 1312
1 0 612
3 0 1288
3 2 74
0 0 131
1 2 1311
3 0 1085
0 1 943
1 2 789
3 1 1297
1 1 804
3 2 71
0 2 1657
0 0 78
3 0 512
1 0 1594
0 1 875
1 3 501
3 1 1337
1 2 530
3 2 88
0 2 1130
1 1 746
0 0 91
3 0 688
0 1 698
3 1 1394
1 2 522
1 1 575
3 2 76
0 2 1397
0 0 86
3 0 769
1 0 1553
0 3 674
3 1 1539
1 3 501
1 1 633
0 2 1544
3 0 526
3 3 513
1 0 1382
0 0 223
3 1 1240
0 1 643
0 2 855
0 0 212
3 2 209
1 3 699
1 1 855
1 2 864
0 1 753
3 0 759
3 1 1120
0 2 1139
3 2 118
0 0 110
1 3 605
1 1 760
1 2 779
3 0 688
0 1 653
3 1 1197
0 2 1189
0 0 91
3 2 97
1 3 614
1 1 638
1 2 997
3 1 1134
0 2 1121
3 0 1391
0 3 1397
3 2 109
1 3 594
1 1 638
0 0 83
3 1 724
1 2 1277
3 0 1026
0 1 654
3 2 74
0 2 737
0 0 83
1 3 616
3 0 1077
3 1 1145
3 2 86
1 2 969
0 2 913
1 1 1134
0 1 1149
0 0 85
3 0 822
3 1 1159
3 2 83
0 1 838
1 1 735
0 2 1480
1 2 1013
3 0 1039
0 0 77
1 0 1627
3 1 1618
0 3 674
3 2 77
1 3 601
0 2 1235
1 1 623
3 1 767
1 2 1136
3 0 1114
0 0 124
3 2 85
0 1 736
3 0 815
0 2 1193
1 1 529
0 0 76
1 2 903
3 1 1504
3 2 74
0 3 724
1 0 1531
0 2 1392
3 0 994
1 3 576
1 1 594
3 1 1117
3 2 88
1 2 1110
0 0 126
3 1 1313
1 1 515
3 0 1545
0 2 1521
3 2 72
0 3 1609
1 0 1264
1 2 1372
0 0 296
3 1 1094
3 0 1183
3 2 78
1 3 522
0 2 1047
0 1 1160
1 2 959
1 1 971
3 1 876
3 0 972
3 2 75
3 1 671
1 1 516
1 3 499
3 0 965
3 2 71
1 2 973
3 1 503
3 0 737
3 2 190
1 3 609
3 1 1095
3 0 1099
1 2 1104
1 0 1104
3 2 82
3 1 619
3 0 669
3 2 86
1 3 542
1 1 564
3 1 515
1 2 929
3 0 826
3 2 73
1 1 510
3 0 914
3 1 937
3 2 121
1 2 933
1 0 952
3 1 650
1 3 498
1 1 516
3 0 926
3 2 89
1 2 938
3 1 660
3 0 732
1 3 531
3 1 521
1 1 989
1 2 1000
3 3 1126
3 0 1135
1 0 509
1 3 499
1 2 505
