0 0 1118
0 2 1611
0 1 1633
0 0 108
0 2 722
0 3 779
1 3 732
1 1 740
1 2 873
0 0 112
0 2 1141
2 1 125
0 3 1268
1 3 887
1 2 1847
2 0 1848
3 2 128
1 1 2308
2 2 2285
3 0 1468
3 1 1618
3 2 133
2 3 1416
2 2 1443
3 0 659
2 0 1951
3 1 1114
3 2 339
3 0 1003
2 3 671
2 2 673
3 1 1463
2 0 1337
3 2 102
3 0 808
3 1 836
3 2 136
2 3 750
2 2 789
3 0 690
2 0 1287
3 1 1168
3 2 106
3 0 798
2 3 648
2 2 679
3 1 1158
3 2 104
2 0 1502
3 0 1776
4 2 1392
3 1 2181
4 1 1606
3 2 96
4 0 1995
4 2 637
3 0 1078
3 1 1247
4 1 1055
4 0 1261
3 2 200
4 2 639
3 0 1181
3 1 1248
4 1 1083
4 0 1178
3 2 106
4 2 639
3 0 1172
3 1 1276
4 1 1078
3 2 89
4 0 1175
4 2 637
3 0 1167
3 1 1268
4 1 1053
4 0 1152
3 3 755
4 2 724
3 0 1194
3 1 1291
4 1 1449
4 0 1738
5 2 979
5 0 1085
5 1 2368
4 2 640
4 1 655
4 0 1257
5 0 653
5 2 653
5 1 1268
4 1 767
4 2 867
4 0 1364
5 2 751
5 3 798
5 1 1400
4 2 809
4 1 845
4 0 1076
4 2 1306
4 0 1395
4 1 1413
5 2 1172
5 1 1256
5 3 1242
4 1 664
4 2 640
4 0 692
5 0 788
4 1 666
5 2 1342
4 2 1224
5 1 1435
4 0 1293
4 0 1368
5 2 1345
4 2 1346
5 1 1383
4 1 1388
5 3 1389
4 0 771
4 2 777
4 1 832
5 0 772
4 0 671
5 2 1184
5 3 1279
4 2 1036
4 1 1095
4 2 1177
4 0 1224
4 1 1230
5 2 1215
5 1 1274
5 3 1308
4 2 689
4 0 734
4 1 769
5 2 1367
5 1 1403
5 3 1407
4 2 1360
4 0 1398
4 1 1409
4 2 891
4 0 911
4 1 934
5 2 1089
5 3 1157
5 1 1139
4 2 941
4 1 1149
4 0 1152
4 1 1304
4 2 1298
4 0 1309
5 2 1226
5 1 1232
5 3 1215
4 1 793
4 2 808
4 0 855
5 0 855
4 1 672
5 2 1295
5 1 1377
4 2 1087
4 0 1181
5 3 1202
5 2 1250
5 1 1310
4 2 1238
4 1 1302
4 0 1375
4 1 782
5 0 665
4 0 1170
4 2 1173
5 2 1159
5 1 1172
4 1 1068
4 2 1225
4 0 1303
5 3 994
5 2 1114
5 1 1170
4 1 842
4 2 888
4 0 937
5 0 664
4 1 662
5 2 1345
4 2 1348
5 1 1368
4 0 1375
5 2 1236
5 3 1264
4 2 1236
5 1 1282
4 1 1266
4 0 1280
4 1 648
4 2 813
4 0 851
5 0 789
5 2 1211
5 1 1282
4 1 654
4 2 1066
4 0 1166
5 3 902
5 2 1187
5 1 1346
4 1 726
4 2 853
4 0 972
4 1 871
5 0 639
4 2 1401
5 2 1210
4 0 1470
5 1 1275
4 2 1372
4 1 1424
5 2 1210
4 0 1475
5 3 1260
5 1 1305
4 1 780
4 2 801
4 0 849
5 0 661
4 1 662
5 2 1078
5 1 1171
4 2 1112
4 0 1224
5 0 672
4 1 662
5 2 1022
5 1 1191
4 2 1022
4 0 1350
5 2 1029
5 3 1041
5 1 1160
4 2 1033
4 1 1057
4 0 1110
4 2 1040
4 0 1069
4 1 1077
5 2 1182
5 1 1257
5 3 1309
4 2 668
4 0 750
4 1 761
5 3 653
5 1 666
5 0 659
5 2 639
5 0 651
5 1 651
5 2 643
5 3 664
5 1 666
5 0 651
5 2 655
5 1 660
5 2 736
5 1 756
5 0 753
5 3 648
5 2 643
5 1 655
5 2 638
5 3 644
5 1 649
5 2 640
5 3 646
5 1 653
5 0 657
5 3 645
5 1 652
5 2 640
5 3 645
5 1 647
5 2 641
5 0 651
5 1 657
5 2 639
5 3 647
5 0 646
5 2 641
5 3 649
5 1 652
5 1 650
5 3 646
5 2 644
5 2 641
5 3 650
5 1 653
