0 0 364
0 1 865
0 2 864
0 0 92
0 3 676
0 2 686
0 0 108
0 2 593
0 3 588
0 0 91
0 3 583
0 2 581
0 0 117
0 3 597
0 2 582
0 0 111
0 1 576
0 3 585
0 0 396
0 2 937
1 2 698
1 3 699
0 1 1264
0 0 109
1 1 1482
0 2 825
0 1 909
0 0 121
1 3 651
1 2 758
0 2 690
1 1 1179
0 1 1101
0 0 110
0 3 869
0 2 894
1 3 666
1 2 986
1 0 1009
0 0 95
0 2 1056
0 1 1095
2 1 196
1 3 785
0 0 98
1 0 1605
1 1 1689
0 2 1484
0 1 1615
2 0 1904
2 2 1891
0 0 119
1 2 776
1 3 1178
2 3 1101
0 1 1225
2 2 1223
1 0 1559
0 2 1509
0 0 155
2 0 2340
0 2 957
1 3 718
1 2 747
0 1 1182
0 0 115
1 1 2709
2 3 1954
2 0 2097
0 3 2215
2 2 2817
3 1 1221
3 0 1288
0 1 2726
1 0 787
1 2 862
1 1 1007
0 0 155
2 3 827
1 2 631
2 0 1744
2 2 1765
1 0 1754
0 1 1733
1 1 1757
0 2 1718
0 0 109
1 3 1049
2 3 1488
1 1 1954
4 1 946
0 1 2429
1 0 2551
2 2 2672
4 2 1540
0 2 2996
2 0 2919
0 0 118
0 1 748
4 0 2685
2 1 190
0 2 1957
2 2 1580
4 1 1241
0 0 151
4 2 1624
5 2 1187
5 0 1651
0 1 1234
2 0 2881
5 1 2753
2 3 570
2 2 585
0 2 2653
4 0 3896
0 0 338
5 0 1009
5 2 1710
4 2 1288
0 3 1691
2 0 3091
4 1 2045
5 1 3138
4 0 2787
0 2 3313
5 2 808
0 0 110
5 3 1254
4 2 1068
4 1 1114
5 1 1662
0 1 602
4 0 1503
0 2 1526
0 0 114
4 2 1080
4 1 1204
5 2 961
4 0 1766
5 3 1385
0 3 1439
5 1 1900
0 2 1720
4 2 593
4 1 812
4 0 1043
0 0 130
4 1 716
5 0 1272
5 2 1363
4 2 1243
0 1 1074
5 1 1886
4 0 1897
0 2 1904
0 0 156
0 1 630
5 2 1129
4 2 1132
5 1 1305
4 0 1248
5 3 1584
4 1 1658
0 3 1617
4 0 833
0 0 124
4 2 1014
4 1 1033
5 0 1124
5 2 1182
5 3 1269
0 1 995
0 2 1017
4 2 751
4 1 971
0 0 98
4 0 1163
0 1 853
5 2 1253
0 2 1714
4 2 1121
5 3 1304
4 1 1162
0 0 234
5 1 1951
4 0 1823
0 1 714
0 2 1479
4 2 862
4 1 1036
0 0 115
5 2 794
4 0 1739
5 3 1437
0 3 1348
5 1 1876
4 2 570
0 2 1732
4 1 742
4 0 1125
0 0 109
0 1 607
5 2 1247
5 3 1278
4 2 1136
4 1 1176
5 1 1702
4 0 1795
0 2 1646
0 0 121
0 1 723
4 2 1050
4 1 1144
5 2 863
5 3 945
4 0 1755
0 2 1708
0 0 100
5 1 1762
4 2 673
4 1 724
0 1 686
4 0 1571
0 2 1578
5 0 591
5 2 578
0 0 99
4 2 659
5 1 1739
4 1 1141
0 3 1364
4 0 2023
0 2 1943
5 2 753
5 3 978
4 2 693
4 1 723
0 0 125
5 1 1707
0 1 621
4 0 1406
0 2 1578
5 0 574
4 1 594
0 0 173
5 2 1166
0 1 582
4 2 1167
4 0 1688
5 1 1703
0 2 1930
0 0 109
0 1 568
5 3 1169
4 2 1175
5 2 1177
4 1 1172
5 1 1711
4 0 1826
0 2 1549
0 0 95
4 2 1003
4 1 1251
5 0 599
5 2 694
0 3 1056
4 0 1635
0 2 1736
4 2 675
4 1 690
5 1 1747
0 0 156
4 0 1491
5 2 672
5 3 721
0 1 800
4 2 577
4 1 603
5 1 1818
0 2 1711
4 0 1462
0 0 112
5 0 603
0 3 1121
4 1 1122
4 2 1202
5 2 1106
0 2 1622
4 0 1677
5 1 1593
0 0 93
4 2 1331
5 2 1240
4 0 1708
4 1 1821
5 1 1763
5 3 1798
0 3 1661
0 2 1697
4 2 734
4 1 766
4 0 811
0 0 273
4 1 601
5 2 1221
5 0 1372
4 2 971
0 1 1245
5 1 1858
0 2 1791
4 0 1659
5 2 991
5 3 1045
5 1 1138
4 2 891
4 1 933
4 0 979
4 1 1264
5 0 1132
4 2 1608
4 0 1654
5 2 1498
5 1 1577
4 1 703
5 0 593
4 2 1047
4 0 1150
5 2 923
5 1 1038
4 1 1048
4 2 1048
4 0 1178
5 2 901
5 3 928
5 1 1058
4 2 570
4 1 619
4 0 815
4 2 1086
4 0 1118
4 1 1122
5 2 1083
5 1 1127
5 3 1145
4 2 981
4 0 1123
4 1 1143
5 0 647
4 2 595
5 3 1014
5 1 1062
4 1 1070
4 0 1074
4 1 602
5 0 591
4 2 901
4 0 922
5 2 960
5 1 1097
4 1 813
4 2 908
4 0 1102
5 3 746
5 2 807
5 1 1027
4 1 588
4 2 601
4 0 741
4 1 608
5 0 598
4 2 1122
5 2 1124
4 0 1168
5 1 1170
4 1 612
5 0 614
4 2 1131
5 2 1130
4 0 1185
5 1 1179
5 2 576
5 1 589
5 3 591
5 1 1134
5 3 1133
5 2 1121
5 1 576
5 2 568
5 3 572
5 0 581
5 3 582
5 1 590
5 3 583
5 1 583
5 2 569
5 2 575
5 1 587
5 0 592
5 2 661
5 0 670
5 3 676
5 2 568
5 3 578
5 1 587
5 3 588
5 2 569
5 1 599
5 2 569
5 3 582
5 1 587
