0 0 354
0 1 779
0 2 784
0 0 83
0 2 524
0 3 535
0 0 126
1 3 529
1 1 565
1 2 635
0 2 563
0 3 779
0 0 114
1 1 761
1 3 743
1 2 929
0 2 627
0 3 806
0 0 94
1 3 641
1 0 659
1 2 751
0 2 682
0 3 682
1 3 604
0 0 126
1 0 654
1 1 645
0 3 539
0 1 737
1 3 571
1 2 593
0 0 96
1 0 652
0 1 559
0 2 628
0 0 112
1 3 601
1 2 617
1 1 733
0 2 518
0 1 635
0 0 86
1 2 609
1 1 801
1 0 804
2 1 229
1 2 743
0 1 1368
0 2 1470
0 0 95
2 2 1503
1 1 1625
0 3 646
2 0 1823
1 0 1861
0 2 1713
2 3 992
2 2 1123
1 3 1064
1 1 1099
0 0 78
2 0 1421
1 0 1416
0 1 630
0 2 867
0 0 104
1 2 617
2 0 902
2 3 1090
1 3 1090
0 2 811
2 2 1488
1 1 1521
0 1 1382
0 0 193
2 3 648
1 2 521
0 1 1502
0 2 1607
0 0 87
2 2 1619
2 0 1664
1 1 1531
1 0 1576
3 2 92
0 1 1350
1 3 1177
2 2 533
1 2 1404
0 2 2230
2 3 916
3 0 1387
0 0 84
1 0 2349
0 1 517
0 3 513
3 1 2101
2 0 1853
3 2 181
0 0 252
3 0 1206
1 2 883
0 1 1054
1 1 1056
3 1 1623
3 2 80
1 0 1632
0 2 1643
0 0 94
3 0 836
1 3 599
1 2 714
3 1 1178
3 2 104
0 2 1096
1 1 1243
0 1 1137
0 0 206
3 0 836
0 1 879
3 1 1455
4 2 849
3 2 113
4 1 1193
1 1 802
1 3 854
1 2 1138
0 2 1812
4 0 1730
0 0 258
3 0 1350
4 2 626
0 1 933
3 1 1921
3 2 93
1 1 786
4 1 1298
1 2 1272
0 2 2006
4 0 1910
3 0 933
0 0 208
4 2 498
3 1 1816
3 2 74
0 3 1187
4 1 1127
3 0 644
1 0 3230
0 2 2011
4 0 2008
3 1 2218
1 1 1471
1 3 1708
0 0 242
3 2 124
1 2 1811
4 2 875
0 1 681
4 1 1530
3 0 1312
1 1 512
4 0 1806
0 2 2014
1 2 1092
3 1 1948
0 0 191
4 2 620
3 2 80
4 1 1295
0 3 1335
3 0 1208
1 0 2606
4 0 2063
0 2 2051
1 1 629
3 1 2175
4 2 519
3 2 81
0 0 118
1 2 1446
4 1 1486
0 1 521
3 0 943
4 0 2002
1 0 2258
3 1 1878
1 1 524
3 2 87
0 2 2008
4 2 1154
0 0 92
1 3 1151
4 1 1399
4 0 1485
1 2 1627
0 1 628
3 1 1232
4 2 516
4 0 855
3 0 1926
1 1 750
0 3 2027
1 0 977
3 3 663
3 1 775
4 1 2086
0 0 83
1 2 2076
0 1 719
4 2 551
3 0 1758
4 1 1162
0 2 1448
1 3 820
1 1 971
0 0 206
3 2 87
4 0 1728
0 1 636
4 2 497
3 0 761
4 1 918
1 0 2218
0 2 2085
3 1 2187
4 0 1938
0 0 98
3 2 103
1 3 816
1 1 986
1 2 994
4 2 600
0 1 900
0 2 1742
3 0 1588
4 1 1708
0 0 90
1 3 617
1 1 645
3 1 1934
4 0 1921
3 2 75
4 2 500
1 2 1639
0 2 1414
0 3 1988
4 0 1620
3 1 1634
4 1 1918
3 0 2016
1 3 604
1 1 626
0 0 224
3 2 98
4 2 728
0 1 525
1 2 1651
4 1 1499
3 0 1369
4 0 1754
3 1 1580
0 2 1585
3 2 106
0 0 115
1 3 969
1 1 980
4 2 1032
1 2 1441
0 1 930
4 1 1566
3 0 1448
4 0 1757
3 1 1846
0 2 1870
0 0 98
1 3 1139
4 2 1028
1 1 1292
1 2 1494
4 0 1574
4 1 1740
3 1 1615
3 3 1648
3 0 1654
0 1 1521
0 2 2102
0 0 95
4 2 693
3 2 90
1 1 771
4 1 1398
4 0 1816
1 2 1939
1 0 2167
0 3 1940
4 2 525
0 2 2054
3 0 2087
3 1 2210
1 3 633
1 1 671
3 2 101
4 0 1660
0 0 85
4 1 1860
0 1 630
1 2 1704
4 2 506
3 1 1523
3 0 1534
0 2 1618
3 2 101
4 1 1345
0 0 87
4 0 1784
1 1 964
0 1 964
3 0 1485
1 2 1375
4 2 510
4 1 840
3 1 2031
0 2 1927
3 2 177
0 0 85
1 0 2473
4 0 2054
3 0 1034
1 3 621
0 1 957
1 1 1028
4 2 798
1 2 1271
3 1 1847
0 2 1760
4 1 1090
3 2 230
0 0 100
4 0 1950
1 1 637
4 2 501
3 0 1745
0 3 1837
3 1 2102
0 2 2161
1 2 1877
3 2 97
4 1 1764
1 0 2333
4 0 1919
0 0 237
3 0 1117
3 1 1707
3 2 92
1 3 1069
0 1 1242
4 2 1066
1 1 1135
1 2 1387
4 1 1512
0 2 1839
4 0 1712
0 0 225
3 0 1231
3 1 1769
1 1 651
3 2 83
4 2 1002
1 3 889
0 3 1643
0 2 1809
4 0 1696
3 1 1062
1 2 1653
0 0 80
3 0 1730
4 1 2638
3 2 208
0 2 1443
4 2 991
1 3 994
0 3 1770
3 1 1814
4 1 1816
1 0 1811
4 0 1977
3 0 2180
0 0 92
1 2 1926
3 2 104
0 1 811
4 2 828
1 3 545
1 1 525
0 2 1579
4 1 1521
3 0 1459
4 0 1656
3 1 1526
3 2 74
1 2 1436
4 2 499
4 0 1400
3 1 1296
1 1 517
3 0 1392
4 1 1394
3 2 97
1 0 1216
4 2 509
1 2 1451
4 0 1248
3 1 1254
1 3 500
1 1 510
3 0 1565
4 1 1563
3 2 87
4 2 624
1 2 1578
3 1 1133
4 0 1132
3 0 1326
4 1 1347
3 2 232
1 1 719
1 3 879
4 2 685
3 1 1134
4 0 1008
1 2 1485
3 0 1475
4 1 1346
3 2 206
4 2 1053
1 3 930
3 0 1565
4 1 1572
3 1 1584
4 0 1597
1 2 1433
1 0 1455
3 2 85
4 2 500
3 1 1019
4 0 1019
3 0 1029
4 1 1031
3 2 85
4 2 498
3 1 1005
3 0 1011
4 0 1002
4 1 1007
3 2 82
4 2 498
3 0 1007
3 1 1012
4 0 1003
4 1 1007
3 2 83
4 2 498
3 0 1002
4 1 995
3 1 1017
4 0 1010
3 2 84
4 2 499
3 1 1015
4 0 1014
3 0 1022
4 1 1020
3 2 78
4 2 499
3 1 1005
3 0 1014
4 1 1013
4 0 1003
4 2 496
3 3 514
3 0 1021
4 1 1021
4 0 1024
3 1 1025
4 2 499
4 1 511
4 0 517
4 0 506
4 1 507
4 2 498
4 2 498
4 0 507
4 1 506
