0 0 301
0 2 624
0 1 629
0 0 76
0 2 366
0 3 389
0 0 59
0 2 367
0 3 381
0 0 59
0 2 356
0 3 374
0 0 60
0 2 370
0 3 373
0 0 64
0 1 368
0 3 374
0 0 76
0 1 378
0 2 379
0 0 81
0 2 585
0 1 635
1 2 603
1 3 634
1 1 743
0 0 95
0 2 505
0 1 517
1 3 364
1 2 363
1 1 377
0 0 226
0 3 643
0 2 639
1 3 387
1 2 794
2 1 103
1 0 914
0 0 132
2 2 777
2 0 1035
0 1 927
0 2 982
0 0 89
1 3 758
2 3 637
1 1 1278
2 2 1170
3 2 70
0 1 1020
2 0 1246
1 0 1680
0 2 1192
0 0 217
3 0 800
1 2 365
3 1 1231
0 1 934
3 2 71
2 2 817
2 3 902
1 3 904
3 0 368
0 2 1564
1 0 1416
0 0 81
2 0 1747
3 1 1249
0 1 514
3 2 177
0 2 855
0 0 74
1 3 737
1 2 764
1 1 784
2 3 629
3 0 809
3 1 815
2 0 712
2 2 929
3 2 100
0 1 811
0 3 1153
3 1 770
1 1 697
3 0 958
2 3 370
0 0 73
3 2 57
1 2 981
2 2 753
1 0 1160
3 0 467
0 1 601
2 0 1264
1 1 591
1 2 650
4 2 488
2 1 82
4 1 602
2 2 366
0 2 1762
3 1 1793
1 0 1509
0 0 78
3 2 188
3 0 476
1 3 355
0 1 696
1 1 579
4 0 2035
2 0 1743
4 1 362
2 2 364
3 1 1573
4 2 593
3 2 56
2 3 710
0 2 1974
0 0 59
3 0 357
1 0 2005
0 1 359
2 0 1568
4 0 1812
1 1 368
1 3 409
1 2 535
2 1 65
0 2 1395
3 1 1618
4 1 530
4 2 533
0 0 192
3 2 176
2 2 562
3 0 662
1 2 674
0 1 846
1 1 719
4 0 1533
2 0 1722
4 1 365
4 2 387
3 1 1793
3 2 61
2 2 363
2 3 357
0 2 2137
0 0 54
1 0 2248
3 0 502
5 0 360
4 0 2107
0 3 1011
5 2 876
1 2 898
1 3 927
4 1 429
4 2 488
3 1 2026
2 0 2265
3 2 60
3 0 374
2 1 59
0 2 2470
1 0 2371
2 2 511
0 0 72
4 0 2181
5 1 3086
0 1 804
4 2 786
4 1 838
1 2 665
5 2 614
3 1 2238
1 1 786
5 0 753
3 2 52
2 0 2590
3 0 362
2 1 56
2 2 359
0 2 2563
4 0 2609
0 0 326
1 0 2541
5 1 2559
1 1 467
0 3 1161
3 1 2155
4 2 842
2 0 1989
1 3 1284
5 2 1122
4 1 1491
2 1 80
3 3 750
5 3 1476
1 2 1707
2 2 458
0 2 2285
3 0 1111
5 1 2106
0 0 60
3 1 1742
1 3 519
4 0 2952
1 2 539
2 0 1783
1 1 1182
3 2 73
0 1 1256
2 2 727
5 2 1036
2 3 966
5 3 1303
1 1 361
4 2 1236
4 1 1288
3 0 1066
1 2 785
0 2 2615
0 0 57
4 0 2059
5 1 2296
2 0 2244
0 1 492
3 1 2103
0 3 622
4 2 680
3 2 210
2 1 63
1 0 2545
4 1 1127
5 2 506
0 0 304
3 0 1114
5 0 1025
1 3 364
1 2 445
4 0 2028
2 2 1285
0 1 1182
1 1 973
4 1 358
4 2 359
5 1 1943
3 1 2149
2 0 2408
3 2 191
2 1 70
0 2 2306
5 2 487
0 0 61
1 1 830
2 2 940
5 3 1251
3 0 1282
1 2 1151
0 1 800
4 0 2268
4 1 358
4 2 358
3 1 2108
5 1 2405
3 2 65
1 0 2461
0 2 2111
3 0 656
0 0 91
2 0 3056
4 0 1936
5 2 483
2 1 70
1 2 1169
4 2 359
5 3 941
1 1 1364
4 1 602
0 1 1208
1 0 1744
5 0 1406
2 2 961
2 0 1452
0 2 1983
3 1 2807
1 3 537
1 1 525
1 2 575
2 1 95
0 0 241
3 2 73
5 2 676
2 2 520
4 0 2414
1 1 464
5 3 1466
4 2 360
0 3 1466
3 0 1326
1 2 1292
4 1 975
5 1 2192
2 0 2195
0 2 2282
3 1 2386
2 1 389
1 0 2289
4 0 2368
0 0 74
5 2 748
2 2 1310
5 3 1014
3 0 947
1 3 791
4 2 526
4 1 552
3 3 1209
1 1 1217
0 1 973
2 0 2136
2 2 365
2 3 356
1 0 2155
3 1 2335
4 0 1978
5 1 2801
0 2 2167
3 2 322
0 0 91
2 0 1688
1 1 996
0 1 804
1 3 1146
4 2 1143
2 1 59
5 2 755
3 0 1524
2 2 381
4 1 1610
1 2 1630
3 1 1801
5 3 1264
3 2 66
4 0 2065
0 2 2018
0 0 56
3 0 786
5 1 2285
1 1 772
1 3 818
4 2 824
0 1 765
2 0 1994
1 2 1160
4 1 1142
2 1 68
3 1 1742
5 2 374
2 2 402
3 2 362
5 3 755
4 0 2033
1 3 411
1 1 404
0 2 2207
0 0 78
4 2 532
3 0 1436
1 2 1192
2 0 2062
3 1 1756
4 1 1438
3 2 67
0 3 1155
4 0 1739
2 2 852
2 3 888
1 1 625
3 0 846
1 2 834
1 3 839
5 1 3502
0 2 2140
4 2 612
4 1 712
2 0 1829
3 1 2020
0 0 76
3 2 60
4 0 1786
2 1 87
1 2 880
1 3 995
5 2 1054
3 0 915
4 2 593
1 1 1353
4 1 648
5 0 1400
0 1 1311
2 2 1018
3 1 1687
5 1 2038
3 2 72
1 1 363
0 2 2069
2 0 1675
1 2 667
0 0 77
2 1 65
5 2 595
0 1 379
3 0 921
2 3 480
5 3 871
3 1 1666
3 2 55
4 0 3447
1 0 2365
0 2 1990
5 1 2318
0 0 69
1 1 755
3 0 1008
4 2 1058
1 3 1063
2 0 2955
0 1 700
4 1 1295
1 2 1290
5 2 366
5 0 468
3 1 1918
4 0 2024
3 2 66
2 3 609
2 2 813
1 1 803
4 2 472
0 2 2135
0 0 68
1 2 1214
3 0 1157
4 1 1157
5 1 2246
0 3 716
5 2 367
5 3 497
2 0 2343
1 0 2292
4 0 2165
2 1 65
1 1 600
3 1 2956
0 2 2077
1 3 722
3 2 76
1 2 810
4 2 730
2 2 464
5 1 1861
4 1 1061
0 0 84
3 0 943
4 0 1739
1 2 732
0 1 981
5 2 665
4 1 462
4 2 543
1 1 1110
5 0 925
2 0 2284
3 1 2079
3 2 68
2 3 483
2 2 497
3 0 377
0 2 2345
0 0 51
0 3 365
5 1 2421
4 0 2181
1 0 2904
2 0 2022
1 1 502
3 1 2235
2 1 202
5 2 1183
3 2 79
5 3 1253
4 2 1231
1 3 1195
4 1 1328
0 2 2054
1 2 1351
2 2 498
5 1 1703
3 0 607
4 0 1975
0 0 99
1 1 631
1 3 872
5 0 442
2 0 1960
3 1 2022
1 2 1284
0 3 1291
4 2 1008
3 2 66
4 1 1157
5 2 1006
2 2 378
2 3 687
3 0 631
0 2 1955
1 3 407
1 2 425
0 0 56
4 0 2123
5 1 2241
0 1 483
4 2 501
2 0 1987
4 1 546
5 2 502
3 1 2056
5 3 533
3 2 57
2 1 61
3 0 368
2 3 362
1 0 2363
0 2 2202
4 0 2109
5 1 2159
1 1 534
1 3 656
1 2 721
3 1 1806
2 0 1794
3 2 79
4 2 719
4 1 760
5 0 496
5 2 690
3 0 771
2 3 357
4 0 1506
1 2 654
1 1 765
2 2 651
4 2 356
4 1 363
5 1 1649
3 1 1495
3 2 62
5 2 462
5 3 776
3 0 684
1 0 2110
2 0 1999
4 0 1687
1 1 486
1 3 501
5 1 1459
1 2 549
2 1 82
3 1 1521
4 2 528
4 1 588
2 2 502
3 2 62
3 0 775
4 0 1376
1 2 637
2 0 1359
5 2 689
5 0 752
1 3 753
1 1 768
2 1 77
4 2 517
4 1 517
2 2 488
5 1 1587
3 1 1859
1 3 365
1 2 367
3 2 59
5 2 477
5 0 485
3 0 369
4 0 1677
2 0 1808
2 1 59
4 2 360
4 1 367
2 2 368
1 0 2062
5 1 1875
3 1 1986
3 2 58
4 0 1501
2 0 1604
5 2 538
2 1 69
5 3 837
4 2 401
2 2 369
3 0 990
4 1 787
5 1 1462
3 1 1508
4 0 1447
2 0 1349
3 2 79
2 1 65
2 2 469
5 2 779
4 2 770
3 0 1062
5 3 1111
4 1 1088
5 1 1332
4 0 1362
3 1 1511
2 0 1431
3 2 60
2 1 68
4 2 477
2 2 657
5 0 656
4 1 1013
3 0 1049
5 3 863
4 0 1347
3 1 1366
2 0 1419
3 2 57
4 2 575
5 1 1674
2 2 372
4 1 745
2 3 484
3 0 654
4 0 1441
5 0 369
5 2 357
3 1 1447
2 0 1367
4 2 359
4 1 647
3 3 474
2 1 57
3 0 646
2 2 376
5 1 1412
4 0 1300
5 2 406
5 3 408
3 1 1327
4 2 554
4 1 561
2 0 1524
5 1 1247
4 0 1116
2 3 354
2 2 497
4 1 380
2 0 921
5 0 372
4 2 614
5 2 616
4 0 844
5 1 790
4 1 477
5 0 366
4 2 741
4 0 769
5 2 645
5 1 669
4 2 637
4 1 662
4 0 676
5 2 638
5 3 661
5 1 672
5 2 356
5 3 364
5 1 367
5 2 355
5 3 359
5 1 364
5 0 362
5 3 369
5 1 371
5 2 356
5 1 368
5 3 370
5 2 355
5 1 363
5 0 364
5 2 360
5 3 360
5 0 361
5 1 365
5 2 356
5 3 363
5 2 357
5 3 361
5 1 361
5 3 362
5 1 370
5 2 361
