0 0 357
0 2 690
0 1 694
0 0 69
0 2 374
0 3 374
0 0 68
0 3 368
0 2 370
1 2 518
1 1 520
1 3 544
0 0 142
0 2 582
0 3 634
1 1 534
1 2 550
0 0 114
0 3 462
0 2 463
1 3 509
1 0 515
1 2 522
0 0 77
0 3 539
0 1 588
1 3 370
1 0 403
1 1 559
0 0 168
0 1 476
0 2 592
1 3 445
1 2 435
1 0 667
0 0 75
0 2 491
2 1 186
0 1 662
1 3 480
1 2 496
2 0 508
1 1 841
0 0 92
2 2 1007
0 2 771
2 3 399
1 2 396
0 1 1189
1 0 942
0 0 70
2 2 1035
2 0 1026
1 1 1198
0 3 683
3 2 79
0 2 1204
1 1 778
1 2 841
2 3 391
2 2 542
3 0 894
0 0 74
1 0 1490
3 1 1471
0 1 396
3 2 65
2 0 1584
1 3 509
1 1 546
3 0 370
0 2 1405
2 3 469
0 0 65
2 2 512
1 0 1433
3 1 1334
0 1 400
3 2 63
2 0 1380
1 3 358
1 1 373
0 2 1112
3 0 717
0 0 70
1 2 593
3 1 1089
3 2 77
2 3 372
0 1 998
3 0 624
2 2 939
0 2 1266
1 2 460
0 0 63
1 1 673
2 0 1397
0 1 451
3 1 1564
1 0 1359
3 2 197
2 1 96
2 2 397
0 2 1239
1 3 361
0 0 64
3 0 777
0 1 363
1 2 786
3 1 1213
0 3 586
2 0 1285
1 0 1243
3 2 82
3 0 376
0 0 77
2 3 471
2 2 679
1 2 367
3 1 981
3 2 74
0 1 872
2 0 1185
1 1 736
3 0 365
2 1 63
0 2 1613
1 0 1457
0 0 205
4 2 508
2 2 628
4 1 594
3 1 1470
3 2 63
1 3 444
1 2 608
0 1 906
1 1 786
3 0 506
2 0 1562
0 2 1478
4 0 1821
0 0 74
3 1 1347
1 2 592
3 2 83
1 3 1150
2 3 1095
1 1 1334
4 1 1017
2 2 1269
4 2 1081
0 1 1216
3 0 612
2 0 1625
0 2 1609
0 0 81
1 2 517
4 0 1904
1 1 623
2 1 74
3 1 1513
3 2 71
4 2 488
0 1 846
4 1 689
2 2 744
3 0 689
1 0 1997
0 2 1905
2 0 1701
3 1 1523
4 0 1748
1 1 542
1 3 565
0 0 263
1 2 615
2 1 281
3 2 138
2 2 408
4 2 370
1 1 371
0 3 1365
3 0 1200
0 2 1440
4 1 1341
2 0 1654
1 2 1033
2 1 65
3 1 1775
0 0 63
4 0 1919
2 2 800
4 2 354
1 0 1995
3 0 656
0 1 1009
4 1 699
3 3 1016
1 2 487
1 1 529
2 0 1583
2 3 360
2 2 374
3 1 1793
0 2 1944
0 0 94
4 0 2083
5 2 645
5 0 667
0 3 706
3 2 71
1 0 2134
2 0 1813
4 2 493
1 1 371
1 3 495
3 0 1203
4 1 1210
2 1 64
1 2 1086
0 2 2037
5 1 2127
2 2 593
4 0 2294
0 0 79
3 1 2341
5 2 603
3 2 70
5 0 947
1 2 816
4 2 363
1 1 1118
0 1 851
4 1 842
3 0 836
2 0 2186
2 1 59
2 2 360
5 1 2476
1 0 2410
0 2 2328
3 1 2466
4 0 2500
5 3 636
0 0 86
3 2 69
1 1 726
5 2 939
0 1 492
1 3 988
4 2 607
2 0 2091
0 3 1216
2 1 74
4 1 1208
3 0 1207
5 1 1970
2 2 369
1 0 2086
0 0 69
3 1 1868
0 1 524
3 2 75
4 0 2206
5 2 578
1 1 493
5 3 940
2 0 1743
1 3 814
2 1 81
4 2 600
0 2 1692
3 0 1286
0 0 66
1 2 1242
2 2 404
4 1 1010
0 1 585
3 1 1888
5 1 2158
3 2 293
1 3 549
1 1 569
1 2 804
2 0 1788
4 0 2378
3 0 978
0 2 1807
2 1 74
5 2 582
0 0 70
5 0 832
4 1 615
4 2 701
1 2 492
1 3 518
2 2 1018
3 1 2149
0 1 1015
1 1 1039
3 0 365
3 3 481
0 2 1566
5 1 2132
2 0 2046
4 0 1991
0 0 99
1 1 887
2 2 624
3 1 1911
1 3 1423
5 2 1452
0 3 1499
5 3 1521
4 2 1219
3 2 68
2 3 1512
1 2 1687
4 1 1324
5 1 1771
0 2 2051
4 0 1709
3 0 621
2 0 2074
0 0 85
3 1 1677
2 1 81
3 2 69
4 2 1459
1 3 1243
5 2 1068
4 0 1638
1 1 1275
4 1 1668
1 2 1429
5 0 1265
5 3 1388
0 1 1480
0 2 1511
2 2 1201
4 2 517
0 0 91
3 0 1301
2 0 1681
2 1 69
4 1 1167
5 2 377
3 1 1959
0 1 1074
3 2 60
1 1 1059
1 2 1151
2 2 956
5 3 1135
4 0 2079
3 0 718
4 2 356
4 1 447
0 2 2337
2 0 1948
0 0 64
1 0 2463
5 1 2467
1 2 378
2 3 559
0 1 839
3 1 2208
4 0 2007
2 2 1018
3 2 78
1 3 933
1 1 1115
5 2 978
0 2 1803
5 3 1176
4 2 754
0 0 69
2 0 2169
3 0 1324
1 1 486
4 1 1360
2 1 63
3 1 1813
0 3 1058
1 2 1026
3 2 59
5 1 2433
2 2 523
3 0 529
4 0 2388
0 2 2272
1 0 2346
5 2 841
4 2 854
5 3 895
4 1 899
3 1 1762
0 0 78
1 3 525
2 0 2192
1 1 598
3 2 75
1 2 612
2 1 102
0 1 587
3 0 424
2 3 369
4 0 2272
5 1 2306
1 2 517
1 1 521
4 2 374
4 1 406
5 2 514
0 2 2136
5 3 540
3 1 2022
0 0 65
3 2 72
2 0 2269
0 1 380
3 0 382
1 0 2349
4 0 2188
1 2 373
2 2 653
2 3 716
5 1 2215
1 1 657
4 1 372
1 3 782
0 2 1908
3 1 1784
4 2 893
0 0 298
3 2 145
3 0 581
5 2 594
0 1 983
2 0 2233
1 2 385
4 0 1886
1 3 424
5 0 969
1 1 668
0 2 1955
4 2 666
4 1 675
2 1 121
0 0 70
3 1 2187
2 2 518
3 2 63
5 1 2323
1 3 491
0 3 875
5 2 359
1 2 1082
4 0 2054
3 0 929
5 3 1080
4 2 382
0 2 1805
4 1 542
2 0 2593
0 0 65
1 0 2468
3 1 2424
5 1 2307
3 2 78
2 3 525
0 1 922
4 0 2013
2 2 1022
3 0 664
1 3 715
1 2 890
1 1 908
4 1 779
5 0 725
4 2 952
5 2 910
2 0 2075
0 2 2212
3 1 1808
0 0 94
3 2 87
1 1 506
4 0 1645
2 1 61
1 2 834
2 2 485
4 2 355
5 1 2367
0 3 1211
3 0 1231
4 1 1005
5 2 361
5 3 557
1 0 2309
2 0 1762
0 2 2252
3 1 2339
4 0 2039
3 2 75
1 2 605
0 0 71
1 3 876
1 1 928
2 3 754
2 2 785
5 1 1947
4 2 727
3 0 1284
4 1 1375
0 3 1232
1 3 780
1 1 819
2 0 1982
1 2 873
5 2 608
3 1 1836
5 0 657
4 0 1770
0 2 1888
3 2 324
2 1 210
0 0 70
5 1 1862
3 0 1158
4 2 836
0 1 370
4 1 1160
2 3 1210
1 2 1053
1 3 1096
3 1 1913
5 3 706
5 2 763
3 2 53
3 0 361
4 0 2070
4 2 354
4 1 360
1 0 2184
0 2 2172
5 1 2259
2 0 3057
3 1 1576
3 2 64
4 0 1320
3 0 594
4 1 599
3 1 990
5 0 715
2 2 717
3 2 60
4 2 1115
5 2 1038
2 3 1029
3 0 363
4 0 1353
2 0 1589
5 1 1740
4 2 357
4 1 370
3 1 1297
2 1 75
5 2 474
3 2 67
5 3 586
2 2 484
3 0 453
4 0 1245
4 2 354
4 1 362
5 1 1635
2 0 1450
3 1 1279
2 1 188
3 2 75
4 0 1178
2 2 487
3 0 400
5 0 390
4 1 401
5 2 668
4 2 667
2 0 1283
3 1 1327
2 1 59
3 2 63
5 1 1391
2 2 369
3 0 366
4 0 1576
5 2 557
5 3 582
4 2 561
4 1 581
2 0 1353
2 1 63
2 2 360
3 1 1712
5 1 1375
3 2 68
4 0 1314
3 0 613
2 0 1231
5 0 370
4 1 510
4 2 583
2 1 62
5 2 587
2 2 361
3 1 1270
3 2 60
4 0 1327
3 0 360
5 1 1652
4 2 358
4 1 368
2 0 1371
2 1 78
5 2 359
3 1 1389
5 0 597
2 2 859
4 0 1478
3 0 361
3 3 460
5 1 1542
4 2 358
4 1 364
2 0 1467
5 3 478
2 2 370
3 1 1514
5 2 751
2 3 645
4 0 1344
5 1 1242
2 0 1197
4 2 360
4 1 365
4 0 572
2 1 75
2 2 375
5 2 679
5 3 708
4 2 687
4 1 706
5 1 1020
4 0 1045
2 0 1031
4 1 503
2 2 532
4 2 699
2 3 698
5 3 501
5 0 525
4 0 943
2 0 973
5 1 1095
4 2 356
4 1 369
4 0 443
5 0 502
5 2 663
5 1 688
4 1 369
4 2 606
4 0 652
5 3 475
5 2 573
5 1 644
4 1 471
4 2 510
4 0 555
4 1 455
5 0 370
4 2 748
4 0 788
5 2 673
5 1 704
5 2 356
5 0 370
5 1 366
5 2 355
5 1 363
5 3 363
5 3 358
5 1 362
5 2 357
5 2 355
5 3 355
5 1 359
5 3 358
5 0 360
5 1 361
5 1 369
5 2 354
5 3 357
5 2 357
5 1 358
5 0 358
5 2 356
5 3 359
5 0 360
5 1 362
5 3 363
5 2 354
5 2 356
5 1 357
5 3 358
5 2 356
5 1 356
5 3 359
