0 0 855
0 1 1164
0 2 1191
0 0 83
0 2 432
0 3 448
0 0 86
0 2 441
0 3 444
0 0 93
0 2 553
0 3 573
1 1 585
1 3 606
1 2 709
0 0 187
2 1 403
0 3 986
0 2 1140
2 2 1123
2 0 1416
1 3 682
1 2 749
1 1 977
0 0 128
2 3 493
2 0 542
0 3 633
2 2 1062
0 1 1152
1 3 642
1 2 646
1 0 647
3 0 4
0 0 298
2 3 759
2 2 1000
2 0 998
1 3 607
0 2 1252
0 1 1465
1 1 1271
0 0 80
2 3 484
1 0 1419
2 2 1109
2 0 1119
0 1 874
0 2 1077
1 3 507
1 2 514
0 0 94
2 3 433
1 0 1127
0 1 922
2 2 935
0 2 1209
2 0 1157
0 0 96
1 1 554
1 3 557
0 2 618
2 1 68
1 2 983
0 3 879
2 0 581
2 2 564
0 0 73
1 2 678
2 3 622
1 1 1145
1 0 1210
2 0 1236
4 0 3
2 2 1521
0 2 1438
0 1 1462
1 2 650
0 0 80
1 0 1025
1 1 1143
2 1 78
1 3 428
0 2 1143
0 1 1270
0 0 67
2 0 1209
2 2 1328
1 0 1116
1 1 1302
0 2 1017
2 3 435
0 1 1234
2 0 798
0 0 82
1 3 547
1 2 557
2 2 1123
0 2 440
1 1 1245
2 1 67
0 1 1114
0 0 82
2 0 443
1 0 446
2 2 1042
0 3 862
2 1 63
1 2 724
2 0 435
0 1 1298
1 1 1172
2 2 1006
0 0 108
2 1 89
1 3 577
1 2 581
1 0 1071
0 1 950
2 2 943
0 2 1238
2 0 1216
0 0 190
1 2 564
2 3 449
5 0 2
1 1 1296
1 0 1307
0 1 1348
2 0 1251
0 2 1449
2 2 1341
0 0 89
1 3 453
1 2 575
2 1 67
0 2 633
1 1 986
2 0 507
0 1 1112
0 0 255
2 2 1057
2 1 75
1 3 427
1 2 451
0 2 739
2 0 585
0 1 1357
1 1 1213
2 2 1086
0 0 89
2 1 77
0 3 590
2 2 649
0 2 971
1 2 449
1 1 643
2 0 1010
0 0 81
1 0 1056
2 1 75
1 3 425
1 2 435
0 2 882
2 0 872
0 1 1118
2 2 1166
1 1 1094
0 0 178
2 1 94
0 3 530
2 2 438
0 2 951
1 2 431
1 1 440
2 0 962
0 0 68
1 0 1086
2 3 426
2 2 834
1 2 429
2 0 1137
0 1 997
1 1 869
0 2 1155
1 0 1075
0 0 75
2 1 65
1 3 423
2 0 434
0 3 771
1 2 770
0 1 1051
1 1 1315
2 2 1297
2 1 85
0 0 70
1 2 429
2 2 1071
2 0 1087
0 1 1190
0 2 1247
0 0 1024
1 1 2092
2 3 1360
1 0 2161
1 3 429
2 2 2186
2 0 2264
0 1 2179
0 2 2220
1 1 929
1 0 977
0 0 100
2 1 73
0 2 950
1 3 423
1 2 440
2 0 912
0 1 1093
0 0 80
2 2 1175
1 1 927
2 1 167
0 3 519
2 3 518
0 2 761
2 0 768
1 3 430
1 1 439
1 2 442
0 0 94
0 2 615
0 1 674
1 2 666
2 3 873
2 0 885
0 0 242
1 3 1040
0 2 601
2 2 1510
1 1 1552
0 1 1043
2 1 80
0 0 77
1 3 429
1 2 432
2 0 905
0 2 734
2 2 1182
0 1 1154
1 1 1241
0 0 79
2 3 516
2 2 707
2 0 700
0 3 429
0 2 611
2 1 82
1 3 527
1 2 528
0 0 71
1 1 698
2 0 714
0 2 971
2 2 1146
1 2 558
0 1 1176
0 0 72
1 0 952
2 3 440
1 1 1346
2 0 924
0 2 838
2 2 1249
1 3 428
1 2 434
0 1 1230
0 0 71
2 1 69
1 1 989
2 3 434
0 1 579
0 2 848
0 0 73
2 0 1024
1 1 452
1 2 643
0 3 638
1 0 1007
0 2 1085
2 3 633
2 2 697
2 0 781
1 2 432
1 1 683
1 3 899
0 0 360
2 1 91
1 2 428
0 2 1164
2 0 967
0 1 1284
2 2 1065
0 0 176
2 1 71
1 1 1033
0 3 523
1 0 1215
2 2 618
0 2 1097
1 2 431
2 0 983
1 3 454
1 1 502
2 1 71
0 0 81
2 2 655
2 0 784
1 3 425
1 1 617
0 2 740
2 1 79
0 3 847
1 2 853
2 2 461
2 0 486
0 0 64
2 1 64
1 2 504
1 3 505
0 1 621
2 2 551
0 2 1056
1 0 1150
2 0 981
2 1 64
2 0 606
1 3 451
1 2 446
2 2 883
1 1 762
2 3 425
2 0 435
2 2 484
2 1 78
1 2 586
1 1 682
1 0 688
2 0 542
2 2 638
1 3 431
1 2 438
1 1 540
2 0 442
2 2 487
2 3 493
1 2 434
1 1 486
1 3 489
1 3 439
1 2 429
1 0 451
