0 0 312
0 1 483
0 2 488
0 0 122
0 2 290
0 3 306
0 0 54
0 3 219
0 2 228
1 1 275
1 2 224
1 3 238
0 0 39
0 2 316
0 3 318
1 3 238
1 1 252
1 2 295
0 0 58
1 3 241
1 0 300
1 2 418
0 2 505
0 3 515
1 3 216
1 0 219
1 1 221
0 0 77
0 3 249
0 1 253
1 0 301
1 3 227
1 2 219
0 0 61
0 1 236
0 2 238
1 3 295
1 2 294
1 1 299
0 0 42
0 1 217
0 2 217
1 2 222
1 0 224
1 1 224
0 0 39
0 1 294
1 2 222
0 2 394
1 0 396
1 1 399
0 0 50
1 3 215
1 1 220
1 0 294
0 3 227
0 2 305
2 1 48
2 0 226
2 2 226
1 3 215
1 1 218
1 2 220
0 0 57
0 2 219
0 1 229
2 3 215
2 2 233
2 0 237
1 2 225
1 1 239
1 0 254
0 0 44
0 1 308
0 2 336
3 2 61
2 2 236
2 3 278
1 3 363
3 0 425
1 2 405
2 0 491
1 0 520
3 1 651
0 0 83
3 2 85
2 3 226
3 0 448
1 2 444
0 1 522
1 1 537
2 2 645
0 2 787
3 1 780
1 0 849
3 2 41
2 0 890
0 0 63
1 3 402
3 0 526
1 2 526
3 1 626
2 3 216
0 2 478
1 1 693
0 1 544
3 2 45
2 0 401
2 2 412
3 0 367
3 1 428
0 0 64
1 3 250
2 1 54
1 1 443
1 2 452
0 3 580
0 1 589
3 2 54
2 2 461
2 0 493
3 0 265
3 1 476
1 2 223
1 1 227
0 0 46
1 0 353
0 1 312
3 2 48
2 3 261
0 2 467
2 2 297
3 0 229
2 0 535
3 1 469
1 3 220
1 1 234
1 2 231
3 2 55
0 0 56
2 1 53
3 0 257
0 1 299
2 2 412
3 1 608
1 2 224
0 2 668
1 1 410
3 2 80
2 0 852
0 0 43
4 2 299
3 0 450
4 1 457
2 3 257
1 0 1028
2 2 410
0 1 565
3 1 989
1 1 220
1 2 221
3 2 40
4 0 1136
3 0 296
2 0 1217
4 2 252
4 1 297
0 2 1297
0 0 42
2 1 39
1 0 1074
3 1 880
0 1 533
3 2 57
4 0 985
2 2 630
1 3 343
1 1 367
4 2 292
1 2 491
3 0 520
0 2 1046
0 0 43
2 0 1093
2 1 67
4 1 783
3 1 1085
4 0 949
3 2 102
0 3 683
1 1 490
2 2 497
4 2 217
1 2 638
3 0 569
0 2 1144
4 1 515
2 0 1377
1 0 1380
3 1 1102
0 0 59
4 0 1147
2 1 121
1 3 435
3 0 462
4 2 367
4 1 396
0 1 681
2 2 782
1 1 848
3 3 789
2 0 904
3 1 885
1 0 1204
4 0 1161
0 2 1417
2 3 232
2 2 233
0 0 219
3 2 214
1 1 232
4 2 551
2 0 834
1 3 343
4 1 809
2 1 47
0 2 867
4 0 991
3 1 967
1 2 785
2 2 266
0 3 1008
3 0 1023
3 2 56
4 2 383
0 0 45
2 0 775
4 1 545
1 3 215
4 0 728
3 0 613
2 1 47
1 2 487
3 1 855
0 1 552
1 1 560
4 2 411
3 2 51
4 1 544
2 2 550
0 2 1088
3 0 364
0 0 81
1 3 256
1 1 338
4 0 978
2 0 1002
1 2 652
2 1 50
5 2 448
3 1 1009
0 3 650
4 2 431
3 2 59
0 1 928
5 0 920
4 1 611
1 3 219
5 1 1039
2 2 732
0 0 56
3 0 625
1 2 604
2 0 1093
5 2 215
1 1 690
4 0 1208
2 1 48
3 1 1257
4 1 302
0 1 843
4 2 344
5 0 857
3 2 43
1 3 338
2 2 769
1 1 488
1 2 486
3 0 370
5 1 1227
0 2 1268
2 0 1042
0 0 73
2 1 71
5 2 403
4 0 1277
5 3 560
1 2 476
4 2 215
3 1 1289
0 1 649
4 1 306
2 2 668
1 1 671
3 0 226
3 3 236
5 1 1356
0 2 1300
2 0 1455
1 0 1458
0 0 187
4 0 1370
3 1 1247
2 3 751
0 1 778
2 2 796
3 2 53
1 1 676
5 3 666
1 2 672
5 2 689
0 2 948
4 1 677
4 2 692
1 3 859
3 0 493
4 0 1019
0 0 49
5 1 1145
4 2 345
2 0 1694
0 3 559
5 2 224
1 1 345
4 1 761
3 1 1351
2 1 45
5 0 499
1 2 597
3 2 39
2 2 254
3 0 218
0 2 1251
4 0 1289
1 0 1327
0 0 46
5 1 1337
4 2 356
4 1 361
0 1 385
1 1 341
3 1 1178
3 2 42
1 3 473
5 2 436
1 2 519
5 3 694
2 0 1689
4 0 1044
2 1 46
3 0 491
4 2 327
2 2 424
0 2 1438
0 0 52
4 1 483
1 1 354
1 2 376
5 1 1434
0 1 264
3 1 1315
3 2 39
5 2 217
5 0 220
4 0 1085
2 0 1457
1 0 1305
5 3 634
3 0 636
4 2 341
0 2 1259
0 0 52
4 1 541
2 2 433
3 1 1005
3 2 42
2 3 699
1 1 621
1 3 648
1 2 642
0 1 538
5 2 525
5 3 653
4 0 1234
3 0 519
2 0 1274
1 1 267
0 2 1052
1 3 374
0 0 209
4 2 502
1 2 638
5 1 1333
2 1 50
4 1 612
3 1 1184
2 2 266
0 3 532
3 2 46
4 0 1076
5 2 644
1 3 718
0 2 1329
4 2 291
3 0 941
5 3 901
1 2 956
4 1 521
0 0 78
2 0 1438
2 1 39
0 1 258
3 1 1373
1 0 1370
2 3 220
3 2 46
5 1 1540
3 0 406
4 0 1247
1 1 334
1 3 444
1 2 562
0 2 1280
2 0 1216
0 0 56
4 2 585
4 1 650
5 2 462
5 3 507
0 1 264
3 1 1289
3 2 52
4 0 1137
2 3 246
1 1 489
1 2 559
2 2 362
4 2 250
5 1 1297
3 0 519
4 1 426
0 2 1225
0 0 51
5 3 231
5 2 223
0 1 230
1 0 1474
4 0 1095
3 1 1287
2 0 1295
3 2 50
1 1 274
2 1 50
5 1 1105
1 3 465
4 2 462
2 2 232
0 2 1249
1 2 795
0 0 52
4 1 835
3 0 847
5 2 255
5 0 265
0 3 327
3 1 1168
4 0 1222
1 3 229
1 1 239
3 2 38
1 2 280
2 0 1240
4 2 433
2 2 224
2 3 281
4 1 596
3 0 592
0 2 1250
5 1 1222
1 3 325
1 2 354
0 0 40
3 1 1068
5 2 453
5 3 477
4 0 1315
3 2 44
0 1 387
4 2 214
3 0 358
4 1 361
1 0 1335
5 1 1291
2 0 1951
0 2 1364
3 1 1114
4 0 1040
0 0 281
3 2 227
2 1 73
4 2 582
5 2 442
5 0 458
2 2 454
0 3 749
3 0 761
4 1 750
0 2 884
0 0 42
3 1 1115
4 0 1146
2 0 1015
3 2 232
2 2 219
0 3 579
5 1 1505
4 2 606
2 3 460
3 0 745
4 1 749
5 2 312
5 3 375
3 1 1018
0 2 1164
3 2 45
2 0 1056
4 0 1271
3 0 217
0 0 44
0 1 369
5 1 1169
2 1 40
4 1 222
4 2 269
2 3 268
3 1 910
3 2 38
5 2 215
5 0 218
0 2 967
3 0 222
4 0 975
2 0 1143
4 1 219
4 2 214
3 1 878
5 1 1016
3 2 83
2 2 222
4 0 725
3 0 407
2 3 376
5 3 404
5 2 428
4 1 254
4 2 268
3 1 802
2 0 850
3 2 39
5 1 941
3 0 216
4 0 847
2 1 51
4 1 222
2 2 295
3 1 733
4 2 366
5 0 328
3 2 41
5 2 373
3 0 218
2 0 763
4 0 795
2 1 41
2 2 288
5 1 1002
4 2 224
4 1 233
3 1 816
3 2 43
5 2 223
5 3 339
3 0 343
2 0 823
4 0 823
2 1 46
3 1 813
5 1 915
4 2 220
2 2 225
4 1 229
3 2 45
3 0 225
5 2 215
5 0 225
4 0 771
2 0 953
2 1 47
3 1 845
4 2 217
4 1 239
2 2 227
3 2 42
5 1 943
3 0 221
5 2 215
5 3 220
2 0 928
4 0 989
3 1 771
2 1 47
5 1 711
4 2 287
4 1 452
2 2 560
3 0 544
3 3 571
5 2 215
4 0 883
5 0 260
3 1 880
2 0 958
2 1 85
4 2 259
4 1 268
2 2 262
5 1 771
4 0 634
5 2 216
5 0 222
2 0 633
4 1 229
4 2 239
5 1 502
4 0 377
2 2 230
2 3 395
2 0 423
5 3 364
4 1 310
5 2 498
5 1 528
4 2 387
4 0 419
2 1 59
5 2 375
5 3 377
2 2 242
4 2 343
5 1 503
4 1 361
4 0 649
2 0 657
5 0 240
4 2 223
5 3 560
5 1 570
4 1 543
4 0 613
2 3 222
2 2 233
2 0 464
4 1 272
5 0 228
4 2 426
5 2 380
4 0 511
5 1 447
4 2 360
4 1 361
4 0 364
5 2 320
5 1 334
5 3 327
5 0 221
5 1 225
5 2 226
5 0 218
5 1 220
5 2 222
5 3 214
5 1 216
5 2 233
5 3 215
5 1 219
5 2 227
5 3 216
5 1 220
5 2 221
5 3 217
5 1 219
5 0 218
5 2 216
5 1 226
5 3 220
5 1 216
5 2 215
5 0 216
5 0 219
5 3 215
5 2 217
5 2 213
5 3 215
5 1 215
5 2 214
5 3 215
5 1 216
5 3 217
5 1 222
5 2 215
