0 0 265
0 2 306
0 1 316
0 0 23
0 2 78
0 3 85
0 0 16
0 2 105
0 3 112
0 0 20
0 3 79
0 2 78
0 0 16
0 2 75
0 3 74
0 0 20
0 3 74
0 1 76
0 0 17
0 2 76
0 1 76
0 0 19
0 2 75
0 1 76
0 0 17
0 1 77
0 2 81
1 1 84
1 2 82
1 3 87
0 0 45
1 3 93
1 1 97
1 2 98
0 2 148
0 3 203
1 3 74
1 0 78
1 2 78
0 0 22
0 2 79
0 1 78
1 3 75
1 1 78
1 0 80
2 1 21
2 0 79
2 2 78
0 0 19
0 1 77
0 2 76
1 3 75
1 0 74
1 2 77
2 3 75
2 2 79
2 0 83
0 0 26
0 2 80
0 1 80
1 3 77
1 1 77
1 2 79
2 3 74
2 2 75
2 0 77
0 0 19
0 1 76
0 2 75
1 1 76
1 0 76
1 2 78
2 3 75
2 2 80
2 0 82
1 1 76
1 0 76
1 2 76
0 0 18
0 3 73
0 1 75
3 2 17
3 0 75
3 1 77
2 2 76
2 3 77
2 0 79
1 0 78
1 1 76
1 3 79
0 0 22
0 1 75
0 2 78
3 2 19
3 0 80
3 1 80
2 1 16
2 2 76
2 0 77
1 2 86
1 3 87
1 1 91
3 2 19
3 0 76
3 1 80
0 0 19
0 1 76
0 2 76
2 2 76
2 3 73
2 0 79
1 2 76
1 0 78
1 1 76
3 2 18
3 0 75
3 1 77
0 0 18
0 1 78
0 2 78
2 1 17
2 2 76
2 0 85
1 3 75
1 2 77
1 0 123
3 2 19
3 0 75
3 1 76
0 0 25
1 2 77
1 1 86
1 0 129
2 3 76
3 2 23
0 2 173
0 1 182
3 0 77
2 2 166
3 1 134
2 0 239
1 3 77
1 1 78
3 2 15
1 2 87
3 1 76
3 0 151
2 1 21
0 0 29
2 2 85
0 3 82
2 0 147
0 2 146
3 2 17
3 1 76
1 3 77
1 1 78
3 0 128
1 2 129
2 1 21
2 0 77
2 2 79
0 0 18
0 1 79
0 2 78
3 2 17
3 0 75
3 1 76
1 1 75
1 0 75
1 2 76
2 1 15
2 2 76
2 0 80
0 0 15
0 3 73
0 2 74
3 2 17
3 0 76
3 1 76
1 3 75
1 1 75
1 2 74
2 3 74
2 2 73
2 0 77
3 2 20
3 0 76
3 1 78
0 0 17
0 2 73
0 1 75
1 1 76
1 0 77
1 2 75
2 1 15
2 2 77
4 2 77
4 1 98
2 0 141
3 3 77
3 0 99
4 0 169
3 1 147
5 0 77
5 2 77
5 1 78
1 1 73
1 0 74
1 2 75
0 0 15
0 3 73
0 1 73
4 2 76
4 1 78
4 0 80
3 2 17
3 0 74
3 1 75
2 1 17
2 2 90
2 0 97
5 2 76
5 1 99
5 0 99
1 2 73
1 3 73
1 1 74
4 2 73
4 1 73
4 0 74
0 0 16
0 1 74
0 2 79
3 2 15
3 0 74
3 1 75
5 3 76
5 2 75
5 1 77
2 1 14
2 2 74
2 0 74
4 2 74
4 1 99
4 0 100
1 1 77
1 2 101
1 0 101
3 2 20
5 2 74
3 0 136
3 1 139
5 1 137
5 3 136
0 0 17
0 1 79
0 2 95
4 2 73
4 1 78
4 0 95
2 1 17
2 2 73
2 0 75
1 3 73
1 1 74
1 0 74
5 2 73
3 2 17
5 0 76
5 1 90
3 0 74
3 1 92
4 2 73
4 0 75
4 1 75
0 0 18
0 1 76
0 2 73
2 1 18
2 0 78
2 2 106
1 2 75
1 3 79
1 1 111
5 1 76
5 3 77
5 2 75
3 2 16
3 1 77
3 0 82
4 2 75
4 1 80
4 0 81
5 2 74
5 3 88
0 0 21
5 0 97
1 2 113
0 2 121
1 1 142
1 3 145
2 3 153
2 2 186
4 2 186
4 1 194
3 3 149
3 0 190
2 0 263
4 0 250
3 1 219
0 3 335
5 1 75
5 3 75
5 2 77
4 2 76
4 1 80
4 0 83
3 2 18
1 3 75
1 1 74
1 2 92
3 1 79
3 0 95
2 1 20
2 0 78
2 2 82
0 0 15
0 2 78
0 1 80
5 2 116
5 3 125
5 1 126
4 2 118
4 1 125
4 0 126
3 2 17
3 1 76
1 3 73
1 1 77
3 0 118
1 2 119
2 1 15
2 2 75
2 0 75
0 0 16
0 1 75
4 2 120
4 1 122
5 2 118
5 3 117
4 0 176
0 2 195
5 1 190
3 2 18
3 0 74
3 1 75
1 3 75
1 1 75
1 2 75
4 2 74
4 0 75
4 1 75
5 3 80
5 2 108
5 1 115
2 2 81
2 3 112
2 0 122
0 0 15
0 1 77
0 2 78
3 2 19
3 0 76
3 1 77
1 1 77
4 2 75
1 2 132
1 0 134
4 1 134
4 0 135
5 2 73
5 1 75
5 0 75
2 1 15
2 0 75
2 2 74
3 2 15
3 0 76
3 1 79
4 2 74
4 0 78
4 1 77
0 0 20
0 2 78
0 3 81
1 1 78
5 1 84
1 3 120
1 2 134
5 2 125
5 3 134
2 1 18
3 2 17
2 3 122
4 1 104
4 2 124
2 0 148
3 0 102
4 0 173
3 1 153
5 0 83
5 1 83
5 2 84
1 1 74
1 0 74
1 2 75
0 0 15
0 2 74
0 1 73
4 2 73
4 0 73
4 1 73
3 2 14
3 0 73
3 1 77
2 2 73
2 3 96
2 0 107
5 3 75
5 2 101
5 1 105
1 3 73
1 2 73
1 1 74
4 2 74
4 0 74
4 1 75
0 0 17
0 1 74
0 2 74
3 2 16
3 0 76
3 1 77
5 1 76
5 0 73
5 2 74
2 1 16
2 0 76
2 2 75
4 2 76
4 1 95
4 0 97
1 1 75
1 2 98
1 0 103
3 2 21
5 2 74
3 0 136
3 1 143
5 3 136
5 1 139
0 0 19
0 2 77
0 1 81
4 0 74
4 1 74
4 2 93
2 2 73
2 3 80
2 0 81
1 2 73
1 1 74
1 3 79
5 2 74
5 0 76
3 2 19
5 1 93
3 0 75
3 1 93
4 2 73
4 1 73
4 0 75
0 0 15
0 2 75
0 3 76
2 1 21
2 0 80
1 3 75
1 2 77
1 1 155
2 2 161
5 2 81
5 1 85
5 3 85
3 2 19
3 0 82
3 1 82
4 2 73
4 1 80
4 0 84
5 0 76
5 2 84
0 0 18
5 1 96
1 2 83
1 3 121
0 1 110
3 2 19
2 2 107
4 1 93
2 3 156
4 2 151
3 0 104
1 0 259
0 2 286
2 0 275
4 0 304
3 1 264
5 2 72
5 1 75
5 3 74
4 0 79
4 2 79
4 1 80
3 2 17
1 3 74
1 1 77
3 1 79
1 2 123
2 1 19
3 0 123
2 3 78
0 0 19
2 0 85
0 3 78
0 2 88
5 0 81
4 1 76
5 2 113
5 1 120
4 2 118
4 0 121
3 2 14
1 1 77
3 0 118
3 1 127
1 2 124
1 0 127
2 2 75
2 0 76
2 3 79
0 0 110
4 2 191
5 0 164
4 1 213
0 3 215
5 2 109
4 0 253
0 2 273
5 1 269
3 2 16
3 0 73
3 1 74
1 3 73
1 1 75
1 2 74
4 0 73
4 2 74
4 1 74
2 1 19
5 2 74
5 3 76
5 1 102
2 2 78
2 0 105
0 0 15
0 1 75
0 2 74
3 2 16
3 0 75
3 1 75
1 1 74
4 0 76
1 3 129
1 2 132
4 2 131
4 1 136
5 2 73
5 3 74
5 1 75
2 1 18
2 0 75
2 2 75
3 2 14
3 0 75
3 1 76
4 0 77
4 2 75
4 1 76
1 3 73
5 0 80
1 0 139
1 2 138
5 3 137
5 1 140
2 1 24
2 2 89
3 2 32
4 2 82
4 1 111
3 0 106
2 0 173
4 0 192
3 1 166
5 0 75
5 2 75
5 1 79
4 2 74
4 0 97
4 1 99
3 2 15
3 0 74
3 1 75
2 1 14
2 2 74
5 2 74
5 3 75
2 0 111
5 1 112
4 2 74
4 0 74
4 1 75
3 2 14
3 0 74
3 1 75
5 2 73
5 1 75
5 0 75
2 1 16
2 2 73
2 0 75
4 2 73
4 0 74
4 1 74
3 2 18
3 0 77
5 2 74
5 0 74
3 1 138
5 1 143
4 0 77
4 2 73
4 1 74
2 1 14
2 2 74
2 0 74
5 2 74
5 3 89
5 1 90
3 3 76
3 0 98
3 1 96
4 2 73
4 0 74
4 1 74
2 3 75
2 2 75
2 0 76
5 2 74
5 1 74
5 3 74
4 2 74
4 0 75
4 1 76
5 2 88
5 1 89
5 3 89
2 1 17
2 2 75
4 2 73
4 1 78
2 0 131
4 0 131
5 1 73
5 0 74
5 3 74
4 1 78
4 2 75
4 0 83
2 3 72
2 2 74
2 0 76
5 2 118
5 3 122
5 1 128
4 2 121
4 1 124
4 0 129
4 1 87
5 0 76
4 2 122
4 0 128
5 2 112
5 1 118
4 2 74
4 0 74
4 1 74
5 3 74
5 0 74
5 2 74
5 2 74
5 1 74
5 3 74
5 2 73
5 1 74
5 3 74
5 3 72
5 1 73
5 2 74
