1 140
1 152
1 132
1 132
1 128
1 132
1 283
1 130
1 140
1 254
1 159
1 132
1 142
1 129
1 144
1 151
1 123
1 130
1 143
1 160
1 159
1 156
1 282
1 146
1 259
1 146
1 159
1 349
1 168
1 177
1 183
1 174
1 309
1 194
1 168
1 166
1 179
1 146
1 191
1 169
1 163
1 285
1 173
1 159
1 160
1 277
1 167
1 176
1 295
1 312
1 164
1 166
1 283
1 208
1 184
1 154
1 263
1 185
1 182
1 145
1 161
1 204
1 175
1 163
1 166
1 184
1 168
1 175
1 158
1 166
1 148
1 154
1 243
1 149
1 174
1 148
1 143
1 157
1 140
1 159
1 140
1 135
1 144
1 136
1 140
1 131
1 132
1 131
1 136
