1 182
1 175
1 174
1 182
1 204
1 179
1 272
1 179
1 178
1 189
1 217
1 178
1 180
1 183
1 183
1 186
1 179
1 347
1 251
1 193
1 215
1 180
1 182
1 258
1 205
1 218
1 215
1 199
1 219
1 205
1 345
1 198
1 328
1 206
1 200
1 227
1 225
1 235
1 218
1 231
1 205
1 209
1 212
1 345
1 252
1 236
1 228
1 341
1 244
1 321
1 205
1 251
1 210
1 280
1 366
1 377
1 196
1 211
1 236
1 222
1 192
1 226
1 220
1 201
1 199
1 243
1 193
1 194
1 187
1 182
1 183
1 265
1 207
1 183
1 178
1 181
1 196
1 324
1 184
1 194
1 178
1 221
1 380
1 170
1 171
1 172
1 166
1 181
1 171
