0 1 990
0 0 999
0 2 1000
1 3 238
0 0 765
0 3 1112
0 2 1138
1 2 1134
1 1 1194
1 3 124
0 0 835
0 3 1190
0 2 1221
1 2 1157
1 1 1182
1 3 132
2 2 149
0 0 1309
1 0 1159
0 2 1558
2 0 965
0 3 2020
1 2 2139
2 1 2609
2 2 170
1 3 126
2 3 889
1 0 743
2 0 1387
1 1 1169
2 2 450
1 3 157
1 2 690
2 3 952
2 0 1002
1 0 794
2 2 404
3 1 212
1 3 199
3 0 1542
1 2 1309
2 3 1572
3 2 1404
2 0 1685
1 1 1860
3 1 1962
3 2 3079
3 0 3065
2 2 324
3 1 116
1 0 916
1 2 1460
2 0 1393
2 3 1405
1 1 1630
3 0 1340
3 2 1487
3 1 106
2 2 120
1 0 887
3 2 800
1 1 1075
2 0 805
1 2 1717
3 0 1726
1 3 105
2 1 1540
3 1 112
2 2 117
1 0 869
1 1 1108
3 0 803
2 0 893
3 2 1234
2 3 2276
3 1 1587
1 3 1483
1 1 1994
5 1 1478
2 2 101
3 2 2656
3 0 2831
5 0 1741
1 2 2782
3 1 111
2 0 767
3 2 737
2 1 1620
2 2 107
3 0 1529
1 0 766
3 1 104
1 1 1195
1 2 1427
2 3 1014
2 0 1097
1 3 132
3 2 1019
3 0 1225
1 0 797
2 2 113
3 1 108
2 0 667
3 2 655
1 2 1516
2 1 1756
3 0 1757
2 2 254
3 1 129
1 0 876
1 1 1184
3 2 660
2 0 1089
1 2 1810
1 3 124
2 1 2028
3 0 1929
2 2 199
3 1 118
1 1 830
3 2 660
2 0 834
1 2 1691
2 1 2026
3 0 1933
2 2 145
3 1 158
1 3 292
2 3 669
3 3 665
1 2 1394
3 0 1274
1 1 1442
2 0 1327
3 1 220
2 2 116
3 2 770
1 0 663
2 0 1308
1 1 1304
3 0 1865
2 1 1921
1 2 1905
3 1 224
2 2 128
1 3 117
3 2 775
2 0 1237
1 1 1233
3 0 1781
2 1 1878
3 1 93
1 2 1876
2 2 108
3 2 783
2 0 866
3 0 1631
1 0 675
1 1 842
3 1 96
2 1 1750
2 2 106
3 2 666
2 0 655
1 2 1873
3 0 1850
1 0 658
1 1 695
3 1 91
2 1 1980
2 2 219
3 2 765
2 0 776
1 2 1999
1 3 86
3 0 1876
1 1 645
3 1 96
2 1 1937
2 2 201
3 3 756
1 2 1709
2 0 756
2 3 757
3 0 1178
2 2 115
3 1 237
1 0 890
3 2 783
1 1 1377
2 0 1278
1 2 1626
1 3 93
2 1 1757
3 0 1737
2 2 111
3 1 135
1 0 887
1 1 1086
3 2 768
2 0 973
1 3 98
3 0 1577
2 1 1589
3 1 142
2 2 127
1 1 873
1 2 1326
2 0 779
3 0 1017
3 2 1489
2 3 1483
1 3 131
3 1 123
3 2 869
1 1 919
2 2 222
2 0 783
3 0 1777
1 2 1790
3 1 110
2 1 1661
1 3 102
3 2 1027
2 3 814
3 0 1633
3 1 100
2 0 1406
1 1 1412
3 2 645
2 1 1965
1 2 1967
3 0 1197
3 1 229
2 2 122
1 3 116
3 0 1247
3 2 1348
1 2 1123
2 0 1253
2 3 1239
1 1 1373
3 1 99
3 2 886
3 0 909
2 2 108
1 3 144
3 1 89
3 2 660
1 1 1357
2 0 1356
1 2 1902
2 1 1904
3 0 1711
2 2 249
3 1 131
2 0 1082
3 0 939
1 0 686
2 3 1465
3 2 1370
1 2 832
1 1 880
3 1 148
1 3 137
2 2 203
3 2 928
1 1 1160
2 0 997
3 0 1918
1 2 1923
3 1 94
2 1 1638
2 2 155
3 0 1096
3 2 1289
1 0 788
3 1 115
2 3 1391
2 0 1402
1 2 1028
1 1 1250
1 3 130
3 2 924
3 0 1027
3 1 110
1 1 1182
2 0 1166
2 3 1144
3 2 1140
1 2 1791
2 1 1799
3 0 1756
3 1 116
2 2 121
1 0 1069
3 2 1241
1 1 1397
3 0 1563
1 2 1565
2 3 849
3 1 193
2 0 1096
1 3 106
3 2 889
1 1 801
2 2 99
3 0 1680
2 0 750
3 1 93
1 2 1800
3 2 753
2 1 1718
1 3 110
2 2 93
3 0 1663
3 1 102
1 1 1318
2 0 1236
3 2 645
1 2 1938
2 1 1873
2 2 100
3 0 1588
1 3 120
3 1 119
2 0 769
1 0 658
3 2 649
2 1 1648
2 2 84
1 2 1898
3 0 1904
2 0 721
3 1 116
1 3 97
2 1 1461
3 2 724
2 2 98
1 1 1111
3 0 1766
2 0 1112
3 1 89
1 2 1980
3 2 644
2 1 1815
2 2 120
3 0 1555
3 1 96
2 0 1117
1 0 977
1 1 1133
3 3 991
2 1 1764
2 2 98
1 2 1879
3 0 1712
1 3 136
2 3 782
1 2 681
2 0 1138
1 1 1047
2 2 104
1 3 89
2 1 982
2 0 1005
2 2 100
1 2 953
1 1 1234
2 3 647
2 0 900
1 3 94
1 0 645
1 2 644
