1 3 301
1 2 645
0 1 744
0 0 746
1 1 883
0 2 1056
1 3 97
0 0 392
0 3 426
0 2 538
1 2 538
1 1 570
2 2 234
1 3 83
0 0 479
2 0 897
2 1 930
1 0 399
0 2 751
2 2 154
0 3 952
1 2 861
2 0 477
2 3 493
3 1 126
1 3 211
2 2 112
1 0 618
0 2 922
0 0 978
0 3 1020
3 0 1049
4 0 89
1 1 1007
3 2 1582
2 0 1347
4 2 636
3 1 93
2 3 1798
1 3 141
0 2 816
0 3 1038
1 0 427
4 1 1610
2 2 113
3 0 1221
4 0 72
1 2 862
2 0 433
4 2 487
3 2 1704
0 0 2228
3 1 257
1 3 112
1 1 410
4 1 1560
2 3 1670
4 0 88
3 0 1036
1 2 966
0 1 564
3 2 1544
0 3 894
2 2 260
3 1 71
4 2 952
2 0 841
1 0 376
0 0 1731
3 0 831
1 1 662
4 1 1756
1 2 855
4 0 260
2 3 1850
1 2 483
3 2 1863
4 2 967
3 1 180
1 1 921
0 2 1139
2 2 75
4 1 1615
0 1 1403
3 0 838
1 0 1501
2 0 410
0 0 1653
4 0 206
1 3 80
2 1 759
3 2 2725
2 2 91
3 1 73
3 0 505
1 1 2292
4 2 2504
1 0 2453
0 1 2373
0 2 2391
2 0 919
4 1 3144
4 0 87
5 0 2090
1 2 376
1 1 392
0 0 3350
4 2 491
2 3 1991
3 2 2020
3 1 185
0 2 759
0 1 768
2 2 77
4 1 1575
1 0 572
4 0 65
1 1 754
3 0 977
0 0 1543
2 0 665
4 2 474
1 2 1069
3 2 1245
1 3 107
3 1 98
0 2 510
2 1 1212
1 0 507
2 2 75
4 1 1313
4 0 72
2 0 398
0 3 1378
4 2 483
1 2 1253
3 0 1271
0 0 1650
3 2 1452
3 1 171
2 3 1610
4 1 1501
4 0 175
3 0 912
1 0 962
2 2 73
1 1 961
1 2 1026
3 2 1380
1 3 69
0 2 1148
0 1 1137
3 1 96
4 2 1020
2 1 739
0 0 1391
4 1 1276
2 0 956
1 2 860
4 0 85
2 2 76
1 1 1091
0 1 845
3 2 1225
3 0 1255
4 2 714
2 1 689
0 2 1231
1 3 81
3 1 80
0 0 1390
2 0 1093
4 1 1328
2 2 75
4 0 61
1 1 1207
3 0 1046
1 2 1068
0 1 709
4 2 719
3 2 1230
2 1 885
2 0 1093
0 2 1088
0 0 1147
3 1 193
4 1 1296
2 2 180
4 0 75
3 0 852
1 2 764
3 3 1322
2 3 1204
2 0 1235
1 1 1249
0 2 1154
0 0 1163
4 1 1239
1 0 1519
0 1 1535
3 1 67
4 2 1524
1 3 174
4 0 77
2 2 67
1 1 913
3 2 1082
0 1 870
2 0 697
3 0 1189
4 2 778
3 1 67
0 0 1186
4 1 1062
1 2 1560
4 0 69
0 3 1525
2 1 1487
4 2 368
3 2 856
2 2 191
3 0 1102
4 1 867
4 0 84
3 1 193
1 0 876
2 1 1320
1 2 1191
2 0 1347
1 1 1251
3 0 986
0 2 1337
0 1 1358
0 0 1360
4 2 1166
2 2 200
3 2 1537
4 1 1452
3 1 278
4 0 158
2 1 1453
1 0 1363
1 2 1397
2 0 1626
1 1 1481
0 1 1297
3 0 994
0 0 1442
0 2 1425
4 2 1313
1 3 237
2 2 256
3 2 1539
4 1 1425
3 1 95
4 0 81
0 1 777
4 2 530
2 1 1259
1 2 1287
2 0 1482
1 1 1416
0 2 1315
3 0 988
0 0 1476
2 2 201
3 2 1175
4 1 1192
4 0 97
3 1 198
2 1 835
2 0 1022
2 2 63
0 0 1121
3 0 911
0 1 1260
0 2 1284
1 2 739
4 1 1017
1 1 1213
2 3 885
0 3 357
4 2 1522
3 3 1525
1 0 1466
2 0 1101
4 0 178
0 0 805
1 3 78
0 2 1035
3 1 77
4 1 985
2 2 82
1 1 897
4 2 1102
1 0 1153
4 0 258
3 0 987
2 1 847
3 2 1099
2 0 1081
3 1 71
1 3 170
0 2 1028
2 2 67
0 1 1096
4 2 1083
0 0 1355
4 1 1476
4 0 65
3 0 1158
3 2 1241
1 1 1139
2 0 1054
4 2 491
3 1 67
1 2 1509
0 2 832
2 1 1454
2 2 68
0 3 1412
1 3 83
0 0 1499
4 1 1348
3 0 1007
2 0 749
4 0 99
3 2 1309
1 2 677
3 1 72
1 1 815
4 2 733
3 0 462
0 2 557
0 1 726
1 3 68
4 1 1367
1 1 364
1 2 359
4 0 68
0 0 1435
1 3 75
2 3 2739
4 2 629
3 2 1844
3 1 67
1 1 451
0 1 649
2 2 62
4 1 1325
0 3 1122
4 0 70
2 0 448
0 0 1228
1 2 1210
3 2 1156
4 2 455
3 0 1228
2 1 1181
3 1 86
1 3 94
4 1 908
4 0 73
0 1 804
4 2 519
3 0 1306
1 2 1218
0 2 1253
1 1 1267
2 1 1044
2 0 1106
0 0 1498
3 2 1489
2 3 1520
3 1 209
2 2 79
3 0 799
0 1 886
1 2 702
4 1 2178
1 0 772
0 2 969
4 0 67
1 1 1072
1 3 93
0 0 1545
4 2 402
3 2 1559
2 0 950
3 1 72
1 2 656
2 3 1601
0 1 511
1 1 886
3 0 434
0 2 701
4 1 1674
2 2 85
4 0 185
0 0 1516
3 2 1408
3 1 77
1 0 975
4 2 876
1 2 1192
1 1 1196
2 0 1107
4 1 1248
2 1 1301
1 3 77
4 0 81
2 2 82
0 2 1279
0 0 1393
4 2 377
0 3 1483
3 2 1377
3 0 1415
1 1 1046
1 2 1035
3 1 95
2 0 1000
3 0 519
2 3 1486
0 2 512
0 1 530
4 1 1553
4 0 96
1 2 509
1 1 585
2 2 65
1 0 897
3 2 1611
4 2 816
0 0 1631
1 3 115
3 1 99
2 0 758
2 1 791
4 1 1471
0 1 546
2 2 84
4 0 178
3 0 1146
1 2 1152
1 1 1266
4 2 369
0 2 1178
3 2 1502
2 0 856
0 0 1510
3 1 95
1 3 74
0 1 364
4 1 1565
1 1 717
3 0 767
1 2 868
4 0 77
0 2 728
2 3 1988
4 2 518
1 3 173
3 2 1649
0 0 1510
3 1 204
1 0 582
2 0 626
4 1 1509
0 2 636
4 0 61
1 2 1265
2 1 1319
4 2 366
3 0 1344
0 3 1299
1 3 63
3 2 1536
2 3 1713
3 1 75
0 0 1686
1 1 485
4 1 1374
1 2 771
2 2 188
4 0 93
3 0 779
2 0 796
3 2 1261
3 1 66
1 2 523
4 2 978
0 2 971
0 1 1060
1 1 734
3 0 439
1 0 824
1 3 63
4 1 1585
0 0 1569
2 3 1864
4 0 83
1 2 471
1 1 565
3 2 1393
3 1 99
2 2 100
0 2 864
1 3 79
4 2 1003
0 1 998
0 0 1320
4 1 1403
2 0 945
4 0 71
1 1 825
2 1 1148
3 2 1145
3 0 1167
1 2 1215
3 1 95
2 2 229
0 2 1008
0 1 1115
4 2 1034
2 0 713
1 3 72
0 0 1530
4 1 1422
2 1 1109
4 0 69
3 0 1052
1 0 528
2 2 67
3 2 1163
3 1 69
4 2 539
0 2 689
2 0 679
1 2 1321
0 0 1256
4 1 1155
0 3 1364
4 0 66
3 2 1017
2 1 1321
3 0 1253
2 2 203
3 1 76
4 2 609
4 1 777
2 0 707
4 0 68
2 1 859
3 0 860
0 2 733
0 1 758
2 2 65
4 2 655
3 2 1185
2 1 358
2 0 390
3 1 58
0 0 1226
4 1 1232
2 2 184
4 0 73
3 0 826
0 2 676
4 2 371
2 0 687
0 3 895
3 2 1211
2 1 960
3 1 60
0 0 1222
2 2 60
4 1 1286
3 0 482
2 0 476
4 0 188
4 2 499
0 3 365
0 2 384
3 2 1381
2 3 1466
3 1 70
0 0 1103
3 0 494
3 3 499
4 1 1414
2 2 71
2 1 504
2 0 653
0 1 384
0 0 394
0 2 511
2 2 68
2 0 362
2 3 361
