1 3 139
0 2 514
0 1 519
0 0 529
1 2 258
1 1 315
1 3 40
0 0 241
0 3 248
0 2 331
1 1 252
1 2 247
2 2 41
2 1 148
2 0 156
1 3 29
1 0 208
1 2 277
0 0 161
0 2 158
0 3 219
2 2 30
2 0 225
2 3 226
1 3 40
1 0 149
1 1 151
0 3 154
0 2 155
0 0 160
2 2 33
1 3 44
2 3 212
2 0 217
1 0 163
1 2 173
0 3 148
0 0 172
0 2 171
1 3 29
2 2 32
1 2 149
2 3 149
1 1 250
2 0 274
0 0 148
0 3 148
0 1 149
1 0 182
1 2 189
1 1 199
2 2 44
2 3 167
2 0 179
0 0 157
1 2 148
0 1 192
0 2 273
2 2 54
1 0 293
1 1 295
3 1 30
2 0 334
2 1 339
3 2 162
3 0 230
1 3 26
1 0 146
1 1 147
0 1 193
0 0 195
0 2 210
2 2 77
3 1 64
2 0 190
3 0 173
2 3 275
3 2 329
1 3 27
1 1 147
1 2 146
3 1 30
2 2 35
3 0 266
3 2 274
0 1 154
2 1 180
0 0 197
0 2 284
2 0 287
1 0 146
1 1 146
1 2 147
3 1 27
3 0 148
3 2 152
2 2 36
0 3 144
2 3 265
2 0 271
0 0 307
0 2 310
1 3 36
1 0 154
3 1 32
1 2 173
3 2 148
3 0 173
2 2 29
2 1 146
2 0 168
0 0 150
0 1 168
0 2 293
3 1 36
1 0 272
1 1 277
3 2 148
1 2 330
3 0 234
2 2 36
2 0 152
2 1 158
3 1 36
1 3 34
3 2 192
1 1 210
0 1 152
3 0 277
1 2 270
0 0 196
0 2 224
3 1 77
2 2 45
1 3 37
3 2 198
3 0 317
2 0 275
1 1 275
2 1 304
1 2 376
0 1 152
0 0 156
0 2 158
3 1 27
3 2 145
3 0 146
2 2 50
1 2 150
1 0 162
2 3 159
1 1 268
2 0 273
0 1 149
0 2 149
0 0 160
3 1 48
4 0 60
3 0 196
4 2 191
1 3 49
3 2 298
4 1 306
2 2 39
1 1 193
1 2 210
2 0 196
2 1 183
4 0 32
3 1 31
4 2 159
3 0 375
4 1 448
1 1 210
3 2 543
0 0 500
2 2 59
0 3 506
0 1 524
1 0 322
1 2 369
2 0 167
4 0 65
2 1 250
4 1 169
4 2 182
3 1 35
3 0 144
3 3 154
0 0 153
1 2 157
4 0 34
0 2 287
1 1 288
0 1 305
1 0 292
4 1 195
2 2 30
4 2 382
3 1 31
2 0 228
2 1 256
3 2 145
3 0 186
4 0 27
1 3 35
4 2 149
4 1 152
1 2 145
1 1 149
0 0 147
0 2 148
0 1 146
3 1 30
2 2 33
3 2 148
2 0 148
3 0 255
2 1 255
4 0 26
4 2 145
4 1 145
1 2 147
1 0 149
1 1 152
3 1 27
3 0 189
4 0 36
3 2 234
2 2 43
2 1 146
0 2 252
0 1 257
2 0 252
4 2 258
0 0 308
4 1 291
1 3 27
1 0 147
1 1 147
3 1 30
4 0 31
3 0 147
3 2 215
4 2 146
4 1 215
2 2 36
0 1 148
2 0 271
2 3 276
0 2 272
0 0 279
1 3 36
4 0 53
1 1 151
1 2 396
3 1 32
4 2 391
4 1 453
3 0 157
3 2 222
2 2 28
2 0 154
2 1 155
4 0 31
1 3 31
4 2 157
0 3 184
0 2 204
3 1 32
0 0 292
4 1 291
1 1 192
3 3 149
1 2 288
3 0 266
4 0 30
4 1 148
4 2 147
2 2 36
2 1 150
2 0 152
3 1 33
1 3 35
3 2 238
1 1 254
0 1 154
3 0 301
1 2 313
0 0 209
0 2 232
4 0 41
5 2 155
4 1 282
4 2 285
5 0 280
5 1 297
3 1 26
2 2 31
1 3 31
3 0 190
2 0 227
3 2 259
1 2 187
2 3 259
1 1 235
4 0 34
0 3 280
4 2 372
4 1 408
5 1 369
5 2 423
0 2 427
3 1 30
5 0 498
0 0 512
3 0 146
3 2 189
1 3 57
4 0 53
2 2 63
4 1 168
4 2 197
5 1 186
1 2 335
1 1 357
2 1 360
2 0 371
5 3 300
5 2 322
0 1 148
0 2 147
0 0 161
3 1 32
4 0 31
3 0 145
4 2 147
3 2 230
4 1 389
2 3 183
5 1 424
1 0 293
5 3 402
1 2 426
2 1 413
5 2 432
1 1 435
2 0 428
4 0 54
3 1 33
4 2 154
3 0 191
4 1 298
0 3 183
0 1 278
5 2 213
1 3 32
5 1 274
3 2 448
1 2 146
1 1 160
0 0 457
2 2 33
5 0 461
4 0 39
2 0 156
4 2 155
2 3 280
3 1 35
4 1 292
3 0 167
3 2 210
5 1 150
5 2 153
5 3 170
4 0 32
1 2 148
2 2 32
0 0 274
4 1 263
0 2 333
1 1 337
3 1 30
2 1 225
0 1 451
1 0 461
4 2 451
2 0 346
3 2 308
5 2 211
3 0 334
5 0 250
5 3 259
4 0 32
4 1 147
4 2 152
1 3 32
1 2 148
1 1 208
0 0 153
0 1 156
2 2 45
3 1 51
0 2 346
5 1 209
5 3 322
3 0 277
4 0 32
3 2 297
5 2 385
2 3 325
2 0 328
4 2 146
4 1 328
1 2 198
1 1 200
1 0 207
3 1 40
5 2 246
5 1 278
4 0 32
3 2 226
5 3 315
2 2 37
3 0 335
0 2 249
2 1 203
0 1 306
0 0 318
2 0 237
4 2 276
4 1 297
1 3 30
3 1 35
5 1 148
4 0 31
5 2 301
1 1 299
4 2 153
3 2 233
5 3 377
1 2 378
4 1 234
3 0 476
2 2 40
0 3 158
0 0 285
2 3 293
5 3 146
5 1 201
2 0 398
0 2 404
1 3 68
3 1 58
4 0 89
5 2 358
4 2 173
1 2 410
3 0 399
4 1 422
1 1 420
3 2 426
4 0 48
2 1 181
5 1 242
5 2 301
3 1 33
5 0 360
1 3 36
2 0 374
0 2 300
3 0 218
4 2 380
1 2 217
0 1 385
1 0 289
2 3 600
4 1 623
0 0 603
3 2 562
4 0 35
5 3 155
5 2 158
4 1 156
5 1 297
4 2 397
2 2 155
3 1 37
1 3 39
0 1 160
3 0 239
2 0 416
1 2 247
2 3 524
4 0 32
3 2 465
1 1 452
0 2 431
0 0 502
5 2 247
4 2 290
5 1 289
4 1 396
5 0 388
3 1 66
2 2 27
3 2 189
4 0 37
2 0 228
1 0 282
4 1 221
3 0 433
1 1 335
2 1 445
0 0 157
1 2 451
4 2 411
5 3 334
5 2 359
0 2 284
5 1 423
0 1 339
3 1 27
4 0 27
3 0 145
3 2 302
1 3 44
2 2 46
4 2 275
4 1 394
5 1 182
5 0 241
2 1 282
1 2 284
1 1 493
2 0 512
5 2 499
0 3 180
0 0 192
4 0 43
3 1 38
0 2 286
4 2 150
3 0 152
4 1 313
3 2 302
2 2 31
1 3 33
5 1 152
5 3 257
5 2 293
2 0 353
1 2 338
2 1 354
4 0 37
1 1 352
4 2 195
3 1 33
4 1 244
3 0 155
0 1 207
0 2 224
5 1 209
5 2 216
3 2 368
0 0 481
2 2 43
4 0 39
1 3 53
5 0 457
2 0 151
4 1 177
1 0 275
2 1 275
4 2 276
1 2 292
3 1 31
3 2 183
3 0 232
5 2 146
5 1 151
5 3 196
4 0 34
0 2 148
0 1 204
0 0 210
4 2 207
4 1 207
2 2 31
3 1 41
2 0 181
2 1 197
5 1 148
3 0 202
5 2 186
3 2 269
5 0 269
4 0 25
4 2 147
4 1 146
0 0 145
0 2 147
0 1 153
3 1 34
2 2 31
5 1 158
3 2 156
5 2 219
4 0 31
2 0 257
5 3 355
4 2 148
4 1 150
3 0 401
2 1 381
3 1 29
5 1 146
5 2 146
5 0 222
4 0 39
2 2 31
3 0 258
4 2 152
0 2 203
0 3 212
2 0 201
3 2 483
4 1 483
0 0 508
2 3 444
4 0 49
3 1 44
5 2 165
3 0 152
5 0 266
4 1 265
5 1 366
2 2 29
4 2 457
3 3 455
0 0 204
2 1 163
0 1 250
0 2 347
4 0 28
5 3 144
2 0 348
5 1 182
5 2 250
4 1 192
4 2 223
2 2 31
4 0 76
5 3 239
5 1 277
0 3 205
4 2 274
2 3 371
5 2 410
2 0 422
0 2 350
4 1 423
0 0 378
4 0 37
5 3 143
5 0 288
5 1 288
4 1 290
4 2 290
0 3 143
0 2 145
0 0 146
4 0 27
5 2 147
4 2 265
4 1 268
5 1 238
5 0 244
5 3 143
0 0 150
0 2 281
0 1 288
5 2 284
5 1 288
5 1 148
5 2 149
5 0 154
5 1 147
5 0 147
5 2 151
5 3 143
5 2 143
5 1 145
5 3 145
5 1 145
5 2 144
5 3 145
5 2 147
5 1 148
5 3 143
5 1 151
5 0 150
5 3 142
5 1 147
5 2 146
5 0 147
5 1 147
5 2 149
5 3 144
5 2 147
5 0 148
5 3 144
5 2 145
5 1 146
5 3 146
5 2 145
5 1 148
5 3 142
5 2 147
5 1 149
