0 0 978
0 1 992
0 2 1011
0 3 724
0 0 728
0 2 726
1 3 301
0 0 815
2 2 136
0 3 1005
0 2 1042
1 2 2760
1 1 2822
3 1 191
2 0 2592
2 1 2698
2 2 667
3 2 1391
3 0 1480
3 1 154
2 0 1341
3 0 650
2 3 1920
3 2 1130
3 1 317
2 2 151
3 0 915
2 0 710
3 2 1455
2 3 1340
3 1 221
3 0 835
2 2 126
3 2 943
3 1 111
2 0 763
3 0 754
2 3 1437
3 2 1271
3 1 103
2 2 138
3 0 764
2 0 672
3 2 1137
4 0 148
3 1 158
2 3 1481
3 0 699
4 2 726
4 1 2349
4 0 116
3 2 2696
3 1 131
5 2 901
3 0 742
4 2 1397
5 1 1380
4 1 2116
4 0 98
5 0 2225
3 2 2128
3 1 121
5 2 978
3 0 866
4 2 1578
5 1 1401
4 1 2323
5 0 2202
4 0 104
3 2 2134
3 1 112
5 2 763
4 2 1453
4 1 1465
5 1 1340
5 3 1477
3 2 1318
3 0 1397
4 0 139
3 1 122
4 2 1546
3 0 1449
4 1 1970
4 0 107
3 2 1995
3 1 109
4 1 725
3 0 742
4 2 1077
4 0 108
3 3 1241
4 1 661
4 2 814
4 0 131
3 1 122
3 0 652
4 2 673
4 1 1248
3 2 1252
4 0 223
3 1 129
4 2 657
3 0 718
4 1 1377
3 2 1268
4 0 114
3 1 135
3 0 644
4 2 650
4 1 1283
3 2 1289
4 0 124
3 1 116
3 0 646
4 2 647
4 1 1263
3 2 1259
4 0 120
3 1 217
4 2 752
3 0 756
4 1 1329
3 2 1339
4 0 163
3 1 136
4 1 758
3 0 743
4 2 1321
3 3 1321
4 0 110
3 1 110
4 2 746
4 1 842
4 0 113
3 0 648
4 2 657
3 2 1141
3 1 188
4 1 1218
4 0 106
3 0 729
4 2 649
3 2 1218
3 1 93
4 1 1151
4 0 120
3 0 771
4 2 665
3 2 1322
3 1 107
4 1 1180
4 0 106
3 0 746
4 2 651
3 2 1234
3 1 100
4 1 1162
4 0 103
3 0 760
4 2 742
3 2 1244
3 1 102
4 1 1218
4 0 108
3 0 756
4 2 735
3 2 1230
3 1 94
4 1 1223
4 0 132
3 0 676
4 2 743
3 2 1218
3 1 111
4 1 1229
4 0 110
3 0 644
4 2 645
3 2 1204
3 1 93
4 1 1217
4 0 96
3 0 643
4 2 643
3 2 1118
3 1 101
4 1 1216
4 0 113
3 0 643
4 2 641
3 2 1131
3 1 95
4 1 1211
4 0 101
3 0 733
4 2 643
3 2 1211
3 1 100
4 1 1201
4 0 99
3 0 725
4 2 653
3 2 1232
3 1 93
4 1 1140
4 0 99
3 0 732
4 2 645
3 2 1228
3 1 91
4 1 1147
4 0 96
3 0 831
3 2 1299
4 2 829
3 1 94
4 1 1322
3 0 647
4 0 100
3 2 1197
4 2 734
3 1 94
4 1 1217
3 0 643
4 0 119
3 2 1200
4 2 731
3 1 95
4 1 1214
3 0 641
4 0 96
3 2 1137
4 2 647
3 1 108
4 1 1240
3 0 644
4 0 92
3 2 1117
4 2 648
3 1 94
4 1 1216
3 0 739
4 0 94
3 2 1201
4 2 666
3 1 98
4 1 1239
3 0 725
4 0 94
3 2 1215
4 2 650
3 1 100
4 1 1140
3 0 642
4 0 103
3 2 1243
4 2 686
3 1 102
4 1 887
4 0 112
3 0 731
3 3 1027
4 1 651
4 2 893
4 0 114
4 2 646
4 1 647
4 0 107
4 1 649
4 2 646
4 0 100
4 1 645
4 2 648
4 0 100
4 1 726
4 2 728
