0 1 526
0 2 527
0 0 528
0 0 229
0 2 230
0 3 230
0 3 226
0 2 230
0 0 234
0 3 228
0 0 234
0 2 235
1 3 65
1 1 219
1 2 229
0 3 236
0 2 240
0 0 244
1 3 57
1 1 229
1 2 224
0 3 217
0 0 224
0 1 233
1 3 71
2 2 56
1 0 290
2 0 241
1 2 374
2 1 458
1 3 51
0 0 299
0 2 319
0 1 321
2 2 55
1 0 366
1 1 432
2 3 221
2 0 305
1 3 45
0 0 268
1 2 228
0 2 272
2 2 46
0 1 477
1 0 583
2 0 351
2 3 353
1 3 40
1 2 250
1 1 262
0 0 268
0 1 273
2 2 62
0 2 337
2 3 298
2 0 309
1 0 218
1 2 221
1 1 223
2 2 53
0 3 215
0 0 401
0 2 417
2 3 437
2 0 458
1 0 238
1 2 233
1 1 239
2 2 50
2 1 223
0 0 227
0 1 223
1 3 43
2 0 449
1 0 219
0 2 459
1 1 422
2 2 39
1 3 46
0 1 227
2 3 370
2 0 410
1 2 218
0 0 372
0 2 514
1 1 456
2 2 39
2 1 319
2 0 359
3 1 48
1 0 404
1 2 416
0 0 324
0 1 368
1 1 513
3 0 308
0 2 437
3 2 327
2 2 38
1 3 52
3 1 63
2 0 370
1 0 308
2 3 499
0 2 240
1 2 420
3 0 414
3 2 422
0 1 295
0 0 489
2 2 39
3 1 46
1 0 226
3 2 229
1 1 389
2 0 392
1 2 469
2 1 681
0 1 361
0 0 361
3 0 786
1 3 51
3 1 46
0 3 599
2 2 53
3 2 232
1 1 310
2 0 309
1 2 634
3 0 629
2 1 679
3 1 48
0 1 230
1 3 47
0 2 259
3 0 287
2 2 46
0 0 420
3 2 417
1 1 386
1 2 421
2 0 354
2 1 364
3 1 38
3 0 237
3 2 357
0 1 344
1 2 242
0 2 364
2 2 43
0 0 388
1 0 345
1 1 460
2 3 248
2 0 343
3 1 48
1 3 48
3 2 223
3 0 270
1 2 271
0 1 223
0 0 229
2 2 43
1 1 374
2 1 217
0 2 452
3 1 59
2 0 493
3 2 224
3 0 241
1 0 221
1 1 222
1 2 235
4 0 49
2 2 50
3 1 53
0 2 466
4 2 541
0 1 541
2 0 470
4 1 620
2 1 503
0 0 669
4 0 62
3 0 436
1 1 233
3 2 527
1 2 281
4 1 312
1 0 391
4 2 388
3 1 52
2 2 50
3 2 347
1 3 53
3 0 591
4 0 78
0 0 568
2 0 653
0 2 652
4 2 228
4 1 290
2 1 765
3 1 45
0 3 793
1 1 372
3 2 221
1 2 573
2 2 61
4 0 81
3 0 611
2 1 475
4 2 519
2 0 542
4 1 540
3 1 50
0 0 379
0 1 444
4 0 72
0 2 497
1 2 346
3 0 348
1 1 522
2 2 53
4 1 456
5 0 446
3 3 846
5 2 691
2 1 434
5 1 839
1 0 1123
2 0 631
0 0 266
0 3 255
1 3 64
3 1 65
4 2 1158
3 0 222
4 0 41
0 2 553
2 2 65
5 0 522
3 2 570
5 1 644
1 0 638
5 2 665
1 1 764
3 1 51
4 2 685
2 0 732
5 3 271
4 1 819
1 3 52
4 0 46
2 3 941
0 1 558
5 1 551
1 2 335
0 2 662
3 0 607
5 2 664
0 0 725
4 2 367
1 1 631
2 2 47
3 2 841
4 1 606
3 1 63
4 0 52
2 0 304
1 3 48
2 1 508
0 1 515
5 2 426
3 2 592
1 1 411
0 0 643
4 2 565
4 1 587
5 1 550
3 0 991
0 3 1000
2 2 93
4 0 92
3 1 65
5 3 1011
2 0 247
4 2 237
1 2 1048
4 1 493
2 1 661
0 2 392
0 1 394
3 0 606
1 3 48
3 2 662
4 0 52
2 2 48
1 2 226
5 1 488
3 1 47
4 2 330
5 2 631
3 0 218
0 0 885
1 1 529
2 0 488
5 0 1033
1 3 75
2 3 850
4 1 1023
0 1 382
4 0 56
0 2 529
3 2 1023
1 2 455
5 3 480
3 1 52
5 1 521
2 2 44
1 1 628
0 0 733
4 1 408
5 2 707
4 2 473
3 3 398
2 0 374
3 0 425
1 3 40
2 1 425
4 0 47
3 1 46
1 2 498
1 1 550
0 1 439
4 2 442
5 3 520
0 2 747
5 2 637
3 0 513
5 0 794
0 0 863
2 1 471
2 0 477
1 0 226
4 1 907
1 2 426
1 1 455
4 0 62
3 2 993
3 1 47
2 3 966
4 2 403
5 1 394
0 2 448
5 2 416
0 3 497
1 3 44
2 2 42
5 3 593
4 1 729
3 0 595
4 0 48
0 0 928
1 2 466
3 2 810
1 1 481
2 0 500
3 1 52
4 2 288
5 2 319
2 3 881
5 1 458
5 3 463
3 0 469
4 1 675
0 2 405
0 1 597
4 0 66
1 2 386
3 2 779
1 1 445
2 2 43
3 1 49
0 0 826
1 0 623
2 0 418
4 2 509
4 1 530
5 2 405
5 1 430
2 1 506
3 2 456
1 3 49
4 0 52
3 0 717
5 3 713
3 1 54
1 2 514
0 1 539
0 2 545
1 1 533
4 2 520
2 2 47
0 0 602
4 1 629
4 0 42
3 0 375
5 1 282
5 3 326
2 0 441
5 2 458
3 2 660
4 2 491
1 2 317
2 3 733
3 1 50
1 1 482
1 0 552
4 1 726
3 0 230
4 0 49
2 2 51
0 2 465
0 1 569
2 1 218
1 3 41
0 0 706
5 1 539
5 2 535
4 2 473
1 2 215
2 0 543
5 0 732
3 2 1049
1 1 474
4 1 775
3 1 63
4 0 69
2 2 54
5 1 382
4 2 370
1 3 40
5 2 545
0 2 586
5 3 624
0 0 628
0 3 665
3 0 663
3 2 833
2 0 665
4 1 858
1 2 535
1 1 574
3 1 83
4 0 68
2 3 807
3 0 225
5 2 359
1 3 144
0 2 506
5 1 664
4 2 685
2 0 324
0 1 654
3 2 887
1 2 427
2 1 431
1 0 602
3 1 43
4 1 1118
3 0 218
0 0 1015
5 0 1195
4 0 41
1 3 49
2 3 1020
5 3 409
3 2 873
1 2 528
4 2 685
2 2 53
3 1 46
0 1 693
5 1 697
4 1 806
0 2 779
5 2 799
3 0 224
1 1 819
4 0 49
0 0 937
2 0 404
4 2 230
1 2 222
2 3 797
3 2 974
3 1 54
4 1 904
5 2 692
5 1 699
2 2 53
4 0 52
1 0 730
1 1 769
0 2 758
0 1 770
3 0 332
1 3 43
4 2 289
2 0 354
5 0 1050
2 1 411
0 0 1052
3 2 718
1 1 401
5 1 225
4 1 673
1 2 578
4 0 56
3 1 71
2 2 48
5 2 629
4 2 234
0 0 639
0 2 636
5 3 737
1 3 44
0 3 763
3 2 551
4 1 546
2 0 430
1 1 494
3 0 839
4 0 71
2 1 736
3 1 44
1 2 671
5 2 539
3 0 275
5 1 563
2 2 48
5 0 644
0 2 462
1 3 53
4 2 651
0 1 647
2 0 367
2 1 379
4 1 743
0 0 777
3 2 739
4 0 51
5 2 294
1 2 570
3 1 41
1 0 681
5 3 595
5 1 635
4 2 497
0 2 224
4 1 536
2 2 61
3 0 532
4 0 43
3 2 573
0 3 511
2 0 337
2 1 388
0 0 636
5 2 431
3 1 152
5 1 467
4 2 457
3 0 308
5 0 749
4 1 760
2 2 51
4 0 51
3 2 692
3 1 47
5 1 357
4 2 359
0 2 543
0 3 549
0 0 566
5 2 603
2 0 563
4 1 544
5 3 652
2 1 662
3 2 417
3 0 598
4 0 44
2 2 42
3 1 58
4 2 457
4 1 495
2 1 358
5 2 508
3 0 362
5 1 540
4 0 40
0 1 548
0 2 581
2 0 587
5 0 722
4 2 294
0 0 847
5 2 219
5 1 250
3 2 885
2 2 43
3 1 40
4 1 814
2 0 221
3 0 217
4 0 46
5 0 815
4 2 223
5 3 214
5 2 218
5 1 218
2 3 720
3 2 755
4 1 599
3 1 52
4 0 42
2 2 36
3 0 467
3 2 504
4 2 444
4 1 497
2 0 363
5 1 303
5 2 366
2 1 461
5 3 425
4 0 52
3 1 49
4 2 219
3 0 215
2 2 44
4 1 459
5 3 225
3 2 531
5 1 251
2 0 243
4 0 50
3 1 47
3 0 217
4 2 221
5 0 863
2 3 857
4 1 591
3 2 628
4 0 44
5 2 222
5 1 322
3 1 38
5 0 443
4 1 389
3 0 226
4 2 440
3 3 347
4 0 56
5 3 357
5 2 374
4 1 232
5 1 496
4 2 353
4 0 43
5 2 230
5 1 412
5 0 414
4 2 415
4 1 420
4 0 41
5 2 220
4 2 402
4 1 415
5 1 404
5 0 410
4 0 39
4 1 226
5 3 219
5 2 219
4 2 350
5 1 349
4 0 43
4 1 221
4 2 287
5 3 214
5 2 219
5 1 290
5 3 215
5 1 221
5 2 222
5 3 214
5 0 224
5 1 229
5 2 219
5 3 216
5 1 225
5 1 220
5 2 222
5 0 223
5 3 216
5 0 216
5 2 216
5 2 217
5 1 218
5 3 221
5 1 215
5 2 217
5 3 222
5 3 213
5 1 217
5 2 220
