0 1 726
0 2 725
0 0 734
0 2 457
0 0 461
0 3 468
0 0 434
0 2 432
0 3 434
0 3 513
0 0 516
0 2 543
1 3 329
1 2 751
1 1 754
0 0 544
0 3 547
0 2 700
1 3 121
1 2 505
1 1 537
0 3 603
0 1 605
0 0 601
1 3 133
1 2 464
1 0 483
0 1 454
0 0 560
0 2 597
1 3 157
1 0 547
1 1 631
0 0 501
0 1 598
0 2 607
1 3 75
1 2 435
1 0 503
2 2 109
0 0 625
0 1 706
0 2 961
1 3 112
2 1 835
3 1 140
2 0 1243
2 2 84
1 2 1263
3 2 1004
0 0 1080
3 0 1287
0 3 1275
0 2 1296
1 1 1891
3 1 128
2 3 1131
2 0 1200
3 0 487
3 2 771
2 2 98
3 1 96
0 1 841
1 2 690
1 0 734
0 2 1068
3 0 674
0 0 1164
1 1 1282
2 0 1290
2 3 1376
3 2 1367
0 1 640
3 1 96
1 2 587
1 0 732
0 0 1050
2 2 82
0 2 1113
3 0 665
1 1 1046
1 3 188
4 0 90
3 2 1215
3 1 83
0 1 889
2 0 1305
3 0 431
2 3 1484
1 0 1072
0 2 1273
1 1 1163
4 2 1214
0 0 1775
2 2 85
1 3 86
4 1 1860
3 2 1768
4 0 95
0 1 780
3 1 88
1 2 666
4 2 645
3 0 530
0 2 1400
2 0 1326
1 1 1280
0 0 1803
2 3 1714
4 1 1808
4 0 96
3 2 2478
0 3 1406
2 2 275
3 1 94
0 1 1898
1 1 1618
1 2 1624
5 2 1691
0 0 2286
2 0 1017
1 0 2072
5 1 2053
5 0 2058
2 1 1185
4 2 2053
3 0 1276
4 1 2646
2 2 607
4 0 97
1 2 1379
3 2 2813
3 1 74
3 0 433
2 0 1929
5 2 1964
0 2 1751
1 0 2563
5 1 2266
4 2 2127
2 3 2741
0 1 3293
0 0 3572
5 0 3859
4 1 3541
3 2 3102
4 0 91
3 1 76
1 2 1062
5 3 1186
1 1 1364
3 0 716
0 0 1474
0 2 1481
5 2 1440
1 0 1648
1 3 77
4 1 1194
0 1 1759
3 2 1071
5 1 1775
4 2 1708
3 1 107
1 2 984
4 0 80
1 1 1113
3 0 806
0 2 984
0 1 1091
5 3 505
0 0 1462
5 2 733
1 3 103
3 2 1504
4 2 1157
3 1 77
4 1 1399
5 1 1192
1 2 872
4 0 118
1 1 1103
3 0 860
0 2 1016
0 1 1100
0 0 1586
4 2 1016
3 2 1575
5 2 726
3 1 79
4 1 1366
4 0 93
5 1 1446
1 2 1113
1 1 1170
0 2 1094
0 3 1269
0 0 1320
3 0 1226
1 0 1526
5 0 2107
3 3 1458
1 3 99
4 1 1182
4 2 1274
4 0 89
3 1 77
1 2 1056
1 1 1195
5 3 1034
5 1 1204
5 2 1205
3 0 911
0 2 1218
0 0 1284
4 2 1484
0 1 1513
4 1 1560
3 2 1353
1 2 600
1 1 775
4 0 96
3 1 83
1 0 1119
4 2 790
0 2 1211
1 0 608
5 2 1221
1 1 844
0 0 1617
0 3 1618
5 3 1628
3 0 1523
3 2 1590
1 2 1207
5 0 2108
4 1 1976
3 1 97
1 3 401
4 0 122
3 0 1249
1 2 1336
1 1 1364
3 2 1506
5 3 710
4 2 1276
0 2 1214
0 1 1284
3 1 86
4 1 1414
5 2 889
0 0 1442
5 1 1191
4 0 116
3 0 862
1 1 587
3 2 1531
5 2 454
3 1 87
4 1 1484
1 2 1449
0 3 1458
0 0 1464
1 0 1733
0 1 1737
4 2 1832
3 2 604
5 3 1228
1 3 90
4 0 86
3 0 780
3 1 84
1 1 691
5 1 1854
4 1 866
3 0 582
0 2 445
0 0 503
5 3 430
5 2 435
1 0 2008
4 2 1914
4 0 85
1 3 93
4 1 459
0 1 2012
3 3 2330
1 2 615
1 1 786
5 1 2181
3 1 103
0 0 535
0 2 626
4 2 1466
3 0 565
0 1 1124
4 0 234
1 3 114
3 2 847
3 1 84
4 1 1409
5 3 1284
1 2 1292
4 2 1495
5 1 1374
1 1 1356
5 2 1383
0 1 1299
3 0 1191
0 0 1311
0 2 1326
3 2 1309
4 0 126
3 1 90
4 2 659
0 2 700
1 3 92
0 3 1091
5 1 452
3 0 1198
4 1 1715
1 2 794
1 1 876
5 2 991
4 0 215
0 0 1745
3 2 1813
3 1 89
4 2 601
1 3 88
5 0 1882
3 0 924
0 1 589
4 1 1567
1 2 1052
4 0 89
5 1 763
1 1 1132
5 3 864
3 2 1549
0 2 1225
5 2 1067
3 1 84
0 0 1428
4 2 514
1 3 94
3 0 818
0 1 668
1 2 714
4 1 1624
4 0 77
5 1 666
0 2 1197
3 2 1728
1 1 1224
5 2 925
3 1 101
4 2 580
0 0 1751
3 0 623
1 2 625
5 0 2089
4 1 1827
0 1 1030
0 2 1050
4 0 73
1 1 1060
1 0 1101
3 2 1676
1 3 85
5 3 611
3 1 76
0 0 1612
5 2 956
5 1 1100
4 2 1012
1 1 922
4 1 1446
1 2 1235
0 2 1008
4 0 218
3 0 1342
0 3 1179
3 2 1496
3 1 88
5 2 615
0 0 1685
4 2 1213
1 1 463
3 0 817
5 1 1296
1 2 682
4 1 1700
5 0 1947
1 0 1188
0 2 622
4 0 94
1 3 86
3 2 1702
3 1 89
0 1 1264
0 0 1677
5 2 1004
1 1 1014
4 2 1146
5 1 1170
4 1 1341
5 3 1285
1 2 1288
3 0 1289
4 0 109
0 2 684
3 2 1442
0 1 1092
3 1 277
0 0 1687
3 0 975
4 2 1317
1 2 806
5 2 969
1 1 961
4 1 1720
0 2 842
5 1 1597
1 0 1569
4 0 73
1 3 74
3 2 1994
3 1 75
5 0 1999
0 1 1334
1 1 712
0 0 1891
4 2 1133
1 2 1007
5 2 548
5 1 631
4 1 1603
3 0 1481
0 2 665
4 0 87
3 2 1583
1 3 90
3 1 80
5 3 1385
4 2 592
1 1 599
0 0 1420
0 3 1542
1 2 1264
4 1 1421
3 0 1275
5 1 585
5 2 593
4 0 78
3 2 1559
3 1 81
1 3 88
0 2 584
5 0 1745
3 0 809
1 2 900
4 2 1273
0 1 1298
5 2 447
0 0 1591
5 3 517
1 0 1292
4 1 1664
3 2 1487
4 0 111
3 1 120
5 1 996
0 2 613
1 3 89
4 2 663
0 3 1138
3 0 1114
1 1 631
0 0 1492
5 1 468
1 2 786
5 2 628
4 1 1723
3 2 1707
4 0 125
3 1 128
5 0 1522
0 2 1181
4 2 1215
1 0 1237
1 1 1246
3 0 1365
0 3 1379
1 2 1346
5 2 911
5 1 909
0 0 1554
1 3 80
3 2 2098
5 0 1548
1 2 629
1 1 635
4 1 2385
3 1 262
4 0 100
1 3 88
3 0 1230
5 3 1158
5 2 1147
3 2 1417
0 2 1211
5 1 1324
0 0 1498
0 1 1515
3 1 90
1 2 967
4 2 1436
1 1 999
4 1 1538
4 0 101
3 0 730
1 3 89
3 2 990
5 2 469
3 1 79
4 1 983
4 2 1069
4 0 87
5 3 976
3 2 822
1 2 1113
5 1 1332
3 0 982
1 0 1320
4 1 618
3 1 103
4 2 789
4 0 89
3 0 629
3 2 815
5 3 550
3 1 75
4 2 968
5 1 861
3 0 458
4 1 1259
5 0 1261
4 0 78
3 2 1195
3 1 95
4 2 517
3 0 430
5 2 454
5 1 514
4 1 965
4 0 70
4 2 436
3 2 1318
5 0 1318
3 1 72
4 1 792
4 0 72
5 2 440
3 0 746
4 1 435
5 3 737
3 3 960
5 1 1155
4 2 1037
4 0 80
4 2 650
4 1 652
5 2 436
4 0 73
5 1 829
5 0 838
5 2 437
4 2 753
4 1 768
4 0 72
5 1 747
5 0 773
4 1 658
5 3 424
4 2 864
5 2 437
4 0 65
5 1 781
4 1 433
4 2 554
4 0 81
5 3 427
5 2 449
4 1 439
5 1 849
4 2 855
5 3 427
5 1 431
5 2 433
5 1 435
5 0 437
5 3 426
5 3 427
5 1 432
5 2 435
5 0 430
5 1 431
5 2 434
5 0 437
5 3 428
5 2 438
5 3 427
5 2 433
5 1 434
5 3 429
5 1 432
5 2 437
5 3 435
5 2 440
5 1 445
