0 0 576
0 2 582
0 1 584
0 0 312
0 3 319
0 2 319
0 3 301
0 0 307
0 2 294
0 3 297
0 0 302
0 2 301
0 3 292
0 0 295
0 2 300
1 3 85
1 1 367
1 2 384
0 1 319
0 0 356
0 3 394
1 3 92
1 1 302
1 2 325
0 1 445
0 0 449
0 2 433
1 3 57
1 0 290
1 2 293
1 3 89
0 0 375
0 2 386
0 1 325
1 0 443
1 1 443
1 3 63
0 0 359
0 2 354
1 2 345
0 1 553
1 0 558
1 3 57
0 0 350
1 2 485
1 1 503
0 3 504
0 2 490
1 2 426
1 0 561
1 1 567
0 0 343
0 1 438
0 2 463
1 2 290
1 1 310
1 0 310
0 1 296
0 0 299
0 2 294
1 3 50
1 0 298
1 1 300
1 3 78
0 0 387
0 1 389
0 2 462
1 2 297
1 1 372
2 2 83
0 0 311
1 2 552
2 1 565
1 0 591
0 1 588
0 2 748
1 1 749
1 3 69
2 0 992
2 2 76
0 0 378
2 0 305
1 2 541
1 0 552
0 3 663
0 1 690
2 3 633
2 2 91
1 2 391
1 0 639
3 1 64
1 1 753
0 1 584
3 0 326
1 3 58
0 0 843
2 3 850
1 2 303
2 0 989
0 2 991
3 2 687
3 1 66
1 1 727
2 2 69
0 1 476
3 0 305
1 3 53
0 2 912
4 0 58
1 2 453
0 0 1089
2 0 780
3 2 991
3 1 57
4 2 371
1 1 731
2 3 1241
3 0 441
0 1 520
0 2 546
2 2 54
1 2 289
1 0 312
4 1 1240
4 0 54
1 1 488
0 0 1122
3 2 1103
2 0 645
3 1 56
1 3 71
4 2 579
3 0 362
0 2 443
0 1 469
1 2 366
1 1 407
2 3 1268
4 1 1122
0 0 1125
4 0 63
2 2 68
3 2 1275
3 1 59
4 2 577
1 0 566
4 1 807
1 2 794
0 0 888
2 1 911
1 1 969
2 0 961
4 0 69
0 2 960
3 2 865
2 2 64
0 3 1228
3 0 1100
4 2 489
3 1 67
1 0 495
4 1 782
1 2 669
1 1 682
2 0 687
4 0 53
2 3 815
3 0 497
1 3 59
0 2 404
2 2 62
0 1 555
4 2 554
1 2 375
3 2 998
1 1 645
3 1 59
0 0 961
2 1 522
2 0 542
4 1 963
4 0 59
3 0 703
0 2 534
2 2 57
4 2 564
0 3 730
1 0 561
3 2 960
1 2 653
1 1 680
3 1 46
2 0 463
0 0 1043
4 1 1051
3 0 287
1 3 68
4 0 54
1 1 413
2 3 1154
1 0 604
0 2 327
4 2 679
3 2 1021
3 1 63
0 1 721
1 3 74
2 2 64
4 1 1044
4 0 65
0 0 1006
3 0 611
4 2 365
2 0 596
1 1 602
1 2 660
3 2 898
0 1 380
3 1 56
4 1 891
1 3 55
0 3 771
4 0 62
0 0 939
2 1 1487
1 1 465
3 0 963
4 2 639
2 2 68
3 2 1092
5 1 677
1 2 856
5 2 745
3 1 60
0 1 342
4 1 1094
1 3 57
2 1 708
4 0 53
5 0 1261
2 0 794
2 2 55
3 0 694
0 2 867
4 2 441
1 2 654
5 1 452
2 1 477
3 2 1146
1 1 881
0 0 1371
3 1 74
5 2 878
4 1 1082
3 0 410
5 0 1024
1 3 70
4 0 74
2 0 1089
2 2 58
3 3 797
1 2 605
0 1 869
5 3 600
0 0 900
3 1 56
0 2 1034
4 2 860
4 1 923
3 0 289
4 0 57
5 1 1001
1 1 1152
2 3 1023
5 2 1282
2 0 1244
1 3 73
0 1 740
0 2 771
4 2 689
3 2 1052
0 0 1115
3 1 79
2 2 67
4 1 1059
4 0 54
5 1 504
1 2 696
1 1 835
4 2 339
5 2 972
3 2 787
5 3 1234
0 0 919
4 1 894
2 0 1103
0 2 1037
4 0 63
3 0 1283
2 1 1292
1 0 396
0 3 1232
1 1 622
3 1 191
2 2 69
4 1 634
4 2 679
1 2 997
4 0 59
1 3 60
5 1 775
5 2 899
3 0 895
2 1 793
2 0 823
5 0 1180
3 2 1207
2 2 66
0 1 777
1 2 672
3 1 63
4 2 809
0 2 1047
0 0 1052
5 1 376
4 1 1157
1 1 1176
4 0 179
2 1 915
5 3 908
0 1 555
3 0 899
3 2 924
2 0 1151
3 1 65
4 2 579
2 2 62
5 2 1193
0 0 898
1 0 358
0 2 1058
4 1 874
4 0 81
3 2 726
1 2 944
3 0 993
1 1 1075
2 1 1003
2 0 1077
3 1 102
1 3 208
4 2 773
0 1 765
2 2 57
3 3 543
4 1 1035
0 0 1028
5 0 1034
5 3 1029
4 0 58
5 2 1178
0 2 1280
4 2 303
4 1 326
3 0 1022
1 1 1144
1 2 1153
2 1 1080
0 0 456
2 0 1139
4 0 86
5 1 711
2 2 388
3 1 372
0 3 1134
5 3 985
4 2 826
4 1 827
0 2 1267
4 0 62
5 2 1168
1 0 547
3 0 948
1 2 658
2 3 1076
2 0 1085
3 2 1079
4 2 551
1 1 971
3 1 61
1 3 59
2 2 100
4 1 971
0 1 723
4 0 90
5 1 731
0 0 1079
0 2 1093
3 2 949
4 2 427
5 3 1071
3 0 1117
5 2 1157
1 2 1131
3 1 77
1 1 1198
2 1 1041
0 1 385
4 1 729
2 0 1361
4 0 64
3 0 519
0 2 807
2 2 52
0 0 867
1 3 51
3 2 848
4 2 810
3 1 53
5 1 717
4 1 819
4 0 45
0 1 626
5 3 1024
2 0 1048
2 1 1047
1 2 1044
1 1 1048
5 2 1143
4 2 378
2 2 54
0 0 921
3 0 711
0 2 1027
3 2 859
1 3 56
3 1 61
2 0 655
4 1 1002
4 0 51
0 2 652
5 2 640
2 3 1122
5 1 806
1 0 839
4 2 684
0 0 1099
2 2 47
3 2 1161
5 3 1199
4 1 927
0 3 1276
3 0 1268
1 2 1283
4 0 86
3 1 65
2 0 513
4 2 422
1 3 48
2 1 741
4 1 811
3 0 858
4 0 57
5 1 715
0 1 745
1 2 721
3 2 1256
2 1 457
4 2 417
5 2 1007
3 1 53
1 1 1070
0 2 1126
2 0 756
3 0 294
5 0 1359
0 0 1354
2 3 1196
2 2 56
5 1 543
1 0 555
3 2 1201
4 1 1723
3 1 54
4 0 53
5 3 973
5 2 983
0 3 984
1 2 984
1 1 1026
0 2 1065
0 0 1096
1 3 64
4 2 300
3 0 670
2 0 963
2 3 1231
1 2 586
5 1 405
3 2 1189
0 3 354
1 1 867
3 1 78
4 1 1169
2 2 59
4 0 57
5 2 965
1 3 56
0 2 972
4 2 411
3 0 673
5 0 1294
2 1 723
0 0 1221
2 0 864
3 2 973
4 1 857
5 1 332
2 2 181
3 1 185
1 2 798
1 1 816
4 0 77
5 3 712
3 0 548
5 2 916
1 3 54
4 2 632
2 0 854
1 2 291
0 1 668
0 2 677
3 2 1203
2 3 1269
1 0 745
5 2 298
3 1 80
4 1 1275
5 1 433
0 0 1282
3 0 322
4 0 78
2 2 54
4 2 436
2 1 294
2 0 297
5 0 1133
3 2 961
4 1 791
3 1 54
4 0 53
5 2 300
5 1 382
5 3 456
2 2 219
3 0 618
4 2 540
3 2 708
2 0 456
3 1 59
4 1 878
5 2 297
4 0 54
3 0 295
5 1 336
2 3 1065
4 2 332
5 0 1110
3 2 1194
4 1 1056
3 1 58
4 0 51
2 0 455
2 1 506
5 1 398
5 2 437
4 2 384
5 3 643
2 3 822
3 0 599
3 2 742
4 1 869
3 1 74
4 0 74
2 2 70
3 0 296
5 2 570
5 1 582
4 2 572
2 0 565
3 2 1087
5 0 1124
2 3 1211
4 1 1215
3 1 66
4 0 66
5 2 338
2 2 67
3 2 552
3 0 586
5 1 571
4 1 545
4 2 572
5 3 653
2 0 296
3 1 93
4 0 73
2 1 748
4 2 348
3 0 428
2 2 55
5 1 340
5 2 375
3 2 714
4 1 733
2 1 561
3 1 75
4 0 55
2 0 651
5 0 993
3 0 298
4 2 339
2 2 55
5 1 348
2 1 287
5 2 447
3 2 837
4 1 834
2 0 440
3 1 226
4 0 64
5 0 878
2 2 53
3 0 586
4 2 463
5 2 408
3 2 766
4 1 609
5 1 467
3 1 70
4 0 62
5 3 614
2 0 416
4 2 300
2 1 633
3 0 654
3 2 713
4 1 711
2 2 68
4 0 59
5 1 349
3 1 55
5 2 455
2 0 447
4 2 334
5 3 636
4 1 561
2 1 681
3 2 557
3 0 606
2 2 61
3 1 72
5 0 417
5 1 502
5 3 567
2 0 295
3 3 387
2 1 644
3 0 657
5 2 298
5 1 297
5 0 313
2 2 49
2 0 285
2 3 288
5 3 284
5 1 290
5 2 291
2 2 45
2 1 292
5 1 291
5 0 294
2 0 486
5 2 489
2 2 52
5 1 301
5 2 434
5 0 436
2 0 546
2 3 548
5 3 291
5 1 303
5 2 313
5 3 286
5 1 293
5 2 295
5 3 284
5 1 290
5 2 292
5 3 290
5 0 303
5 1 297
5 3 286
5 2 292
5 1 295
5 2 294
5 1 301
5 0 303
5 3 288
5 0 290
5 2 292
5 1 296
5 3 288
5 2 292
5 3 287
5 1 294
5 2 294
5 3 286
5 1 293
5 2 294
