0 2 316
0 1 321
0 0 323
0 2 77
0 0 85
0 3 91
0 0 75
0 2 75
0 3 74
0 0 108
0 2 76
0 3 74
0 0 76
0 3 74
0 2 81
1 3 62
1 1 188
0 0 86
0 1 98
1 2 105
0 3 163
1 3 18
1 1 79
1 2 80
0 2 77
0 1 78
0 0 79
1 3 22
1 2 77
1 0 78
0 2 77
0 0 78
0 1 79
1 3 23
1 1 78
1 0 79
0 1 79
0 0 81
0 2 80
1 3 22
1 0 77
1 2 80
1 3 24
1 1 85
0 0 83
1 2 130
0 3 129
0 2 137
1 2 75
1 0 78
1 1 78
0 0 77
0 1 77
0 2 77
2 2 23
2 0 77
2 1 82
1 0 76
1 1 75
1 2 77
0 2 77
0 1 76
0 0 77
2 2 19
2 3 73
2 0 75
1 3 18
1 0 76
1 1 76
0 1 74
0 0 74
0 2 74
2 2 16
2 0 75
2 3 74
1 3 18
1 1 76
1 2 77
2 2 120
2 3 177
0 1 95
1 2 83
2 0 227
0 0 148
0 2 158
1 0 134
1 1 191
2 2 16
1 3 17
2 3 74
2 0 75
1 0 75
1 2 77
0 1 76
0 0 76
0 3 75
2 2 20
1 0 77
1 1 93
1 2 98
2 0 96
2 1 98
0 1 77
0 0 79
0 2 75
1 3 20
1 1 74
1 2 74
2 2 18
2 3 75
2 0 76
0 0 74
0 1 75
0 2 77
1 3 16
1 1 75
1 2 77
2 2 16
2 0 74
2 1 77
0 2 75
0 0 76
0 1 77
1 0 77
1 1 83
1 2 80
3 1 17
3 2 73
3 0 75
2 2 18
2 3 73
2 0 75
1 3 23
1 2 79
0 0 77
0 1 90
3 1 28
1 1 144
0 2 150
3 2 74
3 0 85
2 2 17
2 1 76
2 0 74
3 1 18
3 2 80
1 1 84
1 0 85
3 0 146
1 2 152
0 2 77
0 0 77
0 3 99
2 2 15
2 0 74
2 1 75
3 1 16
3 2 74
3 0 81
1 1 75
1 0 82
1 2 81
0 0 76
0 1 77
0 2 74
2 2 18
2 0 74
2 1 88
3 1 16
3 0 77
3 2 74
1 3 15
1 1 75
1 2 76
0 0 79
0 2 82
0 3 83
3 1 21
2 2 29
3 0 86
2 0 79
3 2 153
2 3 142
1 1 75
1 0 76
1 2 75
3 1 17
3 2 74
3 0 84
2 2 17
2 1 80
0 0 76
2 0 106
0 1 83
1 3 16
0 2 126
1 0 74
1 1 90
4 0 17
4 1 73
4 2 74
3 1 16
3 2 74
3 0 75
2 2 15
1 3 17
4 0 20
2 0 114
2 1 117
4 2 76
4 1 81
1 1 117
1 2 116
0 0 78
0 3 77
0 1 82
3 1 14
3 2 74
3 0 75
4 0 17
4 1 74
4 2 74
1 3 15
2 2 13
1 1 89
1 2 90
2 0 92
2 1 95
3 1 20
0 1 130
0 2 125
3 0 76
0 0 173
3 2 125
4 0 18
4 2 77
4 1 79
1 3 20
1 1 75
1 2 76
2 2 18
2 1 74
2 0 76
3 1 18
4 0 22
3 0 79
4 2 76
3 2 123
4 1 125
0 0 75
0 2 75
0 1 75
1 3 16
1 1 74
1 2 74
4 0 15
4 1 74
4 2 74
2 2 15
3 1 18
2 0 76
3 3 75
2 1 134
3 0 137
0 1 74
0 0 74
0 2 74
4 0 15
1 3 16
4 2 74
4 1 75
1 2 73
1 1 80
3 1 14
3 2 74
3 0 75
2 2 19
2 0 78
2 3 75
4 0 15
4 1 76
4 2 76
1 0 77
0 0 76
3 1 16
1 1 141
1 2 149
0 2 142
3 2 75
0 3 162
3 0 127
2 2 14
4 0 17
2 1 76
2 0 77
4 1 76
4 2 73
1 3 18
3 1 16
1 1 78
3 2 77
1 2 130
3 0 133
0 2 73
0 1 74
0 0 75
4 0 17
4 2 75
4 1 75
2 2 17
2 0 74
2 1 78
3 1 19
3 2 98
3 0 112
1 1 101
4 0 18
1 2 113
1 0 115
4 1 75
4 2 89
0 0 73
0 1 74
0 2 73
2 2 16
2 3 73
2 0 74
3 1 14
4 0 15
3 0 77
4 2 74
3 2 121
4 1 123
1 3 16
1 1 75
1 2 75
4 0 20
0 2 77
2 2 29
3 1 22
4 1 135
4 2 139
0 0 138
0 1 145
2 0 79
3 3 128
2 1 143
3 0 143
1 1 75
1 0 76
1 2 74
4 0 106
5 2 75
4 1 207
4 2 211
3 1 17
5 0 136
5 1 139
3 0 74
3 2 84
2 0 112
2 1 111
2 3 116
1 3 17
0 0 115
0 3 129
0 2 134
1 2 92
1 1 93
4 0 15
4 2 77
4 1 81
5 2 75
5 1 77
5 0 79
3 1 18
3 2 73
3 0 77
2 2 14
1 3 47
4 0 18
2 3 114
2 0 130
1 2 104
4 2 95
1 1 162
4 1 123
5 3 76
0 0 116
0 1 156
0 2 160
5 1 138
5 2 143
3 1 19
3 0 77
3 2 78
4 0 17
4 2 73
4 1 74
1 3 16
2 2 19
5 2 102
5 1 143
1 0 145
2 0 101
5 3 174
1 2 186
2 1 161
0 1 74
0 0 75
0 2 75
3 1 16
3 2 73
3 0 78
4 0 15
4 1 74
4 2 74
5 0 74
5 1 74
5 2 74
1 3 18
1 1 75
1 2 75
2 2 17
2 0 77
2 3 74
3 1 15
4 0 15
3 0 75
4 2 77
3 2 125
4 1 124
0 2 75
0 0 75
0 1 75
5 3 75
5 1 102
5 2 76
1 0 74
1 2 75
1 1 76
4 0 14
4 1 75
4 2 75
2 2 17
3 1 21
2 0 76
3 2 77
2 1 138
3 0 142
5 3 73
5 0 77
5 2 76
0 3 74
0 0 74
0 2 75
4 0 19
1 3 21
4 1 100
4 2 101
1 2 75
1 1 76
3 1 15
3 2 73
3 0 73
2 2 16
2 3 74
5 3 73
5 1 75
2 0 121
5 2 123
4 0 15
4 1 74
4 2 74
1 3 41
0 1 75
1 2 87
3 1 19
0 0 95
1 1 172
3 0 83
0 2 149
3 2 97
5 1 75
5 3 74
5 2 74
4 0 17
2 1 77
2 0 78
2 3 94
4 2 75
4 1 101
1 3 26
3 1 21
3 2 78
1 0 100
5 2 77
5 1 102
3 0 190
1 2 200
5 3 173
0 0 82
0 2 85
4 0 24
0 3 118
4 1 82
4 2 82
2 2 16
2 3 73
2 0 77
3 1 21
5 2 77
5 1 78
3 2 77
5 3 143
3 0 131
4 0 19
4 1 78
4 2 80
0 3 73
0 2 75
0 0 75
2 2 17
2 1 76
2 0 77
5 1 75
5 2 75
5 0 77
4 0 20
3 1 25
3 0 77
4 2 79
3 2 145
4 1 145
5 3 74
4 0 21
5 2 88
5 1 102
2 2 25
3 1 28
0 2 125
0 0 156
4 1 156
0 1 168
4 2 166
2 0 105
2 1 121
3 0 133
3 2 126
4 0 20
5 2 77
5 1 143
4 1 145
4 2 145
5 0 152
3 1 16
3 2 73
3 0 75
2 2 18
2 0 72
2 1 74
4 0 15
4 1 75
5 3 73
5 2 74
4 2 113
5 1 112
3 1 15
3 2 74
3 0 74
2 2 15
2 0 74
2 1 74
4 0 19
4 2 75
4 1 75
5 2 73
5 1 73
5 0 74
3 1 15
3 2 73
3 0 77
4 0 15
4 1 73
4 2 74
2 2 17
5 1 76
5 3 87
5 2 90
2 0 92
2 1 95
3 1 17
3 2 73
3 0 77
4 0 17
4 2 73
4 1 74
5 1 73
5 0 74
5 2 75
2 2 16
2 1 75
2 0 75
3 1 15
4 0 20
3 0 76
3 2 98
4 2 77
4 1 100
5 2 74
5 1 74
5 3 74
4 0 18
2 2 21
4 2 76
3 1 18
2 0 76
4 1 124
3 0 77
2 3 166
3 2 159
5 1 73
5 0 73
5 2 74
4 0 16
4 1 74
4 2 74
3 1 14
3 2 72
3 0 74
2 2 17
5 1 73
2 1 120
2 0 124
5 3 122
5 2 126
4 0 16
4 1 74
4 2 74
3 1 15
3 2 74
3 0 75
5 1 74
5 0 74
5 2 73
2 2 15
2 3 73
2 0 74
4 0 18
4 2 73
4 1 73
3 1 14
3 0 78
3 2 111
5 1 76
5 2 78
5 0 113
4 0 17
4 1 74
4 2 75
3 1 17
5 2 78
5 3 111
5 1 120
3 0 117
3 3 120
4 0 21
4 1 75
4 2 75
5 2 74
5 1 73
5 3 73
4 0 14
4 2 74
4 1 73
5 0 73
5 1 73
5 3 74
5 0 75
5 2 73
5 1 74
5 2 73
5 1 74
5 3 74
5 1 78
5 2 75
5 0 78
5 0 75
5 2 74
5 1 73
5 3 74
5 1 74
5 2 73
5 3 74
5 1 75
5 2 74
5 3 72
5 2 73
5 1 74
5 0 74
5 3 72
5 1 74
5 3 73
5 1 74
5 2 77
5 0 74
5 2 74
5 1 74
5 3 73
5 0 73
5 2 73
5 3 73
5 1 74
5 2 73
5 3 73
5 1 74
5 2 73
5 3 72
5 1 74
5 2 74
