1 3 185
0 0 1049
0 1 1049
0 2 1080
1 2 757
0 0 680
0 3 812
1 1 1407
0 2 1035
1 3 99
0 0 580
1 2 1093
1 1 1127
0 3 943
0 2 984
1 3 193
1 0 796
0 0 668
0 2 656
1 2 1292
0 3 1095
1 3 312
1 0 835
0 3 629
0 0 639
1 1 1402
0 2 1226
1 3 279
0 0 588
1 0 1202
1 2 1299
0 3 1256
0 1 1265
2 2 224
2 1 1034
2 0 1045
1 3 431
2 2 133
1 2 842
0 1 901
0 0 1223
2 3 1078
0 2 2480
3 1 110
2 0 2480
1 1 2918
3 0 1522
0 1 1468
0 2 1559
2 2 95
3 2 2137
0 0 2205
3 1 191
2 0 1003
3 0 847
0 1 752
0 2 910
4 0 113
2 3 2683
3 2 2373
0 0 2525
3 1 1270
4 2 2055
5 1 939
0 2 2417
3 0 2823
0 3 2488
5 2 1309
4 1 3800
4 0 93
3 2 3614
3 1 94
4 2 740
0 0 3815
3 0 575
5 0 2862
5 2 575
5 1 579
4 1 2635
4 0 94
3 2 2416
3 1 101
4 2 587
3 0 578
5 0 1752
4 1 1483
3 2 1355
5 3 755
5 1 791
5 2 824
4 0 332
3 1 132
4 2 801
3 0 586
4 1 1422
3 2 1230
5 3 681
5 2 714
5 1 867
4 0 304
3 1 144
4 2 765
3 0 588
5 1 584
5 2 586
4 1 1660
3 2 1564
4 0 117
3 1 127
4 2 595
3 0 572
5 0 1761
4 1 1468
3 2 1437
5 3 596
5 1 781
5 2 780
4 0 318
3 1 145
4 2 773
3 0 622
5 2 676
5 3 687
4 1 1568
3 2 1527
4 0 91
3 1 102
4 2 699
5 0 1784
3 0 571
4 1 1572
3 2 1359
4 0 112
3 1 103
5 2 753
5 1 1004
5 3 1069
3 0 1009
4 2 1138
4 1 1176
3 2 1159
4 0 213
3 1 279
4 1 883
5 2 612
3 0 1266
5 3 1109
4 2 1630
4 0 87
3 3 1719
5 1 1918
4 1 688
4 2 1262
3 1 126
4 0 218
3 0 977
5 2 600
3 2 1132
5 3 866
4 1 1276
4 2 1363
3 1 104
5 1 1268
4 0 123
3 0 762
4 2 654
3 2 1228
3 1 99
4 1 1137
5 2 852
4 0 113
5 1 975
5 3 1023
3 0 928
4 2 660
3 2 1172
3 1 110
4 1 1370
5 2 750
5 1 755
3 0 723
4 0 97
4 2 578
5 0 1737
3 2 1860
4 1 1452
3 1 131
4 0 109
5 2 727
5 1 919
5 3 1156
3 2 1126
4 2 766
3 0 1166
4 1 1081
3 1 92
4 0 106
3 0 744
5 2 661
4 1 1083
3 3 1501
5 0 1082
4 2 1558
5 1 1488
4 0 356
3 1 94
5 2 707
4 1 1239
4 2 1315
3 2 1010
5 1 1230
5 3 1263
3 0 1236
4 0 95
3 1 92
4 2 585
3 0 653
4 1 1231
5 2 569
5 1 584
4 0 81
3 2 1600
3 1 88
4 2 579
5 0 1716
3 0 570
4 1 1461
3 2 1401
5 3 718
5 2 725
4 0 119
5 1 819
3 1 92
4 2 776
3 0 670
4 1 1141
4 0 83
3 2 1596
5 2 840
5 1 1046
3 1 92
4 2 929
3 0 699
5 0 1922
4 1 1628
3 2 1523
4 0 104
5 2 678
3 1 111
5 3 739
5 1 921
3 0 768
4 2 949
4 1 1164
4 0 104
3 2 1398
3 1 102
5 2 811
3 0 578
5 1 1284
4 2 1208
5 0 1858
4 1 1775
4 0 93
3 2 1648
3 1 99
5 2 855
5 3 1122
4 1 1153
5 1 1396
3 0 839
4 2 1258
3 2 948
4 0 101
3 1 103
3 0 649
4 2 855
5 2 571
5 1 768
4 1 1459
4 0 84
3 2 1747
3 1 83
5 0 1751
4 2 580
3 0 682
5 2 570
5 1 580
4 1 1694
4 0 82
3 2 1819
3 1 85
5 0 1704
4 2 587
3 0 776
5 2 570
5 1 596
4 1 1396
5 3 695
3 2 1256
4 0 160
3 1 136
4 2 785
3 0 766
5 2 572
4 1 1278
5 1 627
3 2 1245
5 3 656
4 0 220
3 1 120
3 0 686
4 2 816
5 3 576
5 1 592
4 1 1620
3 2 1568
4 0 241
3 1 95
4 2 729
3 0 577
5 0 1743
4 1 1662
3 2 1526
4 0 352
3 1 96
5 2 814
5 1 1041
3 0 569
4 2 1047
5 0 1752
4 1 1876
3 2 1610
4 0 215
3 1 104
5 2 684
5 3 808
5 1 890
3 0 707
4 2 895
4 1 1423
3 2 1366
4 0 191
3 1 100
5 2 653
5 1 886
3 0 571
4 2 894
5 0 1620
4 1 1854
3 2 1770
4 0 99
5 2 567
5 1 790
3 1 85
3 0 574
4 2 798
5 0 1668
4 1 1697
3 2 1534
4 0 207
5 2 802
3 1 107
5 3 836
5 1 952
3 0 627
4 2 847
4 1 1295
3 2 1190
4 0 95
3 1 97
5 2 679
5 3 791
5 1 988
3 0 685
4 2 984
4 1 1151
3 2 1204
4 0 94
3 1 98
5 2 701
5 3 1032
4 1 1145
5 1 1253
3 0 945
4 2 1246
3 2 1024
4 0 217
3 1 132
3 0 662
4 1 793
5 3 758
5 0 795
4 2 1629
3 3 1589
4 0 92
5 1 1530
4 1 709
4 2 881
5 3 568
5 2 575
5 1 582
5 2 578
5 1 584
5 0 588
5 3 575
5 2 581
5 0 598
5 3 573
5 2 593
5 1 600
5 3 568
5 2 581
5 1 584
5 3 568
5 2 578
5 1 585
