0 1 787
0 2 804
0 0 809
1 3 174
0 0 529
1 1 804
1 2 896
0 3 907
0 2 933
1 3 87
0 0 730
1 2 1115
1 1 1153
0 3 953
0 2 987
1 3 334
1 0 726
0 0 555
0 2 561
1 2 1210
0 3 1170
2 2 97
2 0 830
2 1 829
1 3 268
2 2 118
1 0 807
0 3 706
0 0 863
2 3 847
1 1 1779
3 1 161
2 0 1576
0 2 1956
3 2 1044
1 3 114
3 0 1121
3 1 548
2 2 565
2 0 2275
1 0 2636
4 0 517
1 2 3146
0 1 2511
3 0 3051
0 3 2883
2 3 3368
3 2 3118
1 3 434
3 1 115
0 0 3692
1 1 988
2 2 97
1 2 1488
3 2 1157
3 0 1215
3 1 119
2 0 971
0 1 696
0 2 1069
3 0 736
2 3 1654
1 0 528
1 1 630
1 2 654
0 0 1603
3 2 1919
2 2 220
3 1 111
1 2 2332
1 0 2502
3 0 2134
0 1 2374
1 1 2878
0 0 3014
0 2 3083
1 3 106
2 3 3344
3 2 3295
3 1 104
5 2 2285
1 0 1213
3 0 510
0 1 1005
5 0 2920
2 0 4497
1 1 1837
3 2 1424
0 2 1781
0 0 1836
3 1 221
2 2 259
1 3 92
3 2 1177
0 0 1085
2 0 1440
0 2 1400
1 1 1162
2 1 1956
3 0 1977
0 3 2003
2 2 325
3 1 150
1 2 1998
2 0 669
3 0 722
2 3 1462
1 2 500
3 2 1516
0 1 1133
0 2 1156
3 1 122
1 0 1043
1 1 1043
0 0 1517
1 3 247
2 2 236
3 0 933
3 2 1193
3 1 105
1 0 1159
0 1 1049
2 0 1231
0 0 1088
0 2 1135
1 2 1581
2 1 1580
2 2 111
3 0 1203
0 1 778
3 2 1368
3 1 206
0 2 1415
1 0 636
2 0 1373
0 0 1836
1 2 1046
3 0 1049
2 3 1680
1 1 1319
1 3 399
0 1 937
3 2 1832
3 1 93
0 0 1525
2 2 86
0 2 1614
1 2 1327
3 3 851
1 1 1643
0 0 700
2 0 1049
0 1 866
1 3 80
3 0 1852
2 1 1808
1 1 646
0 3 1849
2 2 216
3 1 95
2 0 657
3 2 686
1 2 1775
0 1 510
0 2 515
0 0 575
2 1 1512
3 0 1361
2 2 371
3 1 235
0 1 1008
1 0 1009
3 2 1044
0 0 1048
2 1 1610
3 0 1528
2 0 1699
1 2 1394
0 2 1703
1 1 1689
3 1 272
2 2 278
1 3 120
0 1 634
3 0 979
1 2 872
2 0 1463
2 3 1554
3 2 1586
0 0 1533
0 2 1547
1 1 1669
3 1 361
3 0 1168
2 2 232
0 1 979
0 2 1192
3 2 1582
0 0 1360
1 0 568
3 1 201
2 1 1584
2 0 1634
1 1 1632
1 2 1655
2 2 101
3 2 1233
0 0 1252
1 0 635
0 2 1723
3 0 2204
0 3 2101
3 1 115
2 0 1494
1 1 1441
3 3 672
2 1 2083
1 2 2040
2 2 115
1 3 106
0 0 656
0 1 690
3 0 1593
0 2 1271
3 1 86
2 1 1629
2 0 1745
1 2 1709
1 1 1747
2 2 210
0 0 1150
3 2 915
0 2 1621
1 0 509
0 3 2021
2 0 1261
3 0 1852
1 1 791
3 1 85
2 1 1815
2 2 94
1 2 1749
0 1 553
3 2 1075
1 3 95
0 0 989
3 0 1414
2 1 1151
1 0 638
0 2 1420
3 1 94
2 0 1458
2 2 107
1 1 1359
3 0 1023
0 1 704
0 3 903
2 0 884
3 2 1388
1 3 114
3 1 106
0 0 1759
2 3 1769
1 1 656
3 2 888
3 0 1459
1 2 1467
2 2 279
3 1 115
0 1 805
1 3 93
0 0 1257
2 1 1161
3 2 994
0 2 1546
2 0 1445
3 0 1337
2 2 269
3 1 138
1 2 1366
0 1 667
1 1 1574
0 0 1103
3 2 970
2 1 1327
3 0 1220
1 3 87
0 2 1489
2 0 1563
3 1 104
2 2 95
0 1 637
1 2 1130
3 0 1018
1 1 1531
3 2 1431
0 2 1601
2 0 1478
0 0 1645
3 1 87
2 3 1547
1 3 107
2 2 87
3 2 1385
0 0 1172
3 0 1519
3 1 85
0 2 1507
1 1 1434
2 0 1029
3 2 513
0 3 2097
1 2 2007
2 1 1707
3 0 1902
1 3 86
3 1 98
0 1 910
0 0 1823
2 3 1695
2 1 1750
1 2 1691
0 2 1998
3 2 1357
2 0 1855
1 1 1782
3 0 1399
3 1 107
0 1 935
0 2 1062
3 0 986
2 2 222
0 0 1593
1 0 527
1 2 505
3 2 1521
3 1 83
0 1 616
3 0 501
2 0 1449
1 1 1352
1 3 93
0 2 1315
2 3 2167
0 0 1537
1 2 503
3 2 1356
1 1 743
3 1 97
2 2 227
0 2 1194
0 0 1547
3 2 1391
1 0 525
0 3 1883
3 0 1834
2 0 1167
1 1 998
3 1 91
2 1 1957
1 2 1818
3 2 934
2 2 222
1 3 102
0 1 647
3 0 1231
3 1 82
0 2 1146
0 0 1396
1 2 991
3 0 859
2 3 1599
2 0 1630
1 1 1515
0 1 520
3 2 1356
0 2 965
3 1 143
2 2 144
0 0 1608
3 2 1019
1 0 936
0 0 793
0 1 921
2 0 1548
1 1 1532
3 0 1642
2 1 1644
1 2 1569
0 2 1287
2 2 245
3 1 237
1 3 104
2 0 1611
2 3 1631
3 0 1618
3 2 1651
1 2 1519
0 3 1489
1 1 1556
0 0 1497
0 2 1519
3 1 111
1 3 91
3 2 1542
3 0 1601
3 1 85
2 3 961
2 0 1107
1 1 967
3 2 716
2 1 1509
1 2 1527
3 0 1344
3 1 91
2 2 164
1 3 145
2 0 571
1 0 559
3 0 1013
3 2 943
1 2 973
3 1 86
2 3 1076
3 0 638
3 2 675
1 3 180
3 1 94
2 2 101
3 3 516
1 1 1097
2 0 1019
1 2 1425
2 1 1456
3 0 1458
2 2 106
1 0 519
2 1 853
2 0 865
1 2 917
2 2 79
1 1 977
1 3 86
2 1 923
2 0 1014
1 2 781
2 2 92
1 1 891
2 1 609
2 0 660
1 3 82
2 2 72
1 2 868
1 1 871
2 0 742
2 1 756
2 2 72
1 3 81
2 0 599
1 0 498
2 1 966
1 2 868
2 2 84
2 0 659
2 3 657
2 2 67
2 1 498
2 0 500
2 2 78
2 0 509
2 3 505
