0 0 981
0 2 979
0 1 991
0 3 737
0 2 771
0 0 779
0 3 732
0 0 755
0 2 757
1 3 155
1 2 877
1 1 933
0 0 1072
1 3 270
0 3 1115
2 2 130
0 2 1236
1 2 2593
1 1 2665
3 1 165
2 0 2644
2 1 2731
2 2 1894
3 0 2786
3 2 2855
2 0 2608
3 1 108
3 0 682
2 3 3276
3 2 1070
3 1 250
2 2 108
3 0 805
2 0 696
3 2 1396
2 3 1472
3 1 125
3 0 666
3 2 672
2 2 286
3 1 130
2 0 857
3 0 702
2 3 1428
3 2 1299
3 1 99
2 2 111
3 0 761
3 2 952
3 1 101
2 0 817
3 0 728
2 3 1392
3 2 1129
3 1 111
2 2 104
3 2 695
2 0 666
3 0 1118
2 1 1199
3 1 103
2 2 106
3 0 724
2 0 657
3 2 1227
3 1 94
2 3 1251
3 0 644
3 2 715
2 2 116
3 1 122
3 2 656
2 0 656
3 0 1367
2 1 1372
3 1 136
2 2 130
3 0 643
3 3 671
2 3 672
2 0 681
3 1 176
2 2 100
3 2 712
2 0 656
3 0 1274
2 1 1222
3 1 118
2 2 205
3 2 739
2 0 738
3 0 1281
2 1 1289
3 1 94
2 2 106
3 2 749
2 0 734
3 0 1268
2 1 1270
3 1 122
2 2 102
3 0 726
2 0 746
3 2 1285
2 3 1288
3 1 106
3 2 760
2 2 101
3 0 798
3 1 117
2 0 664
3 3 653
2 1 1119
2 2 95
3 0 1123
2 0 749
2 1 787
3 1 92
2 2 107
3 2 772
2 0 658
3 0 1234
2 1 1136
3 1 107
2 2 109
3 2 773
2 0 742
3 0 1243
2 1 1219
3 1 100
2 2 92
3 2 765
2 0 734
3 0 1246
2 1 1233
3 1 158
2 2 117
3 0 911
2 0 864
3 2 1457
2 3 1410
3 1 97
2 2 103
3 2 764
3 0 810
3 1 103
2 0 667
3 2 661
2 1 1126
2 2 116
3 0 1216
3 1 114
2 0 759
3 2 674
2 1 1194
2 2 94
3 0 1035
3 1 99
2 0 754
3 0 641
2 3 1152
3 2 1051
3 1 92
2 2 118
3 2 776
2 0 665
3 0 1159
3 1 97
2 1 1137
2 0 746
3 2 1094
3 0 1204
2 3 1128
3 1 89
2 1 1200
3 2 851
3 0 869
2 2 203
3 1 105
2 0 750
3 0 640
2 3 1282
3 2 1192
3 1 94
2 2 218
3 2 911
3 0 1153
2 0 820
3 1 90
2 1 1320
3 2 763
2 2 102
3 0 1023
3 1 107
2 0 723
2 3 978
3 0 761
3 2 1024
3 1 98
2 2 102
3 2 795
2 0 773
3 0 1229
2 1 1247
3 1 93
2 2 95
3 0 776
2 0 669
3 2 1271
2 3 1293
3 1 116
3 0 641
3 2 732
3 1 102
2 0 800
2 1 1237
2 3 1296
3 0 1105
3 2 1160
3 1 112
2 2 93
3 0 646
3 2 948
2 0 677
3 1 100
2 3 1294
3 0 641
3 2 879
3 1 139
2 2 105
3 3 664
2 0 665
3 0 1278
2 1 1248
2 2 105
2 0 647
2 1 643
2 2 83
2 1 640
2 0 644
2 2 95
2 1 637
2 0 644
2 2 87
2 1 639
2 0 645
2 2 97
2 1 641
2 0 643
2 2 88
2 3 647
2 0 651
2 2 106
2 1 640
2 0 644
2 2 93
2 0 646
2 3 643
