0 0 903
0 1 911
0 2 918
0 2 638
0 0 643
0 3 653
0 3 597
0 2 595
0 0 617
0 3 576
0 0 588
0 2 584
0 2 590
0 0 612
0 3 621
0 3 629
0 0 630
0 1 631
0 2 575
0 0 582
0 1 575
1 3 139
0 1 798
0 0 829
1 2 582
0 2 1075
1 1 1295
0 0 714
0 1 724
0 2 893
1 3 125
0 0 582
1 2 976
1 1 1057
0 2 1076
0 3 1080
1 3 328
1 2 851
0 0 646
0 2 635
1 0 1263
0 1 1186
1 3 97
0 0 734
0 1 1080
0 2 1072
1 0 1253
1 1 1256
0 0 578
0 1 722
0 2 831
1 3 90
0 2 598
0 0 597
1 2 583
1 0 1160
0 1 1161
2 2 116
0 0 950
1 3 92
0 1 952
2 0 956
0 3 1569
1 1 818
2 1 1462
2 2 85
1 2 1224
0 1 647
2 3 978
2 0 1309
0 0 1122
1 2 694
1 0 749
0 2 1362
2 2 99
1 1 1527
0 1 697
0 0 1146
2 3 1144
1 2 571
1 0 598
0 2 1719
2 0 1723
1 1 1514
0 0 726
1 3 112
0 1 798
2 2 108
1 0 655
0 2 1334
2 3 584
0 0 591
0 1 590
1 1 1751
3 1 476
2 0 2077
0 2 1533
3 0 1193
3 2 1249
2 2 181
1 3 193
3 1 174
0 3 1517
0 0 1726
0 2 1734
3 0 1375
1 2 1540
3 2 1522
1 1 1621
2 0 1630
2 3 2094
3 1 289
3 0 1938
0 1 1799
0 2 1833
2 2 116
0 0 2324
3 2 2503
1 0 634
3 1 118
1 1 1688
2 0 1672
2 1 1982
0 2 1092
1 2 2092
0 0 1179
3 2 1174
2 2 149
1 3 147
2 3 624
2 0 620
1 0 621
0 3 2238
3 0 2401
3 1 107
2 2 116
1 2 1725
3 2 1066
0 1 818
3 0 1632
0 0 936
2 0 1318
3 1 124
2 1 1582
1 0 680
0 2 1635
2 2 115
1 1 1502
3 2 1158
1 2 1631
0 1 599
2 0 1076
1 3 96
3 0 1742
3 1 353
2 3 1739
1 1 2137
0 0 2975
0 3 3145
3 2 2912
2 2 104
1 2 3788
3 0 3654
2 0 1019
3 1 113
0 1 864
2 1 1573
1 3 157
0 0 1280
0 2 1283
2 2 95
3 2 1493
3 0 1679
0 1 590
3 1 101
0 0 882
1 2 1414
1 1 1755
3 2 877
2 0 1876
0 2 1606
2 1 2117
3 0 1545
2 2 269
3 1 107
0 1 1444
0 0 1679
3 2 1096
1 0 1025
0 2 2071
2 1 1818
2 0 1887
3 0 2039
1 1 1970
1 2 2022
2 2 108
3 1 324
0 0 1129
1 3 96
0 3 1866
0 2 1942
3 2 1319
2 3 1573
2 0 1696
3 0 1611
1 1 1362
1 2 1376
3 1 122
2 2 246
0 0 998
3 0 1057
0 2 1168
3 3 1704
0 1 1709
2 1 1576
1 2 1384
2 0 1708
1 1 1580
1 0 1827
2 2 153
3 1 314
0 0 1022
0 1 1399
3 2 849
1 0 802
0 2 1888
2 1 1617
2 0 1736
3 0 1713
1 2 1740
1 1 1852
2 2 106
0 1 848
3 1 122
0 0 1107
1 3 95
3 2 841
0 2 1958
2 1 1609
2 0 1774
3 0 1916
2 2 113
1 1 1778
0 0 716
3 1 93
1 2 1869
3 2 729
0 2 1686
2 0 1454
0 3 2186
1 0 589
1 1 773
2 1 2166
3 0 2238
2 2 441
3 1 127
1 2 2181
0 1 982
1 3 109
0 0 1468
3 2 1090
1 0 584
2 1 1540
3 0 1271
0 2 1712
2 0 1666
3 1 268
2 2 117
3 0 733
0 1 747
1 1 1972
0 2 1662
1 3 97
2 0 1535
0 0 1964
3 2 1984
2 3 1807
1 2 730
3 1 132
1 1 969
0 0 863
2 2 137
3 0 814
0 2 1291
1 3 98
0 1 1428
3 3 1414
2 1 1077
2 0 1768
3 1 107
0 0 938
2 2 113
1 2 1710
1 1 1762
3 2 689
0 2 1751
0 3 2040
2 0 1302
1 3 112
3 0 2177
1 1 798
2 1 2085
3 1 117
2 2 95
0 1 731
1 2 1576
0 2 1129
3 0 1042
2 0 935
0 0 1492
1 3 98
3 2 1814
3 1 102
2 3 1850
1 1 1224
0 2 1362
2 2 88
0 0 1499
3 2 1171
1 2 1730
0 3 1836
2 0 580
3 0 1723
1 3 273
3 1 116
2 1 1813
1 1 1268
3 2 1461
0 0 1533
0 2 1654
2 0 996
2 3 992
1 2 2426
3 0 2339
0 3 2349
3 1 108
2 1 1949
3 2 932
3 0 1427
2 2 126
3 1 117
1 2 1255
1 0 1265
0 1 1117
1 1 1549
0 0 1222
3 0 975
1 3 104
0 2 1940
2 3 1648
3 2 1532
1 2 570
2 0 1809
3 1 109
1 1 964
3 0 782
3 2 771
2 2 114
3 1 224
2 0 867
3 2 587
1 0 578
1 1 749
2 1 1375
2 2 98
3 0 1508
1 2 1396
3 1 103
1 3 93
2 0 764
2 3 885
3 2 788
1 1 669
3 0 1120
2 2 92
3 1 104
1 2 1270
2 0 584
3 2 577
2 1 1419
1 1 577
1 0 575
3 0 1397
2 2 112
3 1 92
1 2 1278
2 0 688
1 3 105
2 3 1121
3 0 1013
3 2 1018
1 1 591
3 1 93
1 2 1093
2 0 593
3 2 1077
1 3 113
2 3 1079
3 0 1483
2 1 1399
1 1 583
3 1 98
3 2 686
2 2 98
1 2 1350
3 0 1022
3 1 100
2 0 598
2 3 830
1 3 117
3 2 823
3 0 960
1 0 598
2 2 220
3 1 97
2 0 686
1 2 1376
3 2 588
1 3 91
2 1 1487
3 0 1509
2 2 101
3 1 95
1 1 908
3 2 580
2 0 828
1 2 1638
2 1 1533
3 0 1473
2 2 254
3 1 234
3 2 705
1 0 588
2 0 1134
1 1 1013
2 1 1688
3 0 1732
1 2 1569
2 2 250
3 1 112
1 3 109
3 2 585
2 0 1168
1 1 1026
2 1 1700
3 0 1639
1 2 1627
2 2 206
3 1 91
2 0 693
3 2 591
1 3 88
2 1 1361
1 1 570
2 2 85
3 0 1426
3 1 95
2 0 575
3 2 582
1 2 1660
2 1 1420
1 3 88
3 0 1419
2 2 96
3 1 97
1 0 690
2 0 698
2 3 893
1 2 1128
3 0 971
3 2 975
3 1 186
2 2 102
3 3 643
2 0 579
3 0 1117
2 1 1052
2 2 94
2 0 695
2 3 704
