0 0 1095
0 2 1089
0 1 1094
0 2 794
0 0 803
0 3 800
0 3 720
0 2 727
0 0 733
0 2 713
0 0 746
0 3 722
0 3 713
0 2 731
0 0 733
1 3 195
0 1 909
0 0 949
1 1 890
0 3 1509
1 2 1538
1 3 196
1 2 851
0 1 905
0 0 928
0 2 1467
1 1 1569
0 1 987
0 0 994
0 2 1016
1 3 201
1 2 964
0 0 818
0 2 819
1 0 1637
0 1 1433
1 3 134
0 3 825
0 0 849
0 2 1065
1 0 2288
1 1 2853
0 0 927
1 3 127
0 1 1029
2 0 2054
0 2 1454
1 2 768
1 0 1005
0 0 869
0 2 869
0 1 986
1 3 227
4 0 135
1 2 1430
0 1 1346
0 0 1463
1 1 2007
0 2 1987
4 1 1399
0 0 885
0 1 1204
0 2 1225
1 2 718
1 1 1238
1 0 1441
0 0 1120
0 3 1202
1 1 740
0 1 1722
1 2 849
1 0 1112
1 3 121
0 0 727
1 0 1399
1 1 1428
0 1 1295
0 2 1330
1 3 157
0 0 884
0 1 888
1 2 720
0 2 1318
1 1 1475
0 0 746
0 1 762
0 2 991
1 2 786
0 0 755
1 0 1489
1 1 1499
0 1 1438
0 2 1444
1 3 263
1 0 856
0 0 734
0 2 736
1 2 1553
0 3 1429
1 2 790
0 0 732
1 1 1448
1 0 1468
0 1 1407
0 2 1392
1 3 118
0 0 835
1 1 1505
1 2 1514
0 2 1494
0 3 1513
1 3 133
1 2 722
0 0 732
0 1 741
1 1 1427
0 2 1429
0 0 731
0 1 918
0 3 944
1 1 810
1 0 1003
1 2 1036
1 3 181
1 2 786
0 0 739
0 1 744
1 1 1411
0 2 1349
0 0 879
0 1 1136
0 2 1147
1 2 728
1 0 1454
1 1 1487
0 0 887
0 1 1467
0 2 1479
1 2 837
1 0 1104
1 1 1433
0 0 723
0 3 735
1 3 105
0 2 1454
1 2 870
1 1 1120
0 0 735
0 1 943
0 2 980
1 2 828
1 0 1382
1 1 1443
0 0 731
1 3 144
0 1 1417
0 2 1488
1 0 1318
1 1 1400
0 0 916
0 1 1203
0 2 1250
1 3 148
0 0 845
0 3 1321
0 2 1376
1 2 1244
1 1 1306
1 3 134
0 0 861
0 1 869
1 2 731
0 2 1456
1 1 1359
0 0 973
0 1 991
0 2 1006
1 3 251
1 2 832
0 0 758
0 1 766
1 1 1444
0 2 1330
1 3 141
0 0 936
0 2 1186
0 3 1217
1 1 1032
1 2 1051
1 3 135
0 0 978
0 1 985
0 2 1291
1 2 807
1 1 1370
0 0 731
0 3 752
0 2 1031
1 0 863
1 2 1108
1 1 1168
0 0 844
1 3 112
0 3 1347
0 2 1464
1 2 960
1 1 1039
0 0 907
0 2 1202
0 1 1226
1 2 715
1 1 1035
1 0 1060
1 3 111
1 1 721
1 2 716
1 2 710
1 0 719
1 1 720
1 3 112
1 1 726
1 2 709
1 3 124
1 1 724
1 2 710
1 3 120
1 0 721
1 2 713
1 3 123
1 2 711
1 1 713
1 0 713
1 2 711
1 1 719
1 3 111
1 1 711
1 2 711
1 3 237
1 1 832
1 2 831
1 3 132
1 2 714
1 0 717
