0 0 290
0 1 464
0 2 463
0 0 101
0 1 450
0 2 472
1 2 311
1 0 456
1 1 461
2 1 136
0 0 57
1 2 248
1 3 268
2 2 605
0 1 523
2 0 665
1 0 612
0 2 700
2 1 42
1 2 224
1 1 322
2 3 306
0 0 42
1 0 557
0 1 236
2 0 605
0 2 418
2 1 46
1 3 231
1 2 244
1 0 325
2 2 355
0 0 49
2 0 501
0 1 276
0 2 312
1 0 228
1 2 227
1 1 244
2 1 69
2 0 253
2 2 265
0 0 45
1 2 225
0 1 369
0 2 369
2 1 45
1 1 454
1 0 462
2 2 338
2 0 351
3 2 60
3 0 232
3 1 254
0 0 55
1 2 407
2 1 41
1 1 607
3 2 41
0 1 452
1 0 693
0 2 553
3 0 258
2 2 465
2 0 742
0 0 78
1 2 311
3 1 1021
4 1 610
1 1 685
2 1 87
3 2 67
4 3 771
2 3 249
0 1 756
1 0 965
3 3 441
1 2 222
0 2 1093
4 0 1262
1 1 307
0 0 52
0 1 503
2 0 1238
5 2 304
3 1 1297
1 0 1026
4 2 372
5 0 660
2 1 53
4 3 660
3 2 45
1 2 236
0 2 1307
1 1 543
0 0 73
5 1 1259
4 0 1285
3 3 617
5 2 398
2 2 1167
0 1 815
1 0 1347
5 0 644
2 0 1344
4 1 222
4 2 236
2 1 53
1 3 225
1 2 236
2 2 232
3 1 1547
0 2 1320
5 1 1356
0 0 52
3 0 235
5 2 229
0 1 526
4 0 1397
3 3 583
5 0 580
1 0 1320
2 0 1317
4 2 227
4 1 228
2 1 54
2 2 425
3 1 1243
1 3 220
0 2 1326
1 1 272
0 0 42
5 1 1474
3 2 44
0 1 242
0 3 286
4 0 1238
2 0 1148
5 0 384
2 1 55
5 2 453
3 0 527
4 2 316
4 1 323
2 2 245
1 0 1346
0 0 43
3 1 1349
0 1 429
3 2 45
5 1 1382
4 0 1150
2 0 1065
1 1 344
1 2 348
2 1 49
3 0 475
5 2 446
4 2 436
5 0 474
2 2 447
5 3 609
4 1 638
0 2 1303
0 0 47
4 0 1011
1 0 1311
3 1 1269
2 0 1203
3 2 45
5 2 341
2 1 45
4 2 339
0 1 553
5 0 667
4 1 608
1 2 608
3 0 562
1 1 674
2 2 539
1 0 1049
1 1 219
1 2 221
4 0 1334
0 2 1491
0 0 37
3 1 1333
2 0 1291
5 1 1650
3 2 67
2 1 226
4 2 424
3 0 409
4 3 679
2 3 524
0 1 715
5 2 424
5 0 426
1 0 1119
1 3 214
1 2 218
4 0 1443
0 2 1453
3 1 1371
0 0 53
3 2 46
2 0 1445
5 1 1258
1 0 1065
0 1 450
3 0 502
2 1 89
4 1 525
4 2 588
5 0 428
5 2 417
1 2 222
2 2 490
0 2 1092
1 1 389
0 0 37
3 1 1258
0 1 241
3 2 42
2 0 950
4 0 1331
3 0 401
2 1 54
3 3 448
4 2 229
4 1 248
2 2 286
5 1 1718
0 2 1010
1 0 1468
0 0 51
5 2 316
4 0 978
5 3 611
2 0 1164
3 0 748
5 0 813
2 1 59
1 2 661
4 2 264
3 3 842
4 1 387
0 1 793
1 1 916
2 3 256
3 1 1148
5 2 214
5 3 221
5 0 229
1 0 1230
0 2 1472
4 0 1103
3 2 92
0 0 95
2 0 1246
1 2 417
1 3 507
4 1 397
2 1 39
4 2 645
5 2 599
3 3 754
0 1 765
5 0 762
2 2 394
1 0 1303
3 1 1237
0 2 1334
4 0 1332
5 1 1267
0 0 59
3 2 51
2 0 1221
2 1 51
4 1 580
4 2 581
5 2 572
1 2 461
0 1 908
5 0 966
1 1 962
3 3 992
2 2 740
0 2 1300
4 0 1329
5 1 1335
0 0 54
1 0 1240
3 1 1473
0 1 553
3 2 44
5 0 619
2 0 1579
4 2 709
5 2 741
4 1 780
2 1 54
1 3 559
3 3 402
5 3 871
0 2 1032
1 2 746
4 0 1014
1 0 804
3 0 742
2 2 505
0 0 246
4 1 231
3 2 39
4 2 365
0 1 578
1 2 222
5 2 465
2 0 1075
5 0 492
1 3 512
2 1 41
3 3 579
0 2 1131
0 0 37
2 2 283
4 0 1215
0 1 247
5 1 1332
4 2 215
4 1 228
1 0 1376
5 2 224
5 0 231
3 1 1586
0 2 932
1 1 360
1 2 362
2 0 1501
3 2 66
0 0 63
2 1 51
3 0 236
4 0 1249
0 1 358
2 2 360
5 1 1274
4 2 216
4 1 228
5 0 222
5 3 221
1 0 1335
3 1 1246
1 3 214
1 1 221
0 2 1463
2 0 1393
0 0 48
2 1 49
3 0 225
4 0 1350
5 1 1320
4 2 214
4 1 229
3 3 514
0 1 586
2 2 578
1 0 1320
5 2 217
5 0 221
5 3 221
2 0 1087
0 2 1152
4 0 1002
2 1 54
0 0 43
3 1 1431
1 2 326
4 1 321
4 2 330
3 2 43
5 2 418
1 1 759
2 2 837
0 1 933
5 0 853
3 3 591
1 0 1175
0 2 1181
2 0 1264
0 0 50
2 1 43
4 0 1337
5 1 1317
1 2 398
1 1 481
3 1 1182
0 3 467
4 2 355
4 1 379
5 2 351
0 1 769
2 2 768
3 2 43
1 0 927
5 0 597
3 0 332
1 1 225
2 0 1108
0 0 44
1 2 322
2 1 43
4 0 1216
0 1 355
5 1 1231
2 2 353
4 1 466
4 2 466
5 0 231
1 0 1099
5 2 323
3 1 1304
5 3 366
3 2 53
1 1 235
0 2 1345
1 2 441
2 0 1299
3 0 410
0 0 49
5 2 219
2 1 45
5 0 325
4 0 1279
1 0 1001
0 1 568
4 2 215
2 2 561
4 1 252
1 1 234
1 2 243
3 1 1328
3 2 39
3 3 222
3 0 223
0 2 1295
2 0 1296
5 1 1568
0 0 63
2 1 43
1 0 896
4 0 1125
3 2 42
5 2 454
1 3 360
0 1 678
1 2 539
2 2 791
4 1 573
3 0 483
5 0 852
4 3 698
0 2 1310
4 0 1035
5 1 1259
0 0 42
2 0 1352
1 0 1202
2 1 222
5 2 448
3 1 1471
3 2 46
0 1 715
4 2 404
1 3 350
1 2 380
5 0 912
3 0 375
2 2 900
4 3 652
0 2 1106
0 0 38
0 1 219
2 0 1317
5 1 1397
2 1 150
4 0 1396
5 2 215
1 0 1402
2 2 482
3 1 1371
5 0 403
3 2 50
0 2 1014
4 2 220
4 3 278
0 0 45
3 0 308
1 2 309
1 1 447
0 1 416
2 0 1287
5 1 1324
2 1 45
5 2 216
2 2 371
1 0 1091
4 0 1318
5 0 376
3 1 1358
3 2 50
0 2 1343
1 1 359
1 2 365
0 0 51
4 2 225
3 3 461
3 0 490
2 0 1217
4 1 535
0 1 454
2 1 40
5 1 1246
1 0 965
2 2 415
5 2 347
1 3 346
4 0 1146
5 0 554
3 3 570
5 3 596
0 2 1226
3 0 624
1 2 595
4 2 311
0 0 41
4 3 501
3 1 994
2 0 1230
5 2 220
2 1 49
0 1 522
3 2 46
1 0 1247
5 0 524
3 0 226
2 2 392
4 0 1188
1 3 303
1 2 313
0 2 1258
5 1 1122
0 0 46
4 1 231
5 2 215
2 0 1263
4 3 443
2 1 35
3 1 1284
3 2 44
0 1 636
5 0 643
3 0 220
2 2 397
1 0 1327
4 0 1315
5 1 1250
0 2 1295
1 1 235
1 2 236
0 0 44
2 0 1133
2 1 42
5 2 312
4 1 226
4 2 306
3 1 1271
5 0 491
3 2 42
0 1 779
2 2 761
3 3 358
1 0 1441
5 1 1392
0 2 1375
1 2 222
0 0 42
1 3 264
4 0 1469
2 0 1385
2 1 47
5 2 319
4 1 231
4 2 278
5 0 483
0 1 517
3 1 1271
2 2 403
3 2 38
3 0 218
1 0 1300
5 1 1192
0 2 1243
4 0 1185
0 0 53
2 0 1285
5 2 302
2 1 215
5 0 600
1 3 510
1 2 522
4 1 533
0 1 660
2 3 436
4 3 606
3 1 1381
3 2 37
5 1 1256
3 3 222
3 0 228
4 0 1196
0 2 1323
1 0 1368
0 0 59
2 0 1211
5 2 271
5 0 296
5 1 541
0 3 380
0 1 430
3 2 52
4 2 328
2 1 53
4 1 544
1 2 406
5 2 221
4 0 821
1 1 717
3 3 760
2 2 770
4 2 214
3 1 870
1 0 1022
5 0 797
2 0 1157
4 3 559
3 2 42
5 1 1091
2 1 47
4 0 824
1 2 435
5 2 216
3 0 509
1 0 590
2 0 512
5 3 489
1 1 806
4 0 241
3 3 772
4 1 283
2 2 832
5 0 976
2 1 45
3 2 39
4 3 954
2 0 461
3 1 464
5 2 217
5 3 221
2 2 733
3 3 749
4 2 215
4 0 222
5 0 606
4 3 497
3 1 366
3 0 406
3 3 456
5 2 305
5 0 328
4 0 236
4 2 342
5 3 493
4 1 420
3 2 43
3 1 221
3 0 268
5 0 269
5 2 342
4 0 219
5 3 447
4 2 298
4 1 358
3 2 35
3 0 384
3 3 397
4 1 312
5 0 326
5 2 458
4 2 455
5 1 471
4 0 472
3 2 36
5 2 259
4 1 222
3 1 584
3 3 582
5 0 629
5 1 633
4 0 580
4 3 572
3 2 41
5 2 368
4 1 220
5 0 464
4 2 321
3 3 417
5 1 617
3 1 596
4 0 644
