0 0 332
0 2 623
0 1 627
0 0 71
0 2 335
0 1 336
0 0 61
0 2 336
0 1 333
1 0 337
1 1 337
1 2 343
0 0 57
0 2 333
0 1 341
1 0 440
1 2 437
1 3 438
0 0 91
0 2 487
0 1 512
1 2 364
1 1 522
1 0 639
0 0 93
1 3 345
1 2 358
0 1 360
1 0 720
0 2 718
0 0 74
1 2 390
1 1 642
1 0 650
0 2 686
0 1 686
0 0 61
1 2 342
1 0 414
1 1 438
2 1 80
0 2 787
0 1 803
2 2 748
2 0 790
1 2 412
0 0 225
2 1 95
1 1 996
2 3 370
1 0 1097
0 1 710
1 2 327
1 1 348
0 2 1109
2 0 1192
0 0 85
0 1 352
1 0 966
2 1 174
1 2 341
0 2 914
0 0 51
2 2 741
1 1 786
3 2 58
2 0 1116
0 1 563
2 1 60
3 0 328
1 0 1113
1 2 327
2 2 638
0 2 1293
1 1 498
0 0 61
3 1 1301
0 1 462
0 3 467
2 0 1278
3 2 60
2 1 68
1 0 1171
3 0 399
2 2 469
0 0 65
1 3 452
1 2 695
4 1 521
4 3 601
3 1 1246
0 1 605
2 0 1351
3 2 67
2 1 55
1 0 1678
3 3 579
2 2 579
4 0 1666
0 2 1682
0 0 58
1 3 447
3 1 1323
4 2 353
1 1 803
3 2 58
2 0 1768
2 1 55
0 1 958
4 3 973
1 0 1385
2 3 323
3 3 605
0 2 1420
0 0 163
1 2 330
4 0 1776
0 1 742
1 1 644
3 1 1757
2 0 1619
4 1 451
5 0 466
0 2 1429
2 1 62
4 2 834
1 0 1562
5 2 846
0 0 59
3 0 493
1 2 363
3 3 1042
2 2 1115
0 1 1076
1 1 1006
4 0 1993
5 1 2196
4 2 460
4 1 459
3 1 2053
2 0 2094
0 2 1911
5 0 335
1 0 1835
2 1 98
5 2 433
0 0 196
3 2 55
1 2 614
3 0 614
2 2 1042
0 1 1023
1 1 888
4 0 1951
0 2 1565
4 2 320
4 1 334
5 1 1982
0 0 170
2 0 1914
2 1 52
1 0 1912
5 2 323
1 3 321
1 2 331
0 1 873
3 1 2420
5 0 901
2 2 927
3 2 58
3 0 325
4 0 2018
4 2 320
4 1 325
0 2 2080
5 1 1951
2 0 1893
0 0 58
2 1 61
1 0 2158
5 2 594
3 1 2058
0 1 1193
1 2 333
3 2 55
5 0 1291
2 2 1001
3 0 333
1 1 699
4 0 2026
5 1 1971
0 2 2019
4 2 334
4 1 349
0 0 69
5 2 333
5 3 346
2 0 2146
2 1 51
1 0 1823
5 0 800
0 1 825
3 1 1909
1 2 363
3 2 73
4 0 1661
2 2 1010
3 0 459
0 2 1553
5 2 475
0 0 61
1 1 958
4 2 375
5 0 1093
4 3 899
0 1 811
2 0 1985
2 1 53
1 0 1910
2 2 472
3 1 2067
1 2 343
1 3 329
0 2 1595
3 2 54
4 0 1827
0 0 66
3 0 328
0 1 330
5 1 2961
4 1 331
4 2 321
5 2 321
5 0 334
2 0 2057
2 1 53
1 0 1913
0 2 1486
0 0 67
3 1 2086
2 3 599
3 2 66
0 1 777
4 0 2024
3 0 615
1 2 640
3 3 741
1 1 836
4 2 449
5 1 2216
4 1 607
0 2 1611
2 0 1842
0 0 93
5 2 605
3 0 589
2 1 76
1 0 1931
5 0 1030
1 3 341
1 2 347
0 1 1254
3 3 1301
4 0 2124
2 2 826
0 2 1706
4 2 428
4 1 438
0 0 55
5 1 2112
3 1 2149
5 2 325
0 1 491
5 3 337
2 0 1947
3 2 55
1 0 1748
5 0 672
2 1 66
0 2 1454
4 0 1897
3 3 938
0 0 85
2 2 938
5 2 731
1 3 734
5 0 846
1 2 865
5 3 872
0 1 663
4 2 676
2 0 1427
4 1 724
2 1 60
3 1 1961
2 3 451
3 2 55
4 0 1468
5 0 403
5 2 455
1 0 1834
0 2 1837
3 3 540
0 0 71
4 2 331
4 1 479
0 1 531
1 1 532
0 3 699
2 0 1811
1 2 630
5 1 1671
4 0 1448
0 0 61
3 1 1841
2 1 196
5 2 492
3 2 58
4 2 377
4 1 380
5 0 859
1 0 1786
3 0 373
0 1 1106
1 3 321
2 2 1166
3 3 996
5 1 1805
1 1 865
0 2 1762
2 0 1726
4 0 1623
0 0 84
2 1 63
3 2 59
5 2 554
5 3 572
1 0 1557
4 2 432
4 1 453
5 0 945
0 1 1368
0 2 1496
1 2 567
0 0 68
2 0 1608
2 2 1619
5 2 322
2 1 53
3 3 1596
4 0 1781
1 1 1530
4 2 319
4 1 332
5 0 1298
0 1 1326
2 2 1100
1 0 2111
0 2 1685
5 1 1935
3 1 3077
0 0 57
1 2 443
2 0 1829
1 1 539
2 1 63
5 2 321
3 2 62
4 0 1862
3 0 500
0 1 1196
4 2 433
5 0 1040
4 1 499
2 2 935
0 2 1720
1 0 2022
0 0 54
2 0 1706
1 2 331
2 1 53
3 1 1952
0 1 668
1 1 899
4 0 2099
3 0 342
2 2 910
5 1 2967
3 3 560
4 2 326
4 1 386
1 0 1670
5 0 331
5 3 374
0 2 1976
2 0 1822
0 0 59
1 2 442
2 1 53
1 1 546
3 1 1955
0 1 685
2 2 632
4 0 1954
3 2 165
1 0 1579
4 2 320
3 3 504
4 1 450
1 1 392
2 0 1652
1 2 456
2 1 51
0 2 1916
0 0 59
5 1 3019
2 2 606
0 1 497
1 0 1604
5 2 321
3 1 2041
5 3 328
5 0 336
4 0 1927
2 0 1566
2 1 201
3 2 199
1 3 768
1 2 843
0 2 1889
4 2 777
4 1 842
0 0 60
5 2 519
3 0 721
2 2 774
5 0 734
0 1 508
1 0 1825
4 0 1765
2 0 1541
2 1 82
3 1 2020
2 2 336
3 2 58
4 2 738
1 3 605
4 1 851
0 2 1911
1 2 770
0 0 54
3 0 594
5 1 2731
0 1 326
4 0 1648
5 0 326
5 2 398
4 1 324
2 0 1954
4 2 400
1 0 1985
2 1 62
3 1 1927
2 2 434
3 2 57
0 2 1948
0 0 56
4 0 1419
1 2 746
3 0 764
1 1 858
3 3 893
5 1 2098
4 1 378
3 2 57
5 2 327
2 0 1876
0 1 1079
5 3 591
1 0 1677
2 1 67
4 3 1061
3 0 685
4 0 1384
0 2 1708
5 0 1080
1 2 472
0 0 68
2 2 1189
1 1 1268
4 2 622
5 2 624
3 1 2041
0 1 1220
3 2 58
2 0 1842
1 0 1767
2 1 81
4 3 1158
5 0 1165
3 0 598
1 3 323
0 2 1882
2 2 409
1 2 481
0 0 55
0 1 327
4 0 2043
5 1 2025
5 2 683
5 0 713
3 1 2259
2 0 2014
4 2 409
4 3 421
1 0 2092
3 2 360
2 1 359
0 2 2053
0 0 61
3 0 677
2 2 671
0 1 417
1 3 324
5 1 2045
0 3 641
1 2 698
5 2 447
5 0 464
4 0 2078
3 1 1685
3 2 79
2 0 1872
2 1 290
1 0 1652
3 0 618
3 3 670
4 2 336
5 1 1438
4 1 456
2 2 701
5 2 425
2 0 1415
1 2 692
3 0 613
2 1 58
5 0 911
4 0 1473
1 1 1069
3 3 1034
5 1 1409
4 2 327
2 2 1066
5 2 329
4 3 929
1 0 1981
3 1 1861
5 0 587
2 0 1449
2 1 59
1 3 438
1 2 462
3 2 63
2 2 446
4 0 1736
3 0 348
5 1 1397
5 2 343
1 0 1398
5 0 532
5 3 540
2 0 1302
4 3 647
4 1 668
2 1 62
3 1 1421
3 2 78
2 2 534
4 0 1282
5 0 443
1 3 709
1 2 747
5 2 608
3 0 651
4 2 320
4 1 329
2 0 1420
2 1 55
1 0 1457
2 2 428
5 1 1676
3 1 1749
3 2 58
5 2 328
1 2 348
4 0 1549
2 0 1471
4 2 322
4 1 331
5 0 1012
2 1 51
1 1 1043
3 3 1048
2 2 421
1 0 1503
5 1 1760
3 1 1899
1 2 448
1 1 513
5 2 322
4 0 1651
2 0 1402
5 0 435
3 2 66
2 1 164
4 3 429
2 3 420
3 0 715
4 1 705
1 0 1539
5 1 1519
2 0 1336
3 1 1476
5 0 322
5 2 337
4 0 1552
3 2 83
5 1 586
3 0 479
2 1 75
3 3 564
4 1 335
3 2 73
5 2 647
4 2 645
2 2 843
5 0 851
2 0 994
2 1 53
3 3 563
5 1 1217
4 0 1186
2 2 577
3 1 1201
5 2 587
4 2 590
5 0 873
4 3 852
2 0 1235
3 2 63
2 1 60
5 1 1194
4 0 1188
3 0 341
5 2 435
2 0 830
3 3 888
2 2 997
4 1 332
5 1 807
3 2 52
5 0 1020
4 0 600
3 1 391
4 3 914
5 2 436
5 3 480
3 3 908
5 0 891
4 2 331
4 0 341
4 3 463
3 1 473
3 0 642
5 2 408
3 3 709
5 0 562
4 0 340
4 2 387
5 3 729
3 2 70
4 1 783
3 1 431
5 0 346
4 0 432
3 0 734
4 2 596
3 2 56
5 2 602
3 3 328
4 1 922
5 3 934
3 0 873
4 0 331
4 2 331
5 0 332
4 1 643
5 2 335
3 2 187
5 3 652
4 1 388
3 3 676
3 1 691
4 0 669
4 3 670
5 2 321
3 2 55
5 0 485
5 1 515
4 1 328
3 3 770
5 0 481
3 1 1010
4 2 591
5 2 595
4 0 829
5 1 805
5 0 320
5 2 321
5 1 322
