0 2 408
0 1 414
0 0 1101
0 0 36
1 2 188
1 0 196
1 1 201
0 2 174
0 1 185
1 0 113
1 2 112
1 3 120
0 0 26
0 1 113
0 2 112
1 0 115
1 1 114
1 2 126
0 0 21
0 2 112
0 1 115
1 3 110
1 0 112
1 2 118
0 0 32
0 1 114
0 2 117
1 0 131
1 2 133
1 1 135
0 0 46
1 2 146
1 0 196
1 1 203
0 2 184
0 1 196
1 0 110
1 1 112
1 2 112
0 0 115
2 1 50
0 1 274
0 2 278
2 2 212
2 0 228
1 0 110
1 1 110
1 2 111
2 1 21
2 3 146
0 0 26
2 0 157
0 1 122
0 2 141
1 0 111
1 1 113
1 2 113
2 1 23
2 0 116
2 2 115
0 0 22
0 1 188
0 2 186
3 2 42
3 0 140
3 1 185
1 1 122
1 0 170
1 2 181
2 1 23
2 2 110
2 0 112
3 2 22
0 0 29
3 0 109
3 1 156
0 1 115
1 3 109
1 2 114
0 2 189
1 0 204
2 1 22
3 2 23
2 2 152
2 0 159
3 3 161
3 1 159
1 0 115
1 3 118
1 1 119
0 0 28
0 1 109
0 2 112
4 3 110
4 0 111
4 1 111
3 2 25
3 1 119
2 1 19
3 3 129
2 0 117
2 2 124
1 2 110
1 0 112
1 1 116
4 0 109
4 3 108
4 2 117
0 0 29
0 3 216
0 1 221
3 1 115
3 0 136
3 3 136
2 1 22
2 3 108
2 0 112
1 1 121
4 2 109
1 2 197
1 0 203
4 1 199
4 0 206
3 2 19
0 0 24
3 0 112
3 1 188
5 2 111
0 1 198
5 0 207
0 2 278
5 1 283
4 2 108
4 1 113
2 1 22
4 0 200
1 2 114
2 2 186
1 1 187
2 0 226
1 0 213
3 2 28
3 0 230
5 0 114
5 2 122
3 1 312
4 1 137
4 2 186
0 0 20
5 1 284
4 0 289
0 1 109
0 2 166
2 1 25
1 3 109
1 2 116
1 0 155
2 2 113
2 0 160
3 2 28
5 0 117
5 2 133
3 0 182
4 2 171
4 1 198
5 1 293
3 1 310
4 0 282
0 0 24
1 2 110
2 1 33
1 1 199
3 2 25
0 1 224
1 0 293
4 2 168
4 1 174
5 2 232
3 0 174
0 2 381
2 2 281
5 0 326
5 1 470
2 0 501
4 0 515
3 1 460
4 0 171
4 2 300
5 2 296
3 2 50
0 0 55
5 3 312
2 1 44
4 3 361
1 2 328
1 0 385
3 0 190
1 1 455
5 0 489
3 1 350
0 1 343
2 2 348
0 2 367
2 0 364
4 1 110
4 2 127
4 0 132
5 0 112
5 2 127
5 1 131
3 2 27
1 3 107
1 0 112
1 2 155
3 3 115
3 0 158
2 1 21
0 0 19
2 2 154
2 0 188
4 2 110
4 1 112
0 1 157
5 2 110
5 0 111
0 2 285
4 0 294
5 1 204
3 0 201
3 3 202
3 1 212
1 2 201
1 0 209
1 1 212
4 2 111
4 1 111
4 0 112
2 1 23
5 2 109
2 2 167
2 0 176
5 0 171
5 1 175
0 0 29
0 2 113
0 1 125
3 2 20
3 3 111
3 1 177
1 3 135
1 2 143
4 2 138
4 1 142
1 0 233
4 0 196
5 0 111
5 3 111
5 2 108
2 1 26
2 3 109
2 0 112
3 2 22
3 3 115
0 0 26
4 2 114
4 1 118
3 1 198
0 1 240
1 3 247
1 2 276
4 0 425
5 0 123
5 2 136
5 3 157
0 2 425
1 0 396
2 1 23
3 2 27
4 2 113
4 1 161
2 2 167
4 0 216
3 0 162
2 0 222
3 3 172
1 2 114
0 0 24
5 2 150
1 1 217
1 0 223
5 0 270
5 1 283
0 1 193
0 2 202
4 2 109
4 0 111
4 1 112
3 2 22
3 3 113
3 1 115
2 1 29
2 2 110
2 0 115
5 1 133
5 0 135
5 2 129
1 3 134
1 1 136
1 0 137
4 1 112
4 2 112
4 0 114
0 0 25
0 2 112
0 1 114
3 2 21
3 0 109
3 1 111
5 2 112
5 0 116
5 3 115
2 1 23
2 3 113
2 0 114
1 1 119
4 2 110
1 2 207
1 0 211
4 1 209
4 0 214
3 3 135
3 0 137
3 1 141
0 0 34
5 2 113
0 1 222
5 0 225
0 2 250
5 1 254
4 2 109
4 1 115
2 1 21
4 0 216
1 2 112
2 2 202
1 1 194
2 0 237
1 0 222
3 2 21
3 3 210
5 2 125
3 1 220
5 0 177
4 1 121
4 2 132
5 1 240
4 0 195
0 0 25
0 1 110
0 2 111
2 1 24
1 2 113
1 1 154
1 0 158
2 0 161
2 2 157
3 2 23
5 0 119
4 2 111
5 1 301
5 3 301
3 0 311
3 1 314
4 1 299
4 0 300
0 0 26
1 2 160
2 1 25
3 2 27
1 1 254
1 0 267
5 2 205
4 2 203
0 1 326
0 2 335
5 3 301
4 1 300
5 0 343
3 0 259
2 2 325
2 0 449
4 0 468
3 1 423
3 2 29
4 1 211
4 2 212
5 2 208
5 0 241
1 2 283
2 1 34
0 0 38
1 1 317
4 0 350
3 0 209
5 1 396
1 0 409
3 3 357
2 0 291
0 2 297
0 1 302
2 2 303
4 1 114
4 3 132
4 0 134
5 2 118
5 0 144
5 1 147
3 2 23
1 3 138
1 2 178
1 0 178
3 0 151
3 1 154
2 1 20
2 0 116
2 2 115
0 0 24
4 2 112
0 2 241
0 1 249
4 0 233
4 3 264
5 2 114
5 3 112
5 0 166
3 2 34
1 3 112
3 0 207
3 1 213
1 2 211
1 0 213
4 3 141
4 0 145
4 2 144
2 1 19
5 2 111
2 2 163
2 0 168
5 0 167
5 1 171
0 0 23
0 3 111
0 1 115
3 2 22
3 0 159
3 1 160
1 1 116
4 2 113
1 2 209
1 0 210
4 1 188
4 0 191
5 2 111
5 1 111
5 0 111
2 1 20
2 0 116
2 2 111
3 2 20
0 0 27
3 0 137
4 2 131
3 3 241
1 2 113
4 0 239
0 2 294
4 3 344
1 0 289
0 1 373
5 2 118
1 1 357
5 1 168
5 0 244
2 1 25
4 1 139
3 0 146
4 0 274
4 3 277
2 2 288
2 0 289
3 3 259
3 1 275
1 2 157
0 0 29
1 3 195
5 2 153
5 0 177
1 0 286
0 1 177
5 1 267
0 2 246
4 2 109
4 0 109
4 1 110
3 2 21
3 0 147
3 1 146
2 1 26
2 2 138
2 0 144
5 0 135
5 2 134
5 1 179
1 2 113
1 3 136
1 0 158
4 1 113
4 0 111
4 2 113
0 0 19
0 2 151
0 1 152
3 2 23
3 0 109
3 1 110
5 2 108
5 3 110
5 0 113
2 1 35
2 0 122
2 2 121
1 2 241
1 1 244
1 0 260
4 1 253
4 3 202
4 0 257
3 2 19
0 0 23
3 3 140
3 1 143
5 2 111
0 1 315
5 0 319
0 2 334
5 1 345
2 1 26
4 1 131
4 2 135
2 2 113
1 2 133
1 3 133
4 0 308
2 0 302
1 0 284
3 2 23
3 0 141
5 0 149
5 2 155
3 1 224
4 3 121
4 2 125
5 1 266
4 0 187
0 0 26
0 1 110
0 2 111
2 1 24
1 3 111
1 2 112
1 0 155
2 2 116
2 0 159
3 2 26
5 2 115
3 0 169
5 1 177
4 0 171
4 1 171
5 0 283
3 3 298
4 3 279
0 0 23
1 2 119
2 1 22
3 2 27
5 2 208
4 2 216
1 1 330
1 0 415
0 2 435
0 1 456
5 0 521
5 1 531
4 3 531
2 0 530
4 0 555
2 2 550
3 3 495
3 1 501
4 2 159
4 1 172
4 0 242
3 2 25
5 2 198
1 2 241
0 0 25
2 1 27
5 0 296
3 0 151
1 1 330
5 1 358
1 0 372
0 2 276
2 0 284
3 3 365
0 1 345
2 2 340
4 1 110
4 0 110
4 2 113
5 2 108
5 1 110
5 0 114
3 2 18
3 1 109
3 3 110
2 1 20
2 2 109
2 0 113
0 0 25
0 1 117
4 2 111
4 1 113
0 2 221
4 0 248
5 2 111
5 0 115
5 1 171
3 0 111
3 1 117
3 3 117
4 0 109
4 1 111
4 3 111
2 1 23
2 0 145
2 2 187
5 2 112
5 3 109
0 0 21
5 0 199
0 2 111
0 1 150
3 2 23
3 0 108
3 1 113
4 2 108
4 0 109
4 1 109
5 0 109
5 2 110
5 3 109
2 1 21
2 2 110
2 0 112
3 2 21
3 3 109
3 0 113
0 0 20
0 2 111
0 1 118
5 2 110
5 0 114
5 3 111
2 1 19
3 2 22
2 0 152
2 2 151
3 1 157
3 3 152
0 0 24
5 2 109
5 3 117
5 0 152
0 2 139
0 1 182
3 2 20
3 3 109
3 1 113
2 1 21
2 2 111
2 0 115
5 2 108
5 0 110
5 1 112
0 0 23
0 1 110
0 2 110
2 1 21
5 0 112
5 2 149
5 1 155
2 3 148
2 0 157
0 0 31
0 3 111
5 2 108
5 1 114
0 1 195
5 0 201
2 1 20
2 0 111
2 2 109
2 1 18
2 2 108
2 0 110
2 1 18
2 2 109
2 0 110
