0 0 341
1 2 395
0 2 819
1 1 612
0 1 868
1 0 659
0 0 94
1 2 342
0 1 380
1 3 356
1 0 609
0 2 646
0 0 57
1 2 300
1 1 413
1 0 423
0 1 425
0 2 416
1 2 287
1 0 293
1 3 285
0 0 52
0 2 392
0 1 391
1 1 293
1 0 294
1 2 302
0 0 59
0 2 395
0 1 396
1 2 299
1 1 333
1 0 338
2 1 228
0 0 225
1 2 304
2 2 852
2 0 865
0 1 878
0 2 865
2 1 72
1 1 912
0 0 62
1 0 1139
2 3 450
1 2 294
0 1 428
2 0 909
1 1 493
0 2 782
1 0 699
2 1 50
0 0 59
1 2 291
2 0 736
2 2 751
0 1 812
0 2 816
1 0 953
1 1 955
2 1 89
0 0 57
1 2 292
2 2 797
2 0 831
1 0 918
1 1 917
0 2 914
2 1 79
0 1 937
0 0 56
1 3 314
1 2 327
2 2 471
0 1 393
2 0 794
1 0 789
2 1 52
0 2 837
2 2 330
0 0 54
2 0 449
1 3 285
1 1 584
1 0 715
0 1 637
2 1 108
3 2 94
0 2 767
2 3 320
3 0 312
0 0 55
1 1 546
2 0 933
1 2 654
3 1 925
0 1 399
3 2 58
1 0 830
0 3 536
2 1 57
3 0 717
0 0 54
3 1 786
1 2 630
3 2 50
1 1 783
2 2 815
1 0 1084
2 0 1079
2 1 53
0 1 815
1 2 303
3 3 781
3 1 1062
0 2 1231
1 1 738
0 0 56
2 2 731
3 2 44
1 0 1090
2 0 1078
2 1 63
0 1 632
1 3 291
1 2 294
3 3 639
2 2 564
0 2 1097
0 0 49
0 1 286
1 0 1070
2 0 1071
3 1 1263
2 1 58
0 2 880
2 2 534
1 2 368
0 0 52
3 0 522
2 0 947
2 1 73
1 1 810
3 3 882
1 0 1012
0 1 1042
3 1 1360
0 2 1220
1 2 593
2 2 992
0 0 63
3 2 49
4 1 496
2 0 1307
1 1 978
2 1 53
3 0 372
1 0 1270
4 3 1099
0 1 931
2 2 666
1 3 285
1 2 290
4 0 1617
0 2 1511
0 0 53
2 0 1295
3 1 1607
2 1 71
3 2 67
0 1 440
1 0 1155
3 0 302
4 2 438
4 3 456
2 3 611
1 1 291
1 2 292
0 2 1281
0 0 45
4 0 1239
0 1 286
2 0 1523
3 1 1578
3 2 59
4 2 287
4 1 446
1 0 1278
2 1 54
2 2 299
1 3 285
3 0 606
0 2 1173
0 0 47
1 2 451
0 1 287
4 0 1567
1 0 1210
3 1 1582
4 2 287
3 2 50
2 0 1514
4 1 334
0 2 1208
2 1 63
0 0 51
3 0 635
1 3 389
1 2 483
5 2 382
2 2 691
0 1 737
5 0 663
4 0 1570
1 0 1369
4 2 403
3 1 1783
4 1 407
3 2 49
2 0 1778
0 2 1733
2 1 58
0 0 59
3 0 385
5 1 1849
2 3 288
1 2 402
5 2 289
1 1 640
0 1 685
5 0 547
4 0 1722
4 2 287
4 1 290
3 1 1731
3 2 70
2 0 1700
1 0 1750
0 2 1786
3 0 310
5 1 1633
0 0 55
3 3 565
2 1 64
1 3 464
5 2 360
4 0 1409
3 0 356
4 2 288
1 1 1208
4 1 362
2 2 1127
0 1 1393
1 0 1586
5 0 1256
3 3 988
0 2 1626
2 0 1503
0 0 53
5 1 1536
2 1 58
1 2 296
5 2 290
4 0 1695
0 1 996
3 1 2157
4 2 285
3 2 52
5 0 1067
1 1 1243
0 2 1627
2 2 1281
0 0 55
1 0 1681
4 3 1212
5 1 1740
2 0 1899
4 0 1484
2 1 62
3 3 1124
5 2 288
1 2 462
5 3 465
0 1 1046
4 2 288
4 1 303
0 2 1215
0 0 59
3 1 1998
1 1 1284
5 0 1196
1 0 1350
2 2 1127
3 2 61
1 2 302
2 0 1521
2 1 61
0 1 789
5 2 287
4 0 1624
0 2 1309
1 1 1024
0 0 62
4 2 287
3 3 1224
4 1 441
1 0 1426
5 0 1281
0 3 501
2 2 1280
1 2 345
0 1 815
5 1 1705
2 0 1611
1 1 587
3 1 2005
2 1 62
0 0 57
5 2 421
4 0 1498
3 2 63
1 0 1238
4 2 297
5 0 886
4 1 546
2 2 968
3 0 620
0 1 991
1 2 594
2 0 1435
3 3 953
5 1 1581
1 1 813
2 1 170
4 0 1497
0 2 1706
1 0 1275
3 2 56
5 2 317
0 0 64
2 2 794
5 0 801
4 1 547
4 2 572
1 2 533
1 3 569
3 3 837
0 1 752
2 0 1749
2 1 49
5 1 1830
4 0 1551
3 1 1718
0 2 1780
1 0 1795
2 2 436
0 0 66
3 2 67
5 2 516
5 0 553
4 2 535
5 3 707
4 1 778
0 1 485
2 0 1139
1 3 289
2 1 49
4 0 1104
3 0 854
5 2 391
1 2 753
5 0 552
4 2 385
2 2 550
5 3 712
4 1 648
0 2 1605
3 1 1539
0 0 60
1 0 1691
2 0 1388
5 2 295
3 0 293
4 0 1318
2 1 53
4 2 404
4 1 550
1 2 438
5 0 1233
3 3 1249
0 1 1273
2 2 1185
1 1 868
0 2 1772
5 1 1834
4 0 1439
0 0 54
3 1 1894
2 0 1626
2 1 60
4 1 300
3 2 60
1 0 1836
5 2 639
4 2 641
0 1 841
1 2 292
5 0 1009
2 2 1149
4 0 1395
3 3 970
1 1 807
0 2 1751
4 2 284
4 1 290
0 0 51
5 1 1820
2 0 1690
2 1 52
3 1 1732
5 2 288
5 3 294
0 1 538
1 0 1799
3 2 47
5 0 835
2 2 817
4 0 1267
1 3 321
4 2 392
1 2 683
0 2 1494
2 0 1335
3 0 719
0 0 176
5 0 462
2 1 64
4 1 707
5 2 486
0 1 697
2 2 579
4 0 1409
1 0 1821
3 1 1786
3 2 55
4 2 286
4 1 429
5 1 1848
0 2 1617
1 3 286
3 0 698
0 0 64
1 2 579
2 0 1865
5 2 384
2 1 46
4 0 1365
5 0 764
0 1 690
2 2 556
4 2 283
4 1 290
3 1 1794
3 2 49
1 0 1833
5 1 1613
3 3 289
3 0 289
0 2 1755
4 0 1262
2 0 1624
0 0 54
2 1 60
5 3 536
3 2 56
5 0 644
4 2 286
1 2 818
1 1 907
4 1 816
0 1 936
3 0 758
2 2 851
5 1 1614
2 0 1442
2 1 51
1 0 1734
0 2 1755
4 0 1762
0 0 62
3 1 1709
3 2 51
5 2 609
2 2 776
5 3 745
1 3 698
5 0 842
0 1 785
4 2 712
1 2 996
2 0 1181
4 1 956
2 1 51
3 0 858
5 2 287
5 0 540
2 2 538
1 0 1669
0 2 1667
4 0 1665
0 0 50
3 1 1737
3 2 61
0 1 595
1 3 292
5 1 1368
4 3 469
4 1 692
5 2 288
5 0 298
1 2 778
3 0 781
2 0 1832
2 1 46
2 2 290
0 2 1731
0 0 47
4 0 1768
5 1 1340
0 1 291
3 1 1887
1 0 1894
3 2 61
2 0 1317
5 2 322
0 2 885
2 1 73
4 2 323
5 3 615
0 0 67
5 0 886
3 0 825
1 2 819
1 0 855
0 3 516
4 0 1065
3 3 1286
5 2 286
2 0 1144
5 1 512
3 0 292
4 3 1689
3 1 315
2 2 1614
1 1 1711
2 1 67
0 1 1629
1 2 314
5 0 1540
2 0 703
4 2 296
1 0 760
5 2 284
4 0 798
3 3 1693
5 1 578
1 1 1334
2 2 1561
4 3 1178
5 0 1128
3 2 280
2 1 101
3 0 495
5 0 308
2 3 579
4 1 295
3 1 978
5 2 650
3 2 49
4 2 528
2 0 1015
3 0 292
5 1 1004
2 1 51
4 0 1125
5 2 369
5 0 518
3 1 994
4 2 294
3 2 52
2 2 836
5 1 1100
4 3 750
3 3 635
4 0 1059
5 2 299
2 0 1297
5 0 371
2 1 52
3 1 967
5 1 1029
2 2 627
3 2 54
4 1 349
4 3 522
5 2 285
2 0 1047
5 0 370
3 0 576
2 1 57
4 0 874
5 3 528
3 1 805
2 2 299
3 2 90
2 0 589
3 0 540
3 3 543
5 0 546
4 1 522
5 2 548
4 2 548
5 1 614
4 0 605
3 2 70
4 1 412
4 2 639
5 2 641
5 0 689
3 3 578
4 0 919
5 1 938
3 1 831
4 1 309
5 2 290
3 2 53
4 0 547
5 1 549
3 0 293
4 3 631
5 0 692
3 3 752
5 0 496
4 1 304
5 2 606
3 2 53
4 2 465
5 1 571
3 3 353
4 0 703
5 2 339
5 0 469
4 2 331
3 1 810
4 3 409
5 1 752
4 0 730
5 2 289
3 0 301
5 0 632
4 1 293
5 1 655
3 3 687
3 1 697
5 2 298
4 3 826
4 0 828
3 2 67
5 0 587
5 1 706
3 0 297
3 1 553
5 3 294
4 0 412
3 2 55
4 2 565
5 2 568
4 3 625
3 0 307
5 0 710
3 3 495
3 2 51
5 3 291
4 2 462
5 0 452
3 1 306
5 2 463
3 3 437
4 0 1228
5 2 388
5 0 423
3 2 58
4 1 1328
5 3 608
3 3 313
4 2 285
3 1 464
4 1 344
4 0 456
5 2 295
5 3 290
5 0 299
4 0 290
4 1 292
4 2 296
5 2 286
4 1 295
5 1 437
5 0 438
4 0 441
4 3 441
5 0 293
5 2 362
5 1 368
4 1 288
4 2 363
4 0 368
5 2 283
5 0 289
5 1 289
