0 0 261
0 2 302
0 1 312
0 0 24
0 2 78
0 1 80
0 0 26
0 1 78
0 2 76
0 0 22
0 2 81
0 1 84
0 0 19
0 1 77
0 2 78
0 0 45
1 1 150
1 0 152
1 2 175
0 2 158
0 1 151
1 0 78
1 2 77
1 3 87
0 0 22
0 1 77
0 2 82
1 0 78
1 2 78
1 1 83
2 1 38
0 0 36
2 2 136
2 0 138
0 2 140
0 1 143
1 3 74
1 2 77
1 0 81
2 1 18
2 3 73
2 0 76
0 0 27
0 1 75
0 2 74
1 0 77
1 1 75
1 2 76
2 1 16
2 2 74
2 0 76
0 0 19
0 2 75
0 1 73
1 0 75
1 1 76
1 2 79
2 1 25
2 2 79
2 0 84
1 0 75
1 2 74
1 1 75
0 0 18
0 1 74
0 2 75
2 1 17
2 2 73
2 0 77
1 1 76
1 0 75
1 2 76
0 0 15
0 1 74
0 3 73
2 1 16
2 2 102
2 0 102
1 2 75
1 1 104
1 0 105
0 0 14
0 2 74
0 1 75
3 2 16
3 0 75
3 1 77
2 1 15
1 2 76
1 1 75
1 0 97
2 3 73
2 0 101
3 2 17
3 0 75
3 1 76
0 0 17
0 2 74
0 1 74
1 3 73
1 2 74
1 0 75
2 1 16
2 2 73
2 0 76
3 2 15
3 3 73
3 1 75
0 0 17
1 3 74
1 0 141
0 2 143
1 1 149
0 1 148
2 1 15
2 2 74
2 0 75
3 2 16
3 3 74
3 1 76
1 1 74
1 0 76
1 2 74
0 0 17
0 1 76
0 2 76
2 1 19
3 0 78
2 0 136
2 2 138
3 1 133
3 3 133
1 1 76
1 2 76
1 0 78
3 2 17
3 0 74
3 1 75
2 1 63
0 0 16
2 2 169
2 0 173
0 2 132
0 1 148
4 1 77
4 3 97
4 0 105
1 0 75
1 2 75
1 1 75
3 2 19
3 0 74
3 1 74
4 2 74
4 3 73
4 0 75
2 1 15
2 0 75
2 2 75
0 0 16
0 2 73
0 1 73
1 3 73
1 2 73
1 0 74
3 2 17
3 0 74
3 1 74
4 2 73
4 1 74
4 0 74
2 1 15
2 2 73
2 0 75
0 0 86
3 2 22
4 2 74
4 1 100
0 1 205
1 1 139
0 2 216
1 2 206
3 0 194
4 0 252
1 0 269
3 1 254
2 1 14
2 3 81
4 1 75
2 0 122
4 0 123
4 2 122
3 2 13
3 0 1580
0 0 50
2 1 52
3 2 59
4 2 107
1 2 221
1 1 228
0 1 207
4 1 233
3 0 221
4 0 276
3 3 262
2 0 307
2 2 306
0 2 308
1 0 313
1 3 74
1 2 74
1 0 74
4 0 74
4 2 74
4 1 74
3 0 74
3 3 74
3 1 75
2 1 14
2 2 78
2 0 80
0 0 14
0 2 73
0 1 73
1 2 75
1 1 75
1 0 77
4 2 74
4 0 76
4 3 76
3 2 15
3 3 75
3 1 75
2 1 15
2 3 77
2 0 78
0 0 19
4 2 130
4 1 145
0 1 81
4 0 163
1 3 111
1 2 119
1 0 175
0 2 168
3 2 15
3 3 74
3 1 74
4 2 74
4 1 74
4 0 75
2 1 16
2 2 76
2 0 76
1 3 73
1 2 75
1 0 76
0 0 16
3 2 18
0 2 148
0 1 171
3 0 152
5 1 74
5 2 74
3 3 234
5 0 138
4 1 81
4 2 79
4 0 83
2 1 17
1 2 77
1 1 123
1 0 130
2 2 125
2 0 132
3 2 14
3 1 90
3 3 92
5 0 96
4 1 78
5 2 112
4 2 118
5 1 149
4 0 138
0 0 15
0 2 74
0 1 79
1 3 72
1 1 74
1 0 76
2 1 28
3 2 21
4 2 119
4 1 116
5 2 118
2 2 138
3 0 119
5 0 139
4 0 204
2 0 242
5 1 266
3 1 256
0 0 18
0 1 76
0 2 74
4 0 76
4 2 77
4 1 78
5 2 117
1 2 123
3 0 125
5 0 234
2 1 15
5 1 200
1 0 214
1 1 212
3 3 210
3 1 217
2 2 113
2 0 127
4 1 75
4 2 78
4 0 83
5 2 75
5 0 78
5 3 79
0 0 27
3 2 17
0 1 120
0 2 148
1 2 77
3 3 163
3 1 174
1 1 141
1 0 153
2 1 16
2 0 75
2 2 75
4 2 74
4 0 75
4 1 75
5 1 74
5 0 76
5 2 76
3 2 15
3 1 77
3 0 79
1 2 77
1 0 80
1 1 80
0 0 19
0 3 73
0 1 77
4 2 79
4 1 88
4 0 92
2 1 20
2 0 95
2 2 102
5 2 73
5 1 79
5 0 86
3 2 59
3 0 119
3 1 84
1 1 79
4 2 77
1 2 136
1 0 140
4 1 138
4 0 140
0 0 23
5 2 83
5 0 123
5 1 130
0 2 133
0 1 134
2 1 17
2 2 79
2 0 79
3 2 14
3 3 73
3 0 76
4 0 78
4 2 75
4 1 77
1 1 75
1 0 75
1 2 76
5 3 74
5 0 75
5 2 79
0 0 26
2 1 29
3 2 29
4 2 84
4 1 143
0 1 152
2 2 152
3 0 142
4 0 250
0 2 275
2 0 295
3 1 287
1 0 80
5 0 78
1 2 116
1 3 121
5 3 116
5 2 121
4 2 73
4 1 74
4 0 75
3 2 16
3 0 73
3 1 74
2 1 15
2 0 73
2 2 74
0 0 17
0 1 104
0 2 105
5 2 75
5 0 107
5 1 110
1 2 74
1 0 76
1 3 76
4 0 76
4 2 77
4 1 77
3 2 15
3 0 73
3 1 76
5 0 75
5 1 75
5 2 77
2 1 18
2 2 75
2 0 75
4 1 108
4 0 110
4 3 113
0 0 17
1 2 108
1 0 171
1 1 174
0 2 137
0 1 141
3 2 16
3 3 72
3 0 73
5 0 74
5 2 75
5 3 74
4 2 73
4 3 74
4 0 75
2 1 18
2 2 76
2 0 77
1 1 73
1 2 75
1 0 77
0 0 18
3 0 75
0 1 138
0 2 146
3 3 151
3 1 158
5 2 73
5 0 109
5 1 109
4 2 74
4 3 85
4 0 91
2 1 16
1 3 74
1 2 78
2 2 77
1 0 144
2 0 146
3 2 22
3 0 87
5 0 79
5 2 112
4 1 90
3 1 154
4 2 116
5 1 184
4 0 172
0 0 16
0 1 75
0 2 80
1 3 73
1 0 73
1 2 74
2 1 59
3 2 26
4 2 111
4 3 196
3 0 148
5 3 149
4 0 232
2 2 218
5 0 201
2 0 291
5 1 271
3 1 271
0 0 15
0 2 75
0 1 77
4 0 75
4 1 76
4 3 74
5 2 104
3 2 18
5 3 129
5 0 145
1 2 133
1 0 148
3 1 124
1 1 188
2 1 16
3 3 164
2 0 74
2 2 93
4 0 74
4 2 74
4 1 74
5 0 74
5 2 75
5 1 76
0 0 15
3 2 15
0 1 111
0 2 152
3 0 124
1 3 72
1 2 95
3 1 190
1 0 138
2 1 15
2 0 74
2 2 74
4 2 73
4 1 75
4 0 76
5 1 73
5 2 73
5 0 73
3 2 14
3 3 73
3 0 73
1 2 73
1 0 74
1 3 75
0 0 18
0 1 100
0 2 110
4 1 76
4 3 99
4 0 111
2 1 13
2 0 76
2 2 78
5 0 76
5 3 75
5 2 75
3 2 14
3 1 74
3 3 74
1 1 100
4 2 74
1 0 167
1 2 167
4 0 146
4 1 147
0 0 17
5 2 73
5 0 127
5 1 129
0 2 130
0 1 142
2 1 17
2 0 75
2 2 76
3 2 14
3 0 72
3 3 73
4 2 73
4 0 74
4 3 75
1 2 74
1 0 77
1 1 74
5 2 73
5 1 73
5 0 74
0 0 18
2 1 24
3 2 19
4 1 79
4 3 218
4 0 229
0 2 263
0 1 267
2 2 269
3 3 264
2 0 276
3 1 276
5 0 95
5 1 75
5 2 73
4 2 73
4 0 74
4 3 74
3 0 73
3 3 74
3 1 76
2 1 15
2 0 74
2 2 76
0 0 17
0 2 74
0 1 74
5 2 74
5 1 76
5 0 77
4 2 74
4 1 75
4 0 77
3 2 13
3 0 72
3 1 74
5 2 73
5 1 73
5 0 80
2 1 14
2 3 72
2 0 85
4 2 73
4 0 76
4 1 83
0 0 20
0 1 74
0 3 77
3 0 73
5 0 74
4 0 747
3 2 1118
2 1 63
2 2 106
2 0 130
5 2 1002
4 2 889
3 3 1223
5 3 1026
4 1 938
3 2 18
4 1 81
5 2 73
4 0 162
4 3 164
3 3 187
3 1 195
5 1 205
5 0 206
2 1 20
2 0 81
2 2 82
4 2 74
4 1 75
4 0 76
3 2 15
5 2 73
5 0 109
5 1 112
3 3 105
3 1 110
2 1 14
2 2 76
2 0 77
5 2 73
5 1 76
5 0 76
5 1 75
5 0 75
5 2 73
5 0 74
5 1 75
5 2 75
5 0 74
5 2 74
5 1 75
5 0 74
5 2 75
5 1 76
5 3 75
5 0 75
5 2 77
5 3 72
5 2 73
5 0 74
5 3 82
5 2 82
5 0 83
5 2 74
5 3 73
5 0 76
5 1 74
5 0 76
5 2 74
5 2 73
5 0 74
5 1 76
5 2 73
5 0 77
5 1 79
