0 0 253
0 2 269
0 1 274
0 0 15
0 2 42
0 1 56
0 0 16
0 1 42
0 2 40
0 0 15
0 2 44
0 1 45
0 0 15
0 2 40
0 1 49
0 0 19
0 1 48
0 2 48
1 1 42
1 0 43
1 2 56
0 0 12
0 1 40
0 2 40
1 2 42
1 0 44
1 3 61
0 0 17
0 2 40
0 1 41
1 0 40
1 2 40
1 1 41
0 0 14
0 1 42
0 2 41
1 3 41
1 0 41
1 2 40
0 0 17
0 2 42
0 1 44
1 0 76
1 1 77
1 2 78
1 0 39
1 1 39
1 2 40
0 0 13
0 2 40
0 1 41
1 1 40
1 0 41
1 2 40
0 0 12
0 3 39
0 1 39
2 1 10
2 2 39
2 0 41
1 0 40
1 1 39
1 2 42
3 2 13
3 0 41
3 1 43
0 0 13
0 2 39
0 1 40
2 1 11
2 0 41
2 3 42
1 2 39
1 1 39
1 0 40
3 2 12
3 0 40
3 1 40
2 1 11
2 2 39
2 0 40
0 0 10
0 2 38
0 1 38
3 2 10
3 1 41
3 3 41
1 2 40
1 0 52
1 1 57
2 1 9
2 2 39
2 0 43
3 2 11
3 3 40
3 1 43
0 0 9
1 3 38
1 2 41
1 0 55
0 1 40
0 2 55
3 3 38
3 0 39
3 1 40
2 1 9
2 2 37
2 0 39
1 0 39
1 1 40
1 3 40
0 0 10
0 1 38
0 2 37
3 2 9
3 0 38
3 1 40
4 1 40
4 3 40
4 0 41
1 2 64
1 1 64
2 1 11
1 0 65
2 2 43
2 0 48
0 0 10
0 1 38
0 2 38
3 2 9
3 0 39
3 1 52
4 3 39
4 2 43
4 0 53
1 0 38
1 1 39
1 2 38
2 1 10
2 3 37
2 0 40
4 0 39
4 1 38
4 2 38
3 2 9
3 0 38
3 1 39
0 0 9
0 1 39
0 2 38
1 0 38
1 2 38
1 1 38
2 1 10
2 2 39
4 1 39
4 2 39
2 0 65
4 0 67
3 2 9
3 0 38
3 1 38
0 0 9
0 1 38
0 2 38
1 3 37
1 2 42
1 0 49
4 0 52
4 2 52
4 1 59
2 1 9
2 2 38
2 0 41
3 2 12
3 0 39
3 1 41
4 2 38
4 1 39
4 0 39
1 0 39
1 1 39
1 2 39
0 0 11
0 2 38
0 1 38
3 2 9
3 0 39
3 3 37
2 1 9
2 2 38
2 0 39
4 0 38
4 1 38
4 2 38
1 0 38
1 2 38
1 1 39
3 3 37
3 0 39
3 1 40
0 0 11
0 1 47
0 2 48
4 2 38
4 3 48
4 0 52
2 1 8
2 2 38
2 0 38
1 3 37
1 2 38
1 0 39
3 2 9
3 3 37
3 1 47
4 2 38
4 1 40
4 0 48
0 0 9
0 2 38
0 1 38
2 1 11
2 2 38
2 0 38
3 2 12
4 2 40
1 1 60
4 1 67
4 0 70
1 2 70
1 0 73
3 3 59
3 1 91
2 1 12
2 2 39
4 1 39
4 2 40
0 0 9
4 0 69
2 0 84
0 1 38
0 2 51
3 2 9
3 3 38
3 0 38
1 0 38
1 3 38
1 2 40
4 2 38
4 0 39
4 1 39
2 1 9
2 3 37
2 0 39
3 2 10
3 3 38
3 1 40
0 0 10
0 1 39
1 3 37
1 2 40
0 2 59
1 0 68
4 2 38
4 0 39
4 1 40
3 2 7
3 1 40
3 0 41
2 1 9
5 2 38
2 2 60
2 0 67
5 1 63
5 0 65
1 0 39
1 1 39
1 2 39
4 0 39
4 2 38
4 1 40
0 0 9
0 1 37
0 2 39
3 3 38
3 1 38
3 0 39
5 0 38
5 1 38
5 2 38
4 0 38
4 1 38
4 2 38
2 1 11
1 3 36
2 0 69
2 2 71
1 0 72
1 1 74
0 0 12
0 1 38
0 2 40
3 2 10
5 2 42
4 1 38
4 2 45
5 0 74
3 3 75
3 1 90
5 1 95
4 0 86
1 2 38
1 0 38
1 1 38
2 1 11
2 3 37
2 0 40
4 1 40
4 2 41
4 0 45
5 0 41
5 2 43
5 1 47
3 2 9
3 0 37
3 1 39
0 0 10
0 3 37
0 1 38
1 2 38
1 1 38
1 0 38
2 1 11
2 2 38
4 1 39
4 2 40
2 0 66
4 0 67
5 0 38
5 2 39
5 3 38
3 2 10
3 0 39
3 1 38
0 0 9
0 1 38
0 2 41
4 2 38
1 1 42
4 1 63
4 0 67
1 2 66
1 0 69
5 1 38
5 2 37
5 0 39
2 1 9
2 2 38
2 0 38
3 2 10
3 3 37
3 0 38
4 2 38
4 1 38
4 0 39
5 2 38
1 2 41
5 1 60
5 0 62
1 1 66
1 0 67
0 0 9
0 1 38
0 2 38
3 2 10
3 0 39
3 1 40
2 1 11
2 0 39
2 2 39
4 2 38
4 1 39
4 0 41
5 2 37
5 1 37
5 0 38
1 0 39
1 2 38
1 1 39
3 2 8
3 0 38
3 1 39
0 0 10
0 1 39
0 2 47
4 2 39
4 1 40
4 0 50
2 1 10
2 2 38
2 0 39
5 3 37
5 2 38
5 0 38
1 3 37
1 0 38
1 2 38
3 2 8
3 0 45
3 1 48
4 3 39
4 1 49
4 0 50
0 0 10
5 3 38
5 2 38
0 2 39
5 0 57
2 1 10
0 1 72
2 0 39
2 2 49
4 2 51
4 3 62
4 0 71
3 2 16
1 3 54
1 0 56
3 3 52
1 2 80
3 0 92
5 1 38
5 0 39
5 2 40
2 1 12
4 2 38
2 2 67
0 0 19
4 3 77
2 0 87
4 0 84
0 2 55
0 1 58
3 0 38
3 3 38
3 1 39
1 1 39
1 0 40
1 2 41
5 1 37
5 0 39
5 2 38
4 0 39
4 1 39
4 2 41
2 1 9
2 2 38
2 0 39
3 2 8
3 1 38
3 0 38
0 0 8
1 2 39
0 1 60
0 2 67
1 1 62
1 0 70
5 3 38
5 0 39
5 2 41
4 3 37
4 0 38
4 2 42
3 2 9
3 1 38
3 0 38
2 1 9
5 2 37
2 2 58
2 0 61
5 0 60
5 1 61
1 2 38
1 0 38
1 3 37
4 1 38
4 0 37
4 3 39
0 0 17
0 2 38
0 1 38
3 2 28
3 3 56
3 1 39
5 1 38
5 0 39
5 2 44
4 1 38
4 0 38
4 2 69
2 1 13
1 3 39
1 2 41
2 2 42
2 0 70
1 0 74
0 0 10
0 1 39
0 2 40
3 2 11
5 0 42
4 2 40
5 3 72
3 0 76
5 1 90
3 1 98
4 0 92
4 1 92
1 1 38
1 0 38
1 2 38
2 1 9
2 2 38
2 0 38
4 3 38
4 0 38
4 1 39
5 3 38
5 0 40
5 2 45
3 2 9
3 3 38
3 0 40
0 0 8
0 1 37
0 2 38
1 3 37
1 2 37
1 0 37
2 1 9
4 2 38
2 2 39
4 1 38
2 0 69
4 0 72
5 2 37
5 0 38
5 1 38
3 2 9
3 3 37
3 1 38
0 0 10
0 1 38
0 2 39
4 3 38
1 2 41
4 2 56
4 0 60
1 3 60
1 0 63
5 2 38
5 0 38
5 1 40
2 1 9
2 2 38
2 0 40
3 2 8
3 3 37
3 0 37
4 1 38
4 3 37
4 0 37
5 2 38
1 0 39
5 3 59
5 0 65
1 1 68
1 2 73
0 0 10
0 2 38
0 1 38
3 2 8
3 3 38
3 1 40
2 1 9
2 2 37
2 0 39
4 3 37
4 2 38
4 0 39
5 1 37
5 2 37
5 0 37
1 1 38
1 2 38
1 0 38
3 3 37
3 0 38
3 1 39
0 0 8
0 1 40
0 2 47
4 2 38
4 1 39
4 0 52
2 1 8
2 2 37
2 0 39
5 2 38
5 0 38
5 1 38
3 2 8
3 0 52
4 2 40
3 1 59
4 1 57
4 0 58
0 0 11
5 2 39
5 1 40
0 3 39
5 0 60
2 1 9
0 1 71
2 0 39
2 2 46
4 0 38
4 1 39
4 2 38
3 2 9
3 0 38
3 3 37
5 1 38
5 2 38
5 0 38
2 1 10
4 1 39
4 3 66
4 0 67
2 2 69
2 0 73
3 2 9
3 3 37
3 1 39
5 1 37
5 2 37
5 0 37
4 0 38
4 1 37
4 2 38
2 1 11
2 2 38
2 0 38
3 2 8
3 3 37
3 1 38
5 2 39
5 3 38
5 0 40
2 1 9
5 2 39
2 2 61
2 0 63
5 1 63
5 0 64
5 1 37
5 0 39
5 2 38
2 1 10
2 2 38
2 0 38
5 2 37
5 0 38
5 1 39
2 1 12
2 3 37
2 0 39
5 2 37
5 0 38
5 1 37
2 1 10
2 2 37
2 0 39
5 2 37
5 1 37
5 0 38
5 0 38
5 2 37
5 1 39
2 1 10
2 2 39
2 0 40
5 2 37
5 0 38
5 1 39
2 1 9
2 2 38
2 0 39
5 3 37
5 0 38
5 2 38
5 3 38
5 2 38
5 0 39
5 3 37
5 2 37
5 0 39
5 3 38
5 0 39
5 2 40
5 2 37
5 0 39
5 1 38
5 2 37
5 1 37
5 0 39
5 2 38
5 0 38
5 1 39
