0 0 326
0 2 648
0 1 654
0 0 69
0 1 366
0 2 365
0 0 85
1 2 397
1 0 449
1 1 480
0 2 570
0 1 578
1 0 369
1 2 369
1 3 376
0 0 66
0 1 362
0 2 360
1 0 371
1 1 370
1 2 372
2 1 91
0 0 82
1 3 497
1 2 514
2 2 858
0 1 848
3 2 64
2 0 1005
0 2 1102
2 1 151
0 0 71
3 0 496
2 3 524
0 1 466
1 0 1986
3 1 1534
2 0 1395
3 2 78
0 2 1329
0 0 84
2 1 65
3 0 723
1 2 676
0 1 940
1 1 963
3 1 1364
3 2 55
2 2 929
1 0 1370
0 2 1442
0 0 66
1 2 450
3 3 740
2 0 1671
2 1 64
1 1 1178
3 1 1480
0 1 1165
2 2 733
1 0 1457
3 2 171
0 2 1763
0 0 57
1 2 514
2 0 1424
2 1 61
1 1 1189
3 3 1325
1 0 1518
3 1 1558
0 1 1154
2 2 1058
0 2 1459
2 0 1457
1 2 568
0 0 83
2 1 70
1 1 806
3 0 585
1 0 1357
3 3 1386
0 1 1354
1 2 367
2 2 1249
2 0 1390
3 1 1588
0 2 1698
1 1 664
2 1 70
0 0 67
2 3 463
3 2 60
1 0 1233
0 1 472
3 0 717
1 1 767
1 2 809
2 0 1627
4 3 677
4 1 805
0 2 1948
2 1 72
0 0 73
1 0 1745
3 1 2087
5 2 492
3 2 74
0 3 592
4 0 2002
1 3 566
5 0 1436
2 2 1508
0 1 1482
1 2 1118
3 0 1111
5 1 1904
4 2 363
4 3 787
2 0 2302
0 0 68
2 1 63
5 2 511
1 0 2379
3 1 2643
3 2 70
5 0 1599
0 1 1466
2 2 1403
3 0 554
1 1 365
1 3 373
0 2 2386
4 0 3203
5 1 2619
2 0 2289
0 0 315
2 1 92
5 2 594
4 1 394
4 2 449
1 0 2287
0 1 1435
5 0 1348
2 2 1234
1 1 365
1 2 369
0 2 2360
5 1 2264
2 0 2226
0 0 179
4 0 1963
2 1 72
3 1 4286
3 2 75
5 2 692
4 2 873
4 1 924
0 1 1393
3 0 928
5 0 1378
2 2 1337
1 0 2369
1 2 625
1 1 626
0 2 2499
0 0 59
5 1 2522
2 0 2508
3 1 2441
2 1 75
3 2 79
5 2 477
5 3 480
0 1 891
4 0 3193
1 0 1923
5 0 1081
2 2 1082
0 2 1508
0 0 68
4 2 643
2 0 2073
1 1 1103
2 1 67
5 2 371
1 2 1691
3 0 2348
4 1 1592
0 1 1247
5 0 1058
2 2 904
3 1 2883
3 2 59
4 0 2291
3 3 617
0 2 2375
3 0 761
4 2 776
0 0 75
2 0 2354
5 1 2600
1 0 3675
4 1 941
2 1 201
0 1 1015
1 2 874
3 0 611
5 0 1033
3 3 687
2 3 1207
5 2 1238
1 3 1277
4 0 2615
0 2 2434
4 1 363
4 2 360
0 0 58
5 1 2608
1 0 2587
0 1 538
2 0 2738
3 1 2408
5 2 1224
5 0 1226
2 1 60
3 2 56
4 0 2614
0 2 2498
4 2 460
0 0 71
2 2 1090
5 1 2504
3 3 1183
4 3 1325
5 2 357
5 3 371
0 1 1097
4 0 1515
2 0 1962
3 1 1826
2 1 62
0 2 1409
5 0 807
0 0 76
3 2 68
2 2 1091
2 0 1150
4 2 639
4 1 662
2 1 71
5 3 675
5 2 771
0 1 1337
2 3 469
0 2 1484
3 3 1273
5 0 1101
0 0 66
4 0 1640
0 1 457
3 1 1832
2 0 1457
4 1 460
5 0 471
3 2 79
4 2 895
5 2 898
3 0 485
3 3 514
2 1 58
0 2 1504
0 0 64
5 1 1490
3 2 66
4 0 1707
2 2 915
4 1 472
5 2 637
0 1 1174
4 2 650
3 3 1178
5 0 1056
2 0 1953
2 1 57
3 1 1568
0 2 1932
0 0 61
2 2 562
4 0 1758
3 2 64
5 1 1954
0 1 695
5 0 607
3 0 945
4 2 776
5 2 778
2 0 1574
2 1 61
4 1 1016
5 3 995
2 2 368
4 0 1454
0 2 1855
3 1 1734
0 0 66
5 2 830
4 2 824
4 1 896
3 0 816
2 0 1591
5 0 1062
2 1 61
0 1 1188
3 3 1190
2 2 543
5 1 1983
4 0 1921
3 1 2151
0 2 2162
0 0 74
2 0 1642
4 1 487
2 1 170
3 2 68
5 2 885
4 2 881
5 0 1010
0 1 1085
2 2 1072
3 3 992
5 1 1636
4 0 1625
2 0 1557
4 2 462
2 1 75
5 0 516
3 1 1983
5 3 827
2 2 410
4 1 836
0 2 2669
0 0 167
3 2 71
5 1 1543
0 1 460
4 0 1652
2 0 1301
2 1 186
0 3 1103
3 0 1055
4 2 653
3 1 1497
5 2 673
0 0 89
2 2 905
3 2 73
5 0 870
4 1 1120
5 3 971
4 0 1275
0 1 595
2 0 1434
2 1 189
3 0 827
4 2 527
4 1 605
2 2 679
5 2 408
5 0 571
0 2 1853
3 1 1962
0 0 71
4 0 1592
3 2 59
2 0 1714
2 1 69
4 2 358
0 1 839
3 0 749
5 1 1955
4 1 648
3 3 1063
5 2 362
2 2 980
4 0 1411
3 2 62
5 0 657
0 2 1777
2 0 1527
0 0 76
2 1 80
4 2 464
3 0 672
4 1 687
0 1 633
2 2 619
5 1 1939
5 2 358
5 3 363
5 0 367
4 0 1817
2 0 1513
3 1 2009
0 2 1662
2 1 250
3 2 97
0 0 108
4 2 679
4 1 973
5 2 421
3 0 838
2 2 1045
0 1 1065
5 0 828
2 0 1585
2 1 57
4 0 1861
3 1 1902
2 2 450
3 2 72
0 2 2037
0 0 67
4 2 569
5 1 2123
4 1 827
3 0 836
0 1 589
5 2 452
5 0 585
2 0 1805
2 1 53
4 0 1771
2 2 357
3 1 2124
4 2 455
4 1 459
3 2 59
0 2 2077
5 1 2036
3 0 471
3 3 499
0 0 77
2 0 1518
2 1 67
5 2 459
4 0 1589
0 1 1143
3 0 617
5 0 1273
4 1 524
2 2 1314
3 3 1308
0 2 1911
2 0 1673
4 3 1287
0 0 64
5 1 2089
2 1 60
4 0 1670
3 1 2031
5 2 358
3 2 69
0 1 1214
4 2 359
3 0 370
2 2 1304
5 0 1210
4 3 754
2 0 1606
0 2 1882
2 1 58
5 1 1712
0 0 64
5 2 358
2 2 897
4 0 1953
3 1 1934
0 1 1005
5 0 1028
3 2 63
2 0 1594
3 0 476
2 1 61
4 2 440
0 2 1940
5 1 1813
0 0 159
4 3 791
5 2 356
5 3 373
2 2 1000
3 1 1714
3 2 58
0 1 1138
2 0 1531
5 0 1040
4 0 1850
2 1 67
0 2 1430
0 0 62
3 3 985
4 1 363
2 2 1189
3 1 1447
5 2 808
4 2 810
0 1 1202
5 0 1062
2 0 1635
3 2 80
2 1 91
3 0 372
2 2 363
0 2 1831
0 0 57
5 1 1985
4 0 1988
0 1 457
3 1 1705
5 2 800
4 2 796
5 0 811
4 3 816
3 2 62
2 0 1913
0 2 1574
2 1 66
3 0 583
3 3 589
0 0 64
2 3 570
0 1 441
4 0 1901
5 1 1920
3 2 61
5 2 454
3 3 744
2 0 1717
4 1 375
5 0 902
4 3 766
0 2 1899
2 1 59
0 0 81
3 1 1769
5 1 1689
0 3 380
4 0 1741
3 2 71
2 2 933
5 2 455
2 0 1178
3 0 374
0 1 1187
2 1 77
5 1 974
4 2 459
4 1 477
5 0 1416
3 3 1275
2 0 980
5 2 357
4 0 980
2 2 1018
2 1 70
3 2 61
5 0 1038
4 2 367
4 1 507
5 1 1211
2 2 1041
5 2 363
3 3 1050
5 0 662
2 0 1409
4 0 1632
3 1 1452
5 1 1142
4 1 511
4 3 548
5 2 384
3 0 400
4 0 927
5 0 883
3 3 866
5 1 1004
3 1 1020
4 0 557
5 0 390
3 2 62
4 2 725
4 1 839
5 2 596
3 1 429
5 3 799
3 0 749
4 3 488
4 2 502
4 0 556
3 2 73
5 2 385
3 0 796
3 3 856
4 0 376
5 3 833
5 0 855
4 1 840
4 3 860
3 2 70
3 1 396
3 3 572
5 3 526
4 0 416
5 2 739
3 2 71
4 2 628
5 0 967
3 1 377
4 3 868
3 3 745
5 0 492
5 2 641
5 3 664
4 0 490
4 2 636
4 1 669
4 1 364
5 0 370
4 0 621
4 2 630
5 1 751
5 2 751
4 1 370
5 0 369
4 0 637
4 2 624
5 2 619
5 1 643
4 1 524
5 2 356
4 3 745
4 0 775
5 0 577
5 1 590
4 2 355
4 0 366
4 1 364
