0 0 297
0 1 478
0 2 478
0 0 40
0 1 239
0 2 245
0 0 32
0 1 182
0 2 190
0 0 46
0 1 181
0 2 182
1 0 217
1 1 217
1 2 212
0 0 44
0 1 219
0 2 233
1 2 211
1 3 211
1 0 304
0 0 50
1 2 223
1 1 273
1 0 369
0 2 348
0 1 358
1 3 180
1 0 181
1 2 184
0 0 56
0 2 191
0 1 198
1 0 183
1 1 188
1 2 185
0 0 34
0 2 181
0 1 182
1 0 181
1 1 187
1 2 183
0 0 35
0 2 185
0 1 186
1 0 183
1 2 183
1 1 184
0 0 32
1 2 183
0 1 344
0 2 348
1 1 298
1 0 310
0 0 36
1 2 181
1 0 230
1 1 242
0 2 228
0 1 237
2 1 44
1 2 189
1 0 291
1 1 289
0 0 39
2 0 288
2 2 337
0 3 181
0 1 235
1 3 178
1 2 179
1 0 181
2 1 41
2 3 179
2 0 182
0 0 41
0 1 182
0 2 181
1 0 182
1 3 178
1 1 182
2 1 31
2 2 182
2 0 182
0 0 33
0 2 183
0 1 192
1 2 182
1 0 191
1 1 192
2 1 29
2 0 184
2 2 180
0 0 37
1 2 192
1 0 326
1 1 328
0 2 331
0 1 331
2 1 31
2 2 184
2 0 185
1 2 181
1 1 185
1 0 185
0 0 35
3 2 36
0 1 184
3 0 181
0 2 297
2 1 34
3 1 314
2 2 186
2 0 260
1 3 182
1 2 180
1 0 186
3 2 36
3 0 300
3 1 313
0 0 38
2 1 38
0 1 188
0 2 271
2 3 179
2 0 286
1 2 187
1 1 191
1 0 210
3 2 42
3 3 189
3 1 196
0 0 37
2 1 39
0 1 292
0 2 312
3 2 38
4 1 238
2 2 433
1 2 363
2 0 729
4 0 657
3 3 505
4 3 670
1 0 691
3 1 597
1 1 710
2 1 51
0 0 259
4 2 414
1 2 409
3 0 401
1 3 482
5 2 439
4 3 753
4 0 883
0 1 874
2 2 908
3 3 739
2 0 1006
2 1 36
5 0 818
0 2 1152
4 2 216
4 1 223
0 0 44
1 0 1068
2 2 433
5 1 1225
3 1 1407
0 1 483
5 2 191
1 2 217
3 2 48
5 0 395
1 1 346
3 0 215
2 0 1047
4 0 1096
2 1 37
2 2 349
4 2 184
4 1 191
0 2 1337
0 0 40
5 1 1220
0 1 186
1 0 1234
5 0 197
5 2 222
3 1 1225
2 0 1003
1 2 201
3 2 41
1 3 224
2 1 50
4 0 1123
3 0 332
2 2 191
4 2 183
4 1 186
0 2 1213
0 0 31
5 1 1207
0 1 183
1 0 1228
2 0 873
5 2 308
5 0 316
2 1 37
3 1 1275
3 2 45
2 2 206
4 0 1099
1 3 245
3 0 329
1 2 360
4 2 242
4 1 374
0 2 1139
0 0 34
2 0 906
5 1 1237
2 1 36
0 1 184
5 3 184
5 0 186
2 3 300
3 1 1165
4 0 984
5 2 362
3 2 39
1 0 1355
4 2 201
3 0 359
0 2 996
2 0 877
4 1 487
0 0 43
5 2 227
1 2 231
2 1 35
3 1 892
3 2 40
4 0 1043
1 1 736
5 0 729
3 0 309
0 1 776
4 2 185
2 2 718
1 0 1001
4 3 315
5 1 1122
0 2 1162
1 3 256
1 1 276
0 0 38
3 1 904
5 2 261
3 2 35
3 0 186
4 0 932
5 0 500
0 1 467
3 3 404
1 0 787
2 0 1843
5 1 925
0 2 914
4 1 234
4 2 253
2 1 90
5 2 243
0 0 33
1 2 347
3 0 344
4 0 760
5 0 810
1 1 753
2 2 868
4 2 179
4 1 185
0 1 747
3 3 969
5 1 1095
1 0 1075
2 0 1147
3 1 1075
2 1 44
3 2 41
5 2 335
4 0 718
5 3 356
2 3 420
5 0 528
1 2 465
1 1 524
4 2 179
3 3 430
4 1 198
0 2 1803
5 2 214
0 0 33
5 3 236
5 0 247
1 0 931
2 0 952
4 0 680
3 1 923
0 1 336
0 3 346
2 1 42
1 1 375
4 2 180
1 2 544
3 2 51
1 0 618
4 1 422
5 2 180
2 2 497
4 0 788
0 0 34
2 0 766
3 3 493
5 0 548
1 2 266
4 2 183
2 1 34
4 1 280
1 1 505
0 1 481
3 1 961
5 1 993
2 2 311
3 2 34
4 0 917
5 2 189
1 0 1176
5 0 332
3 0 272
4 2 210
3 3 392
0 2 1306
2 0 1121
0 0 47
4 1 408
2 1 36
1 1 447
1 2 465
3 2 36
4 0 870
0 1 571
5 1 1121
2 2 649
3 3 482
4 1 344
1 0 1112
4 2 358
5 0 289
5 2 314
5 3 309
0 2 1139
1 3 178
1 2 185
2 0 1124
0 0 31
4 0 815
2 1 33
3 1 1067
4 1 223
0 1 516
3 2 37
5 2 368
2 2 444
4 2 390
3 0 186
5 0 540
1 0 1068
0 2 1094
5 1 883
2 0 1113
4 0 1066
0 0 47
1 2 359
2 1 73
1 3 435
4 1 191
5 2 425
4 2 345
0 1 551
3 1 1348
5 0 558
2 2 528
3 3 182
3 0 186
0 2 798
1 0 1071
2 0 1053
0 0 43
2 1 42
1 2 193
5 1 1373
4 0 1288
0 1 505
4 2 180
3 1 1096
1 1 618
2 2 624
5 3 360
4 1 365
5 0 423
3 2 32
0 2 972
3 3 185
2 0 1095
0 0 33
1 0 1148
2 1 33
1 2 186
5 1 1098
4 0 1204
0 1 446
2 2 517
1 1 524
5 0 221
4 2 292
4 1 306
5 2 294
5 3 306
3 1 1218
0 2 881
1 0 858
2 0 924
0 0 92
2 1 44
3 2 38
4 0 934
1 3 285
1 2 512
0 1 613
5 2 446
3 0 522
2 2 597
5 0 539
4 2 264
4 1 299
1 0 883
0 2 1085
2 0 1060
0 0 36
2 1 32
1 3 213
1 2 226
3 1 1284
0 1 352
3 2 31
4 0 1042
5 1 1321
2 2 325
3 0 372
5 0 184
4 1 376
4 2 452
5 2 339
1 0 1131
0 2 1118
2 0 1082
0 0 96
2 1 37
3 1 1112
1 2 187
3 2 33
4 0 1148
5 1 1020
0 1 697
3 0 402
2 2 705
0 2 857
2 0 891
4 2 357
5 2 357
1 1 801
4 1 415
5 3 414
1 0 863
3 3 718
2 1 78
0 0 37
5 0 585
4 0 612
1 3 320
3 2 33
1 2 404
5 2 182
2 2 706
4 1 538
0 1 668
3 0 372
4 3 551
5 0 440
1 0 971
2 0 1040
0 2 990
2 1 35
0 0 32
4 0 1065
2 2 423
1 3 187
1 2 212
0 1 451
5 1 1134
3 1 1308
3 2 41
4 2 293
4 3 359
3 0 188
5 2 289
5 0 333
2 0 995
2 1 33
0 2 1072
0 0 32
2 2 226
1 0 1061
0 1 224
4 0 1170
5 1 1143
3 1 1138
1 2 234
3 2 38
2 0 943
1 1 357
3 0 198
5 2 309
2 1 33
4 2 275
0 2 1013
5 0 519
0 0 35
4 3 628
0 3 183
2 2 582
0 1 300
1 0 1099
5 1 1115
2 0 838
3 1 1065
4 0 1136
1 2 249
3 2 50
2 1 49
1 1 323
5 2 238
3 0 222
1 0 724
4 2 181
4 1 188
5 0 704
3 3 654
2 2 646
2 0 658
5 1 750
4 0 453
5 2 226
2 1 41
3 0 200
5 0 364
4 2 195
5 1 461
3 1 543
3 3 548
4 3 539
2 2 650
4 0 722
2 0 672
3 2 38
5 2 188
5 0 192
5 3 298
2 1 36
4 3 255
3 1 373
3 0 426
4 1 352
2 2 260
4 0 583
2 0 485
5 2 178
5 0 188
5 1 291
3 2 35
4 2 178
3 0 297
3 1 309
4 1 301
4 0 311
2 1 36
5 2 180
2 2 364
5 0 365
2 0 368
5 1 369
3 2 42
4 2 227
4 1 237
3 3 193
4 0 398
3 1 340
5 0 296
5 2 298
2 1 39
5 1 337
3 2 37
4 1 220
2 2 363
4 3 355
3 0 217
2 0 464
4 0 524
3 1 518
5 0 199
5 2 202
5 1 315
2 1 35
4 1 224
4 2 251
3 2 38
4 0 353
2 3 214
3 0 185
3 3 183
2 0 276
5 0 249
5 2 249
5 1 271
4 2 199
4 3 198
4 0 207
3 2 34
2 1 30
5 2 181
3 1 508
3 3 509
4 1 219
2 2 585
2 0 598
5 1 587
5 0 606
4 0 491
4 3 505
3 2 30
3 0 231
2 1 41
3 3 379
5 2 308
4 2 261
5 1 467
5 0 578
2 0 479
4 0 458
2 2 538
4 3 519
3 2 43
5 2 202
3 1 219
5 3 218
2 1 38
4 2 240
4 1 262
5 0 437
3 3 441
4 0 332
2 2 248
2 0 261
5 2 350
3 1 339
4 2 306
5 0 427
3 3 381
4 0 336
5 3 536
3 0 511
4 1 491
3 2 46
5 0 196
4 0 365
4 2 370
5 2 373
3 1 358
4 1 535
5 3 557
3 0 540
4 0 224
3 2 38
5 2 211
4 3 392
4 1 416
5 0 459
5 3 464
3 3 379
3 0 397
4 1 219
4 2 291
4 0 303
3 2 34
5 0 211
5 2 267
3 3 208
5 1 371
3 1 291
5 2 179
5 0 180
5 1 181
3 2 31
3 1 182
3 3 183
5 0 199
5 1 199
5 2 179
