0 0 331
0 1 440
0 2 439
0 0 56
0 2 171
0 1 172
0 0 30
0 1 152
0 2 150
0 0 36
0 2 160
0 1 159
0 0 46
0 1 161
0 2 156
0 0 40
0 2 150
0 1 157
0 0 32
0 1 148
0 2 149
1 1 156
1 0 157
1 2 168
0 0 57
0 1 167
1 2 169
1 3 170
0 2 210
1 0 313
1 2 151
1 0 150
1 1 152
0 0 59
0 1 173
0 2 156
1 3 146
1 2 153
1 0 153
0 0 29
0 1 148
0 2 146
1 1 147
1 0 150
1 2 150
2 1 30
2 2 146
2 0 148
0 0 28
0 2 145
0 1 146
1 0 147
1 1 147
1 2 150
2 1 36
2 3 144
2 0 146
0 0 39
0 3 168
0 1 173
1 0 150
1 2 239
1 1 245
2 1 26
2 2 145
2 0 148
0 0 29
1 2 151
1 1 243
1 0 246
0 1 247
3 2 29
0 2 266
3 0 147
3 1 164
2 1 26
2 2 145
2 0 147
3 2 29
0 0 33
1 1 166
1 0 213
1 2 219
0 1 164
3 0 219
3 1 247
0 2 310
2 1 25
2 2 144
2 0 147
1 1 146
1 0 145
1 2 180
3 2 31
3 3 177
3 1 181
0 0 27
0 1 146
0 2 146
2 1 25
2 2 145
2 0 150
3 2 31
1 2 150
1 3 150
3 3 148
1 0 230
3 1 228
0 0 31
2 1 37
0 1 151
2 3 165
0 2 252
3 0 150
1 3 235
3 3 293
1 1 296
2 0 439
3 1 445
1 0 444
3 2 27
0 0 34
2 1 33
3 0 282
1 2 246
3 1 403
0 1 351
1 1 357
2 2 415
0 2 521
1 0 529
2 0 513
3 2 29
3 0 146
3 1 147
1 2 145
2 1 27
1 0 166
1 1 173
0 0 28
2 2 293
2 0 296
0 2 274
0 1 275
3 2 27
3 1 145
3 0 147
1 2 226
1 0 235
2 1 29
1 1 247
2 0 168
2 2 178
0 0 29
0 2 145
0 1 156
3 2 26
3 0 145
3 1 148
1 2 144
1 3 143
1 0 148
2 1 31
4 1 144
3 2 83
0 0 28
4 3 333
2 2 341
2 0 357
4 0 388
3 0 192
0 1 172
3 1 394
0 2 328
1 2 151
1 1 195
1 0 206
4 2 145
4 3 191
4 0 196
2 1 29
3 2 27
2 0 151
3 0 146
2 2 236
3 3 236
0 0 151
4 2 249
0 1 360
4 1 365
1 1 255
1 2 264
0 2 479
4 0 531
1 0 433
3 0 149
2 1 30
3 3 166
2 2 167
3 1 342
4 2 145
4 1 150
2 0 319
4 0 244
0 0 33
1 3 145
1 2 151
0 1 149
1 0 237
3 2 28
0 2 276
3 3 183
3 1 269
2 1 29
4 1 149
4 2 175
4 0 267
2 3 178
2 0 228
1 1 146
1 2 146
1 0 149
3 2 27
0 0 30
4 2 144
4 1 153
3 3 206
0 1 207
3 1 386
4 0 432
2 1 32
5 2 147
0 2 469
5 0 246
2 2 246
5 1 360
2 0 357
3 2 33
3 3 157
1 3 287
4 2 290
1 2 328
1 0 334
4 1 332
4 0 332
3 0 502
0 0 33
5 2 158
2 1 40
4 2 166
5 0 410
3 2 44
0 1 438
5 1 487
1 2 163
1 3 153
0 2 563
4 3 472
5 2 152
3 3 439
4 0 717
2 0 716
2 2 726
5 0 295
1 0 710
3 1 702
5 1 553
0 0 58
2 1 58
4 1 229
4 2 252
3 2 43
0 1 260
2 3 246
5 2 147
3 0 296
1 2 294
1 1 302
5 0 252
4 0 738
2 0 778
4 2 146
4 1 151
0 2 816
3 1 881
1 0 910
2 1 32
0 0 34
5 1 914
3 0 227
1 3 259
4 0 761
5 3 195
5 2 227
4 1 155
4 2 149
2 2 627
3 3 676
0 1 710
1 1 692
2 0 773
5 0 619
3 1 795
0 2 776
1 0 767
4 0 483
2 1 43
3 2 51
0 0 34
5 2 332
4 2 221
1 2 473
4 1 410
0 3 404
5 1 652
5 0 735
2 0 758
3 3 764
2 2 777
3 1 781
1 0 776
1 1 788
0 1 665
4 0 676
5 2 195
2 1 100
3 2 102
5 0 386
4 2 219
5 1 466
0 0 33
1 1 416
2 2 414
4 1 454
1 2 465
3 0 465
0 1 248
5 0 153
5 2 152
1 0 750
4 0 797
2 0 834
3 1 839
0 2 755
4 2 276
2 1 49
3 2 42
4 1 372
1 1 284
2 2 292
1 2 336
3 0 320
5 1 891
0 0 28
4 0 825
5 2 147
5 3 168
0 1 276
5 0 245
2 0 757
1 0 788
4 2 149
3 1 783
4 1 163
3 2 88
2 1 26
0 2 677
1 2 322
1 1 359
3 0 320
4 0 553
3 3 361
1 0 470
2 0 344
2 2 479
5 2 273
5 3 293
0 0 33
5 0 405
4 1 170
4 2 168
3 2 40
0 1 217
4 0 313
1 1 187
0 2 404
3 0 302
1 2 291
2 1 30
5 2 218
3 1 538
4 1 150
1 0 528
5 0 289
4 2 216
2 2 292
5 1 497
2 0 562
4 0 515
3 2 26
0 0 31
0 1 149
3 0 272
1 3 205
5 0 194
1 2 334
2 1 30
4 1 216
3 1 481
5 2 325
4 2 274
2 2 149
0 2 609
1 0 636
3 2 27
5 1 701
4 0 669
3 0 147
2 0 650
0 0 31
5 0 214
3 1 573
0 1 218
4 2 412
5 2 414
2 1 29
4 1 451
5 3 463
1 2 463
1 3 473
4 0 560
2 2 162
3 2 31
0 2 533
1 0 618
3 3 161
4 2 197
3 0 282
2 0 454
4 1 286
5 2 148
5 0 193
4 0 403
1 2 151
1 1 192
5 1 341
1 0 284
0 0 27
2 1 32
0 1 210
0 2 245
4 2 144
4 1 275
3 0 274
2 2 347
5 2 252
3 3 459
1 2 149
4 0 652
5 0 443
2 0 686
1 1 240
3 1 721
4 1 145
4 2 145
5 1 612
3 2 23
0 0 35
2 1 29
1 0 590
3 0 242
5 3 212
4 0 540
0 1 460
5 0 470
2 2 468
3 1 601
1 3 185
4 3 165
1 2 330
4 1 292
3 2 24
2 0 791
5 1 812
0 2 814
3 0 151
1 0 598
4 0 622
2 1 45
0 0 41
5 2 196
5 3 205
3 1 512
5 0 453
4 2 291
1 2 150
3 2 28
1 3 198
2 0 579
2 2 591
0 1 586
0 2 625
4 3 539
5 2 147
3 3 355
4 0 715
1 0 573
5 0 276
2 1 29
3 1 607
5 1 547
0 0 54
2 2 278
4 2 201
1 2 162
3 2 27
3 0 164
4 3 473
2 0 617
5 2 144
0 1 479
1 1 487
5 0 312
4 0 735
2 1 26
1 0 793
0 2 830
3 1 752
2 2 150
3 2 32
5 1 827
0 0 46
4 2 248
4 1 319
1 3 302
5 2 198
2 0 557
3 3 326
1 2 446
0 1 372
3 0 427
1 0 534
5 0 343
5 3 355
4 0 625
0 2 459
4 2 147
4 3 149
4 0 151
2 1 26
3 2 148
1 2 152
0 0 28
2 2 447
5 2 284
1 3 281
2 0 479
3 3 590
5 0 506
4 1 148
0 1 429
3 1 803
4 3 283
1 0 719
5 1 726
3 2 87
2 1 38
0 2 698
4 0 543
5 2 197
3 0 305
5 0 405
1 2 304
4 2 145
5 1 545
4 1 204
3 3 721
2 0 679
0 0 35
2 2 692
1 0 733
1 1 734
5 2 160
3 2 28
4 0 678
2 1 31
5 0 436
4 2 147
1 2 288
4 1 289
3 3 534
0 1 698
5 1 768
0 2 773
1 1 485
2 2 486
0 0 30
3 1 836
1 0 702
5 2 200
5 0 242
4 0 783
0 3 146
2 0 803
0 1 199
5 1 457
2 1 29
4 1 329
3 0 352
3 3 385
4 3 391
3 1 481
4 0 495
2 2 365
5 2 145
2 0 421
5 0 221
5 1 261
3 2 28
4 2 143
4 1 197
4 0 203
3 0 199
3 1 205
2 1 25
2 0 149
5 2 146
5 3 148
2 2 255
5 0 385
3 2 31
4 0 162
4 2 157
4 3 209
3 0 150
3 3 194
5 0 151
5 1 148
5 2 149
2 1 30
4 1 151
4 0 275
4 3 280
2 0 275
2 2 278
3 2 71
3 3 185
3 1 187
5 2 151
5 0 167
5 1 171
4 2 156
4 3 170
4 0 171
2 1 26
2 0 147
2 3 146
3 2 25
3 3 146
3 1 149
5 0 186
5 2 241
5 1 255
4 1 155
4 2 209
4 0 221
2 1 27
2 2 188
2 0 237
4 1 178
5 0 218
5 2 286
4 2 288
5 1 343
4 0 339
4 1 151
2 1 32
5 0 179
4 2 244
5 2 246
4 0 296
2 2 175
5 1 341
2 0 276
4 1 150
4 0 214
5 2 147
4 3 231
5 1 220
5 0 230
2 1 24
2 0 146
2 2 143
4 1 169
4 2 179
4 0 186
5 0 149
5 2 160
5 1 167
5 2 144
5 0 147
5 3 144
5 2 144
5 3 145
5 0 147
5 2 143
5 3 146
5 0 147
5 2 143
5 0 145
5 3 148
5 0 148
5 2 143
5 1 146
5 2 144
5 1 145
5 0 146
5 2 145
5 0 146
5 1 147
