0 0 312
0 2 571
0 1 579
0 0 45
0 2 253
0 1 264
0 0 48
0 2 254
0 1 257
1 0 266
1 1 264
1 2 276
0 0 48
0 2 266
0 1 275
2 1 78
2 0 312
2 2 309
1 2 305
1 3 316
1 0 320
0 0 50
2 1 45
0 1 257
0 2 377
2 3 274
1 2 301
1 1 304
2 0 496
1 0 497
0 0 354
2 1 242
1 3 277
1 2 276
0 1 779
2 2 654
0 2 985
2 0 927
1 0 787
0 0 104
2 1 67
1 2 256
0 1 659
2 2 634
0 2 743
2 0 754
1 0 565
1 1 560
2 1 128
0 0 130
1 2 251
2 0 811
0 2 718
0 1 805
2 2 822
1 0 708
1 1 712
2 1 49
0 0 55
1 2 347
2 2 663
2 0 678
1 0 750
1 1 760
0 2 648
0 1 663
2 1 58
0 0 52
2 3 250
1 2 267
1 1 350
0 1 345
2 0 658
1 0 762
0 2 670
2 1 46
1 2 257
1 1 443
1 0 450
0 0 45
2 2 553
2 0 563
0 2 386
0 1 384
2 1 60
3 2 67
1 2 406
1 1 436
1 0 498
0 0 44
2 2 373
3 0 393
0 1 317
0 3 434
2 0 693
3 1 693
2 1 75
3 2 103
1 3 274
1 2 400
1 0 448
2 2 390
3 0 494
0 0 47
2 0 774
0 1 349
3 1 893
1 3 253
3 2 43
2 1 45
1 1 561
0 2 789
3 3 639
2 2 502
0 0 44
1 0 1133
0 1 263
3 1 970
2 0 800
2 1 223
0 2 754
3 2 48
1 2 272
2 2 751
0 0 46
2 0 899
1 1 717
2 1 43
3 3 737
1 0 876
3 1 973
1 2 403
0 1 828
0 2 998
3 0 262
2 2 855
0 0 49
2 0 909
1 1 968
1 0 977
2 1 46
2 3 256
3 3 822
1 2 256
0 1 751
1 1 493
0 2 917
2 0 818
1 0 807
0 0 52
3 1 1466
0 1 493
2 1 49
1 3 349
1 2 362
3 2 46
2 2 259
0 2 834
3 0 257
1 0 859
0 0 46
2 0 866
2 1 84
3 1 904
0 1 360
3 2 47
1 2 401
2 2 527
3 0 399
1 1 528
0 2 947
0 0 43
2 0 995
2 1 40
1 0 1078
0 1 255
3 1 1004
3 2 65
2 3 296
1 1 260
1 2 475
3 0 470
0 2 1187
2 0 1057
0 0 63
1 0 1074
3 1 1061
3 2 67
2 1 54
4 1 528
1 3 424
4 3 806
1 2 613
0 1 782
3 0 539
2 2 511
4 0 1222
1 0 1212
0 2 1411
0 0 187
3 1 1340
2 0 1337
3 2 67
2 1 57
4 2 365
0 1 900
3 0 529
1 2 641
4 3 889
1 1 956
2 2 828
0 2 1266
0 0 49
4 0 1394
0 1 256
1 0 1420
3 1 1338
2 0 1347
3 2 197
2 1 193
1 3 492
0 2 991
4 2 394
3 3 628
1 2 765
2 2 632
0 0 49
3 0 800
4 1 666
1 0 994
0 1 315
2 0 1143
4 0 1158
2 1 100
3 3 571
0 2 1091
1 3 460
2 2 464
0 0 54
4 2 426
3 0 753
1 2 709
4 1 639
0 1 260
1 0 1251
3 1 1459
2 0 1439
4 0 1398
0 2 1041
2 1 187
0 0 68
3 2 53
4 2 523
4 1 628
1 2 416
2 2 930
2 0 1105
0 1 951
2 1 44
1 1 943
4 0 1190
3 3 957
0 2 1641
4 1 285
1 0 1523
2 2 687
0 0 53
5 2 707
3 1 1678
5 0 784
4 2 615
1 3 419
3 2 59
2 0 1381
2 1 44
0 1 864
1 1 791
5 1 1504
5 2 378
4 0 1770
3 3 864
2 2 795
5 0 630
0 2 1740
4 2 251
4 1 257
0 0 51
2 0 1252
0 1 260
0 3 263
2 1 46
1 0 2126
3 1 1773
5 1 1370
2 2 376
4 0 1367
0 0 176
5 2 499
3 2 58
5 0 691
2 0 1111
4 2 383
1 2 632
2 1 50
3 0 403
5 1 1158
1 1 1361
5 2 251
1 0 1524
0 1 1513
4 3 1514
2 0 1089
2 2 1098
0 2 1572
3 3 1403
4 0 1724
1 2 558
0 0 206
2 1 75
5 1 1179
3 2 48
5 0 1508
4 2 297
4 1 318
5 2 294
5 3 307
1 0 1481
1 1 1553
2 2 1214
0 1 1409
0 2 1521
2 0 1413
3 1 1107
1 2 255
0 0 88
2 1 45
3 3 1304
4 0 1328
5 0 1179
4 2 403
3 2 56
4 1 470
1 1 1073
0 1 1122
3 0 500
5 2 427
2 2 1106
0 2 1258
1 0 1552
0 0 48
5 0 670
1 2 260
2 0 1576
4 0 1551
2 1 45
0 1 666
1 1 671
4 2 250
4 1 259
2 2 394
5 1 1730
1 0 1281
5 2 248
3 1 2255
1 2 313
0 2 1699
5 0 454
0 0 38
3 0 270
4 0 1476
2 0 1766
1 1 876
2 1 45
4 2 257
4 1 256
3 3 847
0 1 811
1 0 1296
2 2 542
5 1 1760
1 3 253
1 2 255
5 2 250
5 0 256
0 2 1730
3 1 1988
0 0 49
4 0 1592
0 1 253
2 0 1643
3 2 59
1 0 1189
2 1 59
4 1 297
4 2 298
3 3 559
2 2 565
1 3 251
1 2 260
5 1 1594
5 2 253
5 3 257
5 0 262
4 0 1375
3 1 1362
2 0 1546
0 2 1970
1 0 1351
4 2 467
4 1 513
2 1 259
3 2 118
0 0 103
5 2 447
5 3 762
4 0 1031
5 0 840
3 0 653
2 2 951
0 1 964
4 2 400
1 2 697
3 1 1076
1 1 826
3 2 45
4 1 574
5 2 249
5 0 312
2 0 1544
3 0 294
2 1 49
2 2 257
4 0 1250
4 2 251
4 1 252
0 2 2230
3 1 1337
0 0 46
1 0 2223
3 2 50
5 1 1573
3 0 533
5 2 253
4 0 1182
2 0 1583
0 1 708
1 2 527
2 1 48
4 2 300
4 1 303
3 3 1003
1 1 1138
5 0 989
3 2 40
2 2 631
0 2 1480
1 0 1516
0 0 48
3 0 404
0 1 265
2 0 1179
1 3 250
1 2 260
5 1 1791
2 1 48
4 0 1606
5 2 329
5 3 347
2 2 501
5 0 507
3 1 1377
4 2 331
4 1 356
3 2 47
0 2 1263
3 0 384
0 0 48
5 2 249
1 0 1760
5 0 471
0 1 464
4 0 1487
3 1 1303
1 3 341
2 0 2032
1 2 374
3 2 219
2 1 46
5 1 1351
4 2 507
4 1 680
0 2 1517
3 0 584
5 2 365
0 0 50
2 2 511
5 0 640
0 1 408
3 1 1328
4 0 1600
3 2 52
5 1 1394
3 3 381
1 0 2137
4 2 252
3 0 588
0 2 1262
0 0 69
5 0 363
2 0 1947
4 1 639
2 1 61
5 3 829
2 3 262
1 2 746
0 1 831
4 0 1376
1 1 823
3 0 472
3 3 665
5 1 1547
4 1 260
4 2 250
0 2 1395
0 0 51
1 0 1717
3 1 1461
0 1 628
2 0 1799
5 2 407
4 0 1129
5 0 448
0 3 873
1 3 522
3 2 75
1 0 854
2 1 54
4 2 372
5 3 1030
1 2 1058
2 2 266
3 0 850
4 1 863
3 1 951
5 0 268
5 2 442
3 2 62
4 0 1232
2 0 1033
1 3 435
2 1 54
1 2 689
4 3 406
3 0 625
2 2 409
4 1 556
5 1 1409
1 0 1458
2 0 1151
3 1 1414
4 0 1291
5 2 298
5 0 319
2 1 123
3 2 62
1 2 387
4 2 250
5 1 1108
2 2 985
1 1 1011
3 3 1048
1 0 1079
5 2 249
5 3 260
2 0 1221
3 1 1324
4 0 1027
4 3 1025
1 2 258
1 0 368
5 0 729
3 2 60
1 1 634
3 0 297
4 2 310
4 3 346
3 1 544
5 2 258
5 0 319
3 2 50
4 0 623
5 1 495
3 0 264
3 3 262
4 1 290
5 0 275
3 2 46
5 2 543
4 2 549
4 0 635
3 3 259
5 1 645
3 1 631
4 2 472
4 3 492
5 2 475
5 0 488
4 0 631
3 2 47
5 1 600
3 0 373
3 3 383
5 2 261
4 1 261
5 1 520
5 0 522
3 2 42
4 3 549
4 0 554
5 2 258
3 3 542
3 1 576
5 0 494
5 1 593
4 1 255
4 2 256
4 0 482
3 1 365
5 2 332
3 3 528
5 0 491
4 0 300
3 0 604
4 2 335
5 3 626
4 1 671
3 2 48
5 2 256
4 3 463
3 0 537
4 1 535
5 0 423
3 1 725
4 0 742
5 1 652
3 2 102
3 0 403
5 2 392
5 1 416
3 3 536
5 0 479
4 1 336
4 2 503
4 0 518
3 2 44
5 2 400
5 0 513
4 2 358
5 1 549
3 3 629
4 0 646
4 3 634
3 1 656
5 2 306
5 0 346
5 1 357
3 2 48
4 1 261
4 3 586
4 0 606
3 1 630
3 3 620
5 2 249
5 0 367
5 1 369
4 0 269
4 2 273
4 3 284
5 1 269
5 2 270
5 0 281
4 0 253
4 2 249
4 1 253
5 2 249
5 1 258
5 0 259
4 2 292
4 1 291
4 0 293
5 2 253
5 0 257
5 3 255
4 2 256
4 0 256
4 1 261
5 2 250
5 0 254
5 3 268
4 0 258
4 3 264
4 1 269
5 0 255
5 2 295
5 3 292
4 0 288
4 2 326
4 1 332
5 2 252
5 3 254
5 0 259
5 2 251
5 0 261
5 1 257
5 2 249
5 0 253
5 1 254
5 0 277
5 2 271
5 1 277
